1	1196032 1372160 2416640 2670592 4935680
2	1089536 1286144 2359296 164802560 263528448
3	1019904 1245184 4018176 284491776 287182848
4	1019904 1220608 4542464 285949952 288018432
5	1019904 1122304 5066752 285904896 287838208
6	1011712 1019904 5603328 286154752 288276480
7	1011712 1126400 6258688 286240768 288124928
8	1069056 1196032 6782976 286040064 288276480
9	1069056 1425408 7307264 286167040 288149504
10	1056768 1777664 7929856 286203904 288276480
11	1069056 1777664 8454144 286109696 288276480
12	1069056 1781760 8978432 286076928 288165888
13	1069056 1781760 9633792 286076928 288157696
14	1089536 1781760 10158080 286109696 288292864
15	1089536 1781760 10682368 285986816 288284672
16	1089536 1785856 11337728 286109696 288284672
17	1089536 1785856 11862016 286060544 288411648
18	1089536 1785856 12386304 286187520 288288768
19	1089536 1785856 13041664 286326784 288411648
20	1089536 1785856 13565952 286117888 288284672
21	1089536 1785856 14090240 286220288 288411648
22	1089536 1785856 14614528 286142464 288284672
23	1089536 1785856 15138816 286191616 288538624
24	1089536 1785856 15663104 286220288 288415744
25	1089536 1785856 16318464 286191616 288403456
26	1089536 1785856 16842752 286109696 288415744
27	1089536 1785856 17367040 286105600 288403456
28	1089536 1785856 17891328 286134272 288522240
29	1089536 1785856 18415616 286261248 288657408
30	1089536 1785856 18939904 286216192 288415744
31	1089536 1785856 19464192 286228480 288288768
32	1089536 1785856 19988480 286097408 288522240
33	1089536 1785856 20643840 286154752 288407552
34	1089536 1785856 21168128 286187520 288407552
35	1089536 1785856 21692416 286277632 288407552
36	1089536 1785856 22216704 286150656 288460800
37	1089536 1785856 22740992 286220288 288407552
38	1089536 1785856 23265280 286158848 288407552
39	1089536 1785856 23920640 286154752 288407552
40	1089536 1785856 24444928 286158848 288530432
41	1089536 1785856 24969216 286281728 288272384
42	1089536 1785856 25493504 286158848 288526336
43	1089536 1785856 26148864 286216192 288399360
44	1089536 1785856 26673152 286236672 288518144
45	1089536 1785856 27197440 286236672 288399360
46	1089536 1785856 27852800 286236672 288518144
47	1089536 1785856 28377088 286351360 288526336
48	1089536 1785856 28901376 286359552 288837632
49	1089536 1785856 29425664 286248960 288727040
50	1089536 1785856 30081024 286375936 288727040
51	1089536 1785856 30605312 286126080 288600064
52	1089536 1785856 31129600 286253056 288714752
53	1089536 1785856 31653888 286380032 288727040
54	1089536 1785856 32178176 286257152 288731136
55	1089536 1785856 32702464 286392320 288731136
56	1089536 1785856 33357824 286265344 288460800
57	1089536 1785856 33882112 286527488 288620544
58	1089536 1785856 34406400 286302208 288612352
59	1089536 1785856 35061760 286306304 288620544
60	1089536 1785856 35586048 286572544 288620544
61	1089536 1785856 36110336 286330880 288616448
62	1089536 1785856 36634624 286330880 288616448
63	1089536 1785856 37289984 286457856 288616448
64	1089536 1785856 37814272 286666752 288739328
65	1089536 1785856 38338560 286597120 288505856
66	1089536 1785856 38862848 286466048 288866304
67	1089536 1785856 39518208 286621696 288595968
68	1089536 1785856 39911424 286367744 288505856
69	1089536 1785856 40566784 286490624 288616448
70	1089536 1785856 41091072 286494720 288489472
71	1089536 1785856 41615360 286367744 288616448
72	1089536 1785856 42270720 286621696 288616448
73	1089536 1785856 42795008 286617600 288620544
74	1089536 1785856 43450368 286568448 288620544
75	1089536 1785856 43974656 286830592 288620544
76	1089536 1785856 44498944 286707712 288903168
77	1089536 1785856 45154304 286453760 288653312
78	1089536 1785856 45678592 286580736 288653312
79	1089536 1785856 46202880 286453760 288907264
80	1089536 1785856 46858240 286580736 288780288
81	1089536 1785856 47382528 286453760 288616448
82	1089536 1785856 47906816 286576640 288776192
83	1089536 1785856 48562176 286580736 288526336
84	1089536 1785856 49086464 286457856 288661504
85	1089536 1785856 49610752 286457856 288792576
86	1089536 1785856 50266112 286584832 288661504
87	1089536 1785856 50790400 286474240 288800768
88	1089536 1785856 51314688 286728192 288673792
89	1089536 1785856 51970048 286601216 288927744
90	1089536 1785856 52494336 286601216 288796672
91	1089536 1785856 53018624 286855168 288677888
92	1089536 1785856 53673984 286732288 288677888
93	1089536 1785856 54198272 286605312 288550912
94	1089536 1785856 54722560 286597120 288595968
95	1089536 1785856 55246848 286720000 288604160
96	1089536 1785856 55902208 286601216 288550912
97	1089536 1785856 56557568 286605312 288681984
98	1089536 1785856 57212928 286728192 288808960
99	1089536 1785856 57737216 286732288 288677888
100	1089536 1785856 58261504 286609408 288669696
101	1089536 1785856 58916864 286613504 288681984
102	1089536 1785856 59572224 286617600 288677888
103	1089536 1785856 60096512 286490624 288927744
104	1089536 1785856 60489728 286740480 288661504
105	1089536 1785856 61014016 286765056 288661504
106	1089536 1785856 61669376 286892032 288788480
107	1089536 1785856 62193664 287014912 288542720
108	1089536 1785856 62717952 286765056 288669696
109	1089536 1785856 63242240 287014912 288657408
110	1089536 1785856 63766528 286765056 288542720
111	1089536 1785856 64421888 286760960 288669696
112	1089536 1785856 64946176 286765056 288792576
113	1089536 1785856 65601536 286765056 288919552
114	1089536 1785856 66125824 286765056 288923648
115	1089536 1785856 66650112 286883840 288792576
116	1089536 1785856 67174400 286887936 288796672
117	1089536 1785856 67829760 286765056 288923648
118	1089536 1785856 68354048 286638080 288923648
119	1089536 1785856 68878336 287019008 288923648
120	1089536 1785856 69402624 286892032 289046528
121	1089536 1785856 69926912 287019008 288796672
122	1089536 1785856 70582272 287019008 288923648
123	1089536 1785856 71106560 286892032 288923648
124	1089536 1785856 71630848 287014912 288907264
125	1089536 1785856 72155136 286883840 288907264
126	1089536 1785856 72679424 286892032 288890880
127	1089536 1785856 73203712 286887936 288894976
128	1089536 1785856 73728000 286765056 289021952
129	1089536 1785856 74252288 287014912 288894976
130	1089536 1785856 74776576 286765056 288894976
131	1089536 1785856 75431936 286765056 288894976
132	1089536 1785856 75956224 286892032 288894976
133	1089536 1785856 76480512 286892032 288768000
134	1089536 1785856 77004800 286883840 289021952
135	1089536 1785856 77660160 286892032 288894976
136	1089536 1785856 78184448 286892032 288768000
137	1089536 1785856 78708736 286892032 288886784
138	1089536 1785856 79364096 286892032 288894976
139	1089536 1785856 79888384 286867456 288894976
140	1089536 1785856 80412672 286867456 288882688
141	1089536 1785856 81068032 286867456 288894976
142	1089536 1785856 81592320 286867456 288768000
143	1089536 1785856 82116608 286994432 288763904
144	1089536 1785856 82771968 286867456 288763904
145	1089536 1785856 83296256 286867456 288763904
146	1089536 1785856 83820544 286887936 288636928
147	1089536 1785856 84475904 287141888 288763904
148	1089536 1785856 85000192 287014912 288763904
149	1089536 1785856 85524480 287141888 288636928
150	1089536 1785856 86048768 287010816 288763904
151	1089536 1785856 86704128 287010816 288636928
152	1089536 1785856 87228416 286760960 288886784
153	1089536 1785856 87752704 286875648 288890880
154	1089536 1785856 88276992 286760960 288759808
155	1089536 1785856 88932352 286883840 288636928
156	1089536 1785856 89456640 286887936 288759808
157	1089536 1785856 89980928 286760960 288636928
158	1089536 1785856 90505216 286760960 288763904
159	1089536 1785856 91160576 286883840 288755712
160	1089536 1785856 91684864 286883840 288886784
161	1089536 1785856 92340224 286883840 288636928
162	1089536 1785856 92995584 286756864 288755712
163	1089536 1785856 93519872 286994432 288681984
164	1089536 1785856 94175232 286879744 288808960
165	1089536 1785856 94830592 286629888 288792576
166	1089536 1785856 95354880 287133696 288817152
167	1089536 1785856 95879168 287125504 288817152
168	1089536 1785856 96403456 287002624 288813056
169	1089536 1785856 97058816 286867456 288935936
170	1089536 1785856 97714176 286756864 288808960
171	1089536 1785856 98369536 286756864 288935936
172	1089536 1785856 98893824 286638080 288935936
173	1089536 1785856 99549184 286633984 288808960
174	1089536 1785856 100073472 286760960 288935936
175	1089536 1785856 100728832 286633984 288808960
176	1089536 1785856 101253120 286760960 288935936
177	1089536 1785856 101908480 286879744 288808960
178	1089536 1785856 102432768 286760960 288808960
179	1089536 1785856 103088128 286760960 288808960
180	1089536 1785856 103612416 286887936 288804864
181	1089536 1785856 104267776 286760960 288804864
182	1089536 1785856 104923136 286883840 288931840
183	1089536 1785856 105447424 286760960 288804864
184	1089536 1785856 106102784 286760960 288931840
185	1089536 1785856 106627072 286887936 288813056
186	1089536 1785856 107282432 286887936 288686080
187	1089536 1785856 107937792 286883840 288813056
188	1089536 1785856 108462080 286887936 288686080
189	1089536 1785856 109117440 286765056 288686080
190	1089536 1785856 109772800 286760960 288813056
191	1089536 1785856 110297088 286760960 288813056
192	1089536 1785856 110952448 286760960 288686080
193	1089536 1785856 111476736 286752768 288686080
194	1089536 1785856 112132096 286760960 288681984
195	1089536 1785856 112787456 286740480 288808960
196	1089536 1785856 113311744 286760960 288808960
197	1089536 1785856 113836032 286760960 288817152
198	1089536 1785856 114491392 286760960 288813056
199	1089536 1785856 115015680 286633984 288690176
200	1089536 1785856 115671040 286756864 288681984
201	1089536 1785856 116195328 286760960 288686080
202	1089536 1785856 116850688 286740480 288661504
203	1089536 1785856 117374976 286982144 288759808
204	1089536 1785856 118030336 286728192 288690176
205	1089536 1785856 118554624 286851072 288944128
206	1089536 1785856 119078912 286973952 288817152
207	1089536 1785856 119734272 286846976 288817152
208	1089536 1785856 120258560 286973952 288813056
209	1089536 1785856 120913920 286842880 288563200
210	1089536 1785856 121438208 286846976 288686080
211	1089536 1785856 122093568 286720000 288813056
212	1089536 1785856 122617856 286752768 288808960
213	1089536 1785856 123142144 286748672 288690176
214	1089536 1785856 123797504 286715904 288690176
215	1089536 1785856 124321792 286756864 288817152
216	1089536 1785856 124977152 286756864 288817152
217	1089536 1785856 125501440 286756864 288940032
218	1089536 1785856 126025728 286756864 288817152
219	1089536 1785856 126681088 286629888 288817152
220	1089536 1785856 127205376 286871552 288817152
221	1089536 1785856 127860736 286851072 288935936
222	1089536 1785856 128516096 286748672 288817152
223	1089536 1785856 129040384 286740480 288690176
224	1089536 1785856 129564672 286711808 288690176
225	1089536 1785856 130088960 286834688 288690176
226	1089536 1785856 130744320 286711808 288690176
227	1089536 1785856 131399680 286838784 288624640
228	1089536 1785856 131923968 286724096 288624640
229	1089536 1785856 132448256 286720000 288624640
230	1089536 1785856 132972544 286724096 288743424
231	1089536 1785856 133627904 286597120 288751616
232	1089536 1785856 134283264 286597120 288747520
233	1089536 1785856 134807552 286597120 288870400
234	1089536 1785856 135331840 286724096 288751616
235	1089536 1785856 135987200 286720000 288624640
236	1089536 1785856 136511488 286593024 288747520
237	1089536 1785856 137166848 286711808 288874496
238	1089536 1785856 137691136 286720000 288743424
239	1089536 1785856 138346496 286593024 288874496
240	1089536 1785856 139001856 286715904 288747520
241	1089536 1785856 139526144 286593024 288747520
242	1089536 1785856 140181504 286715904 288743424
243	1089536 1785856 140705792 286842880 288620544
244	1089536 1785856 141361152 286842880 288747520
245	1089536 1785856 141885440 286842880 288747520
246	1089536 1785856 142540800 286842880 288739328
247	1089536 1785856 143065088 286842880 288747520
248	1089536 1785856 143720448 286842880 288747520
249	1089536 1785856 144244736 286842880 288874496
250	1089536 1785856 144900096 286965760 288874496
251	1089536 1785856 145424384 286838784 288620544
252	1089536 1785856 146079744 286588928 288866304
253	1089536 1785856 146604032 286715904 288620544
254	1089536 1785856 147259392 286588928 288747520
255	1089536 1785856 147783680 286715904 288747520
256	1089536 1785856 148307968 286711808 288743424
257	1089536 1785856 148963328 286830592 288747520
258	1089536 1785856 149487616 286953472 288616448
259	1089536 1785856 150142976 286711808 288870400
260	1089536 1785856 150667264 286711808 288743424
261	1089536 1785856 151191552 286687232 288743424
262	1089536 1785856 151846912 286679040 288743424
263	1089536 1785856 152371200 286588928 288743424
264	1089536 1785856 153026560 286838784 288616448
265	1089536 1785856 153550848 286584832 288743424
266	1089536 1785856 154206208 286703616 288870400
267	1089536 1785856 154730496 286699520 288735232
268	1089536 1785856 155385856 286711808 288866304
269	1089536 1785856 155910144 286638080 288862208
270	1089536 1785856 156565504 286613504 288870400
271	1089536 1785856 157089792 286633984 288739328
272	1089536 1785856 157614080 286511104 288870400
273	1089536 1785856 158269440 286633984 288743424
274	1089536 1785856 158793728 286638080 288743424
275	1089536 1785856 159449088 286511104 288743424
276	1089536 1785856 159973376 286511104 288743424
277	1089536 1785856 160628736 286638080 288616448
278	1089536 1785856 161284096 286638080 288743424
279	1089536 1785856 161808384 286638080 288743424
280	1089536 1785856 162463744 286629888 288870400
281	1089536 1785856 162988032 286511104 288739328
282	1089536 1785856 163643392 286511104 288866304
283	1089536 1785856 164298752 286638080 288612352
284	1089536 1785856 164823040 286511104 288739328
285	1089536 1785856 165478400 286629888 288739328
286	1089536 1785856 166002688 286625792 288739328
287	1089536 1785856 166526976 286633984 288866304
288	1089536 1785856 167182336 286633984 288858112
289	1089536 1785856 167706624 286511104 288866304
290	1089536 1785856 168361984 286625792 288612352
291	1089536 1785856 168886272 286511104 288862208
292	1089536 1785856 169541632 286613504 288862208
293	1089536 1785856 170065920 286638080 288862208
294	1089536 1785856 170590208 286511104 288739328
295	1089536 1785856 171245568 286765056 288739328
296	1089536 1785856 171900928 286765056 288735232
297	1089536 1785856 172425216 286720000 288739328
298	1089536 1785856 172949504 286720000 288612352
299	1089536 1785856 173604864 286720000 288739328
300	1089536 1785856 174260224 286720000 288612352
301	1089536 1785856 174784512 286846976 288866304
302	1089536 1785856 175308800 286720000 288739328
303	1089536 1785856 175964160 286715904 288735232
304	1089536 1785856 176619520 286846976 288989184
305	1089536 1785856 177143808 286494720 288862208
306	1089536 1785856 177799168 286621696 290385920
307	1089536 1785856 178454528 286494720 290385920
308	1089536 1789952 178978816 286621696 290488320
309	1089536 1789952 179503104 286597120 290488320
310	1089536 1789952 180158464 286695424 290344960
311	1089536 1789952 180682752 286621696 290488320
312	1089536 1789952 181207040 286748672 290476032
313	1089536 1789952 181862400 286748672 290484224
314	1089536 1789952 182386688 286748672 290357248
315	1089536 1789952 183042048 286621696 290607104
316	1089536 1789952 183566336 286744576 290357248
317	1089536 1789952 184221696 286621696 290357248
318	1089536 1789952 184745984 286748672 290607104
319	1089536 1789952 185401344 286621696 290480128
320	1089536 1789952 186056704 286617600 290471936
321	1089536 1789952 186580992 286593024 290603008
322	1089536 1789952 187105280 286703616 290476032
323	1089536 1789952 187760640 286715904 290467840
324	1089536 1789952 188284928 286720000 290467840
325	1089536 1789952 188940288 286720000 290349056
326	1089536 1789952 189464576 286842880 290471936
327	1089536 1789952 189992960 286720000 290349056
328	1089536 1789952 190648320 286720000 290467840
329	1089536 1789952 191172608 286846976 290582528
330	1089536 1789952 191696896 286846976 290467840
331	1089536 1789952 192221184 286720000 290340864
332	1089536 1789952 192876544 286748672 290467840
333	1089536 1789952 193400832 286744576 290467840
334	1089536 1789952 193925120 286621696 290594816
335	1089536 1789952 194449408 286605312 290361344
336	1089536 1789952 195104768 286621696 290357248
337	1089536 1789952 195629056 286494720 290623488
338	1089536 1789952 196153344 286621696 290496512
339	1089536 1789952 196808704 286617600 290615296
340	1089536 1789952 197332992 286617600 290496512
341	1089536 1789952 197857280 286621696 290492416
342	1089536 1789952 198381568 286621696 290492416
343	1089536 1789952 199036928 286494720 290623488
344	1089536 1789952 199561216 286748672 290496512
345	1089536 1789952 200085504 286621696 290361344
346	1089536 1789952 200609792 286744576 290484224
347	1089536 1789952 201265152 286728192 290488320
348	1089536 1789952 201789440 286830592 290488320
349	1089536 1789952 202313728 286953472 290488320
350	1089536 1789952 202969088 286826496 290361344
351	1089536 1789952 203493376 286830592 290488320
352	1089536 1789952 204148736 286703616 290484224
353	1089536 1789952 204673024 286830592 290480128
354	1089536 1789952 205197312 286703616 290390016
355	1089536 1789952 205721600 286703616 290390016
356	1089536 1789952 206245888 286703616 290385920
357	1089536 1789952 206770176 286703616 290390016
358	1089536 1789952 207425536 286826496 290390016
359	1089536 1789952 207949824 286830592 290263040
360	1089536 1789952 208474112 286830592 290390016
361	1089536 1789952 208998400 286830592 290263040
362	1089536 1789952 209653760 286703616 290254848
363	1089536 1789952 210178048 286957568 290508800
364	1089536 1789952 210702336 286953472 290377728
365	1089536 1789952 211226624 286810112 290369536
366	1089536 1789952 211881984 286744576 290381824
367	1089536 1789952 212406272 286744576 290381824
368	1089536 1789952 213061632 286617600 290381824
369	1089536 1789952 213585920 286740480 290504704
370	1089536 1789952 214110208 286744576 290496512
371	1089536 1789952 214765568 286617600 290373632
372	1089536 1789952 215289856 286617600 290246656
373	1089536 1789952 215814144 286740480 290373632
374	1089536 1789952 216469504 286736384 290369536
375	1089536 1789952 216993792 286744576 290373632
376	1089536 1789952 217518080 286744576 290496512
377	1089536 1789952 218173440 286744576 290500608
378	1089536 1789952 218697728 286871552 290369536
379	1089536 1789952 219222016 286871552 290496512
380	1089536 1789952 219877376 286736384 290492416
381	1089536 1789952 220270592 286732288 290496512
382	1089536 1789952 220925952 286744576 290496512
383	1089536 1789952 221450240 286617600 290369536
384	1089536 1789952 222105600 286613504 290492416
385	1089536 1789952 222629888 286740480 290369536
386	1089536 1789952 223154176 286736384 290496512
387	1089536 1789952 223678464 286863360 290615296
388	1089536 1789952 224333824 286851072 290488320
389	1089536 1789952 224989184 286728192 290488320
390	1089536 1789952 225513472 286728192 290488320
391	1089536 1789952 226037760 286728192 290611200
392	1089536 1789952 226693120 286982144 290488320
393	1089536 1789952 227217408 286855168 290488320
394	1089536 1789952 227872768 286855168 290361344
395	1089536 1789952 228528128 286978048 290254848
396	1089536 1789952 229052416 286855168 290136064
397	1089536 1789952 229707776 286855168 290136064
398	1089536 1789952 230232064 286728192 290263040
399	1089536 1789952 230756352 286613504 290136064
400	1089536 1789952 231411712 286863360 290263040
401	1089536 1789952 232067072 286728192 290263040
402	1089536 1789952 232591360 286740480 290390016
403	1089536 1789952 233115648 286740480 290512896
404	1089536 1789952 233639936 286859264 290631680
405	1089536 1789952 234295296 286728192 290504704
406	1089536 1789952 234819584 286736384 290263040
407	1089536 1789952 235343872 286732288 290381824
408	1089536 1789952 235999232 286859264 290263040
409	1089536 1789952 236523520 286978048 290385920
410	1089536 1789952 237047808 286740480 290361344
411	1089536 1789952 237703168 286613504 290512896
412	1089536 1789952 238227456 286613504 290504704
413	1089536 1789952 238751744 286740480 290385920
414	1089536 1789952 239276032 286613504 290258944
415	1089536 1789952 239931392 286740480 290381824
416	1089536 1789952 240455680 286613504 290508800
417	1089536 1789952 241111040 286859264 290385920
418	1089536 1789952 241635328 286732288 290258944
419	1089536 1789952 242159616 286732288 290635776
420	1089536 1789952 242814976 286978048 290381824
421	1089536 1789952 243339264 286728192 290508800
422	1089536 1789952 243994624 286732288 290508800
423	1089536 1789952 244518912 286732288 290504704
424	1089536 1789952 245174272 286859264 290508800
425	1089536 1789952 245829632 286859264 290635776
426	1089536 1789952 246222848 286859264 290635776
427	1089536 1789952 246878208 286859264 290500608
428	1089536 1789952 247402496 286736384 290373632
429	1089536 1789952 248057856 286736384 290500608
430	1089536 1789952 248582144 286609408 290377728
431	1089536 1789952 249237504 286736384 290631680
432	1089536 1789952 249892864 286736384 290377728
433	1089536 1789952 250548224 286728192 290377728
434	1089536 1789952 251072512 286736384 290377728
435	1089536 1789952 251596800 286736384 290369536
436	1089536 1789952 252121088 286732288 290242560
437	1089536 1789952 252776448 286605312 290369536
438	1089536 1789952 253300736 286732288 290492416
439	1089536 1789952 254087168 286720000 290488320
440	1089536 1789952 254611456 286859264 290353152
441	1089536 1789952 255135744 286732288 290242560
442	1089536 1789952 255660032 286617600 290369536
443	1089536 1789952 256315392 286621696 290623488
444	1089536 1789952 256839680 286621696 290492416
445	1089536 1789952 257363968 286621696 290365440
446	1089536 1789952 258019328 286494720 290365440
447	1089536 1789952 258543616 286736384 290488320
448	1089536 1789952 259067904 286744576 290488320
449	1089536 1789952 259723264 286867456 290492416
450	1089536 1789952 260247552 286748672 290492416
451	1089536 1789952 260771840 286748672 290619392
452	1089536 1789952 261296128 286736384 290357248
453	1089536 1789952 261820416 286748672 290140160
454	1089536 1789952 262475776 286621696 290267136
455	1089536 1789952 263000064 286748672 290394112
456	1089536 1789952 263524352 286744576 290140160
457	1089536 1789952 264048640 286740480 290140160
458	1089536 1789952 264704000 286871552 290521088
459	1089536 1789952 265228288 286875648 290140160
460	1089536 1789952 265752576 286875648 290516992
461	1089536 1789952 266407936 286744576 290512896
462	1089536 1789952 266932224 286748672 290390016
463	1089536 1789952 267456512 286859264 290381824
464	1089536 1789952 267980800 286859264 290619392
465	1089536 1789952 268636160 286978048 290500608
466	1089536 1789952 269160448 286732288 290496512
467	1089536 1789952 269684736 286859264 290500608
468	1089536 1789952 270209024 286986240 290623488
469	1089536 1789952 270733312 286855168 290492416
470	1089536 1789952 271388672 286859264 290619392
471	1089536 1789952 271912960 286859264 290607104
472	1089536 1789952 272437248 286744576 290488320
473	1089536 1789952 272961536 286740480 290365440
474	1089536 1789952 273616896 286744576 290492416
475	1089536 1789952 274141184 286617600 290488320
476	1089536 1789952 274665472 286863360 290484224
477	1089536 1789952 275189760 286744576 290476032
478	1089536 1789952 275714048 286736384 290484224
479	1089536 1789952 276369408 286740480 290607104
480	1089536 1789952 276893696 286740480 290738176
481	1089536 1789952 277549056 286863360 290603008
482	1089536 1789952 278073344 286740480 290603008
483	1089536 1789952 278597632 286863360 290484224
484	1089536 1789952 279121920 286740480 290484224
485	1089536 1789952 279646208 286740480 290598912
486	1089536 1789952 280170496 286978048 290349056
487	1089536 1789952 280694784 286994432 290267136
488	1089536 1789952 281219072 286867456 290263040
489	1089536 1789952 281874432 286617600 290267136
490	1089536 1789952 282398720 286617600 290381824
491	1089536 1789952 283054080 286744576 290263040
492	1089536 1789952 283578368 286990336 290267136
493	1089536 1789952 284102656 287645696 290516992
494	1089536 1789952 284626944 288169984 290385920
495	1089536 1789952 285282304 288219136 290263040
496	1089536 1789952 285806592 288223232 290390016
497	1089536 1789952 285868032 288223232 290263040
498	1089536 1789952 285966336 288346112 290390016
499	1089536 1789952 285995008 288346112 290791424
500	1089536 1789952 285868032 288219136 291446784
501	1089536 1789952 285966336 288669696 291840000
502	1089536 1789952 285995008 289046528 292495360
503	1089536 1789952 286089216 288669696 293019648
504	1089536 1789952 285995008 288796672 293543936
505	1089536 1789952 286089216 288669696 294068224
506	1089536 1789952 286121984 288796672 294592512
507	1089536 1789952 286081024 288669696 295247872
508	1089536 1789952 286076928 288792576 295903232
509	1089536 1789952 286068736 288919552 296296448
510	1089536 1789952 286081024 288669696 296820736
511	1089536 1789952 285995008 288796672 297476096
512	1089536 1789952 286076928 288788480 298000384
513	1089536 1789952 286081024 288669696 298655744
514	1089536 1789952 285954048 288669696 299180032
515	1089536 1789952 285970432 288796672 299704320
516	1089536 1789952 286085120 288923648 300228608
517	1089536 1789952 285970432 288796672 300752896
518	1089536 1789952 286093312 288796672 301408256
519	1089536 1789952 285843456 288923648 301801472
520	1089536 1789952 285970432 288796672 302456832
521	1089536 1789952 286085120 288792576 302850048
522	1089536 1789952 285970432 288792576 303374336
523	1089536 1789952 286093312 288792576 304029696
524	1089536 1789952 285843456 288919552 304553984
525	1089536 1789952 285843456 288919552 305340416
526	1089536 1789952 285970432 288792576 305995776
527	1089536 1789952 286089216 288792576 306388992
528	1089536 1789952 286109696 288792576 307044352
529	1089536 1789952 285970432 288665600 307568640
530	1089536 1789952 285970432 288911360 308224000
531	1089536 1789952 285843456 288665600 309010432
532	1089536 1789952 285966336 288792576 309403648
533	1089536 1789952 286097408 288792576 310059008
534	1089536 1789952 285843456 288788480 310452224
535	1089536 1789952 285970432 288665600 311107584
536	1089536 1789952 285945856 288788480 311762944
537	1089536 1789952 285843456 288919552 312287232
538	1089536 1789952 285970432 288792576 312942592
539	1089536 1789952 285843456 288792576 313597952
540	1089536 1789952 286097408 288665600 313991168
541	1089536 1789952 285982720 288919552 314646528
542	1089536 1789952 286203904 288792576 315301888
543	1089536 1789952 286093312 288792576 315826176
544	1089536 1789952 286093312 288788480 316481536
545	1089536 1789952 285982720 288915456 317005824
546	1089536 1789952 286097408 288788480 317530112
547	1089536 1789952 285982720 288780288 318185472
548	1089536 1789952 285982720 288915456 318840832
549	1089536 1789952 286076928 288788480 319496192
550	1089536 1789952 286109696 288784384 320020480
551	1089536 1789952 285970432 288911360 320675840
552	1089536 1789952 285970432 289034240 321331200
553	1089536 1789952 285868032 288788480 321724416
554	1089536 1789952 285843456 288886784 322379776
555	1089536 1789952 285843456 288915456 322904064
556	1089536 1789952 285995008 288788480 323559424
557	1089536 1789952 285990912 288788480 324083712
558	1089536 1789952 285843456 288788480 324608000
559	1089536 1789952 285962240 288661504 325263360
560	1089536 1789952 285843456 288788480 325787648
561	1089536 1789952 285970432 289038336 326443008
562	1089536 1789952 285970432 288661504 327098368
563	1089536 1789952 285868032 289042432 327622656
564	1089536 1789952 286085120 289034240 328278016
565	1089536 1789952 285868032 288907264 328933376
566	1089536 1789952 285868032 288899072 329457664
567	1089536 1789952 285941760 288899072 330113024
568	1089536 1789952 285868032 289038336 330768384
569	1089536 1789952 285995008 288907264 331292672
570	1089536 1789952 285904896 288677888 331948032
571	1089536 1789952 285868032 288931840 332472320
572	1089536 1789952 285995008 288559104 333127680
573	1089536 1789952 285990912 288681984 333651968
574	1089536 1789952 285999104 288681984 334307328
575	1089536 1789952 285872128 288686080 334831616
576	1089536 1789952 285872128 288686080 335486976
577	1089536 1789952 286031872 288686080 336142336
578	1089536 1789952 285999104 288686080 336666624
579	1089536 1789952 285999104 288686080 337321984
580	1089536 1789952 285872128 288686080 337846272
581	1089536 1789952 285999104 288940032 338370560
582	1089536 1789952 285999104 288677888 339156992
583	1089536 1789952 285872128 288665600 339681280
584	1089536 1789952 285872128 288686080 340205568
585	1089536 1789952 285872128 288813056 340729856
586	1089536 1789952 285999104 288673792 341385216
587	1089536 1789952 285999104 288559104 341909504
588	1089536 1789952 285974528 288800768 342302720
589	1089536 1789952 286089216 288686080 342958080
590	1089536 1789952 285990912 288686080 343482368
591	1089536 1789952 286113792 288686080 344137728
592	1089536 1789952 285999104 289067008 344662016
593	1089536 1789952 286093312 288940032 345186304
594	1089536 1789952 285970432 288813056 345710592
595	1089536 1789952 285995008 288940032 346365952
596	1089536 1789952 285999104 288940032 346890240
597	1089536 1789952 286085120 288940032 347545600
598	1089536 1789952 285999104 289067008 348069888
599	1089536 1789952 285945856 289062912 348725248
600	1089536 1789952 285970432 289067008 349249536
601	1089536 1789952 285970432 288940032 349773824
602	1089536 1789952 285933568 288813056 350298112
603	1089536 1789952 285933568 288940032 350953472
604	1089536 1789952 286097408 288935936 351608832
605	1089536 1789952 286060544 288940032 352264192
606	1089536 1789952 286179328 288940032 352788480
607	1089536 1789952 286056448 289067008 353443840
608	1089536 1789952 286089216 289067008 353968128
609	1089536 1789952 286040064 288808960 354623488
610	1089536 1789952 285958144 290172928 355278848
611	1089536 1789952 285974528 290299904 355934208
612	1089536 1789952 285847552 290398208 356458496
613	1089536 1789952 285970432 290271232 357113856
614	1089536 1789952 285974528 290144256 357769216
615	1089536 1789952 285941760 290144256 358424576
616	1089536 1789952 285847552 290394112 358948864
617	1089536 1789952 285847552 290390016 359473152
618	1089536 1789952 285847552 290394112 360128512
619	1089536 1789952 285847552 290394112 360783872
620	1089536 1789952 286068736 290504704 361439232
621	1089536 1789952 286101504 290394112 361963520
622	1089536 1789952 285974528 290267136 362487808
623	1089536 1789952 285974528 290267136 363143168
624	1089536 1789952 286089216 290271232 363798528
625	1089536 1789952 285974528 290263040 364322816
626	1089536 1789952 286068736 290390016 364978176
627	1089536 1789952 285966336 290390016 365633536
628	1089536 1789952 285974528 290381824 366288896
629	1089536 1789952 285970432 290291712 366813184
630	1089536 1789952 285847552 290291712 367468544
631	1089536 1789952 285974528 290267136 367992832
632	1089536 1789952 285847552 290390016 368648192
633	1089536 1789952 285974528 290422784 369172480
634	1089536 1789952 285949952 290422784 369827840
635	1089536 1789952 285974528 290390016 370483200
636	1089536 1789952 285974528 290516992 371138560
637	1089536 1789952 285974528 290390016 371531776
638	1089536 1789952 285974528 290390016 372187136
639	1089536 1789952 285974528 290549760 372842496
640	1089536 1789952 286081024 290381824 373366784
641	1089536 1789952 286081024 290287616 374022144
642	1089536 1789952 286183424 290385920 374546432
643	1089536 1789952 286076928 290271232 375201792
644	1089536 1789952 286056448 290390016 375726080
645	1089536 1789952 286052352 290398208 376381440
646	1089536 1789952 286175232 290271232 376905728
647	1089536 1789952 286072832 290271232 377561088
648	1089536 1789952 286175232 290422784 378216448
649	1089536 1789952 286048256 290295808 378740736
650	1089536 1789952 286048256 290422784 379396096
651	1089536 1789952 286048256 290177024 379920384
652	1089536 1789952 286048256 290304000 380575744
653	1089536 1789952 286171136 290304000 381100032
654	1089536 1789952 286044160 290177024 381886464
655	1089536 1789952 286060544 290299904 382148608
656	1089536 1789952 286167040 290426880 382803968
657	1089536 1789952 286044160 290299904 383328256
658	1089536 1789952 286171136 290299904 383983616
659	1089536 1789952 286056448 290299904 384507904
660	1089536 1789952 285958144 290426880 385032192
661	1089536 1789952 286085120 290426880 385687552
662	1089536 1789952 286085120 290299904 386342912
663	1089536 1789952 286167040 290299904 386871296
664	1089536 1789952 286035968 290418688 387395584
665	1089536 1789952 286035968 290414592 388050944
666	1089536 1789952 286035968 290418688 388706304
667	1089536 1789952 286035968 290414592 389230592
668	1089536 1921024 286035968 290418688 389885952
669	1089536 1794048 286162944 290385920 390410240
670	1089536 1794048 286158848 290254848 391065600
671	1089536 1794048 286081024 290304000 391589888
672	1089536 1794048 286031872 290381824 392245248
673	1089536 1794048 286158848 290299904 392769536
674	1089536 1794048 286158848 290414592 393424896
675	1089536 1794048 286158848 290299904 394080256
676	1089536 1794048 286031872 290254848 394604544
677	1089536 1794048 286285824 290299904 395128832
678	1089536 1794048 286191616 290254848 395653120
679	1089536 1794048 286277632 290381824 396308480
680	1089536 1794048 286146560 290299904 396832768
681	1089536 1794048 286027776 290299904 397488128
682	1089536 1794048 286150656 290426880 398012416
683	1089536 1794048 286023680 290299904 398667776
684	1089536 1794048 286023680 290426880 399192064
685	1089536 1794048 285974528 290426880 399716352
686	1089536 1794048 285970432 290545664 400371712
687	1089536 1794048 286101504 290414592 401027072
688	1089536 1794048 286060544 290377728 401682432
689	1089536 1794048 285847552 290418688 402206720
690	1089536 1794048 285847552 290619392 402731008
691	1089536 1794048 285974528 290516992 403386368
692	1089536 1794048 285974528 290390016 403910656
693	1089536 1794048 285974528 290291712 404566016
694	1089536 1794048 286101504 290418688 405090304
695	1089536 1794048 286097408 290271232 405614592
696	1089536 1794048 286208000 290271232 406269952
697	1089536 1794048 285974528 290410496 406794240
698	1089536 1794048 285847552 290263040 407318528
699	1089536 1794048 286097408 290390016 407842816
700	1089536 1794048 286187520 290516992 408498176
701	1089536 1794048 286093312 290394112 409153536
702	1089536 1794048 286101504 290394112 409677824
703	1089536 1794048 286101504 290521088 410202112
704	1089536 1794048 286101504 290512896 410726400
705	1089536 1794048 285941760 290385920 411381760
706	1089536 1794048 285941760 290414592 412037120
707	1089536 1794048 285941760 290414592 412561408
708	1089536 1794048 285970432 290287616 413085696
709	1089536 1794048 285970432 290414592 413741056
710	1089536 1794048 285970432 290414592 414265344
711	1089536 1794048 285970432 290406400 414789632
712	1089536 1794048 286068736 290508800 415444992
713	1089536 1794048 286097408 290279424 416100352
714	1089536 1794048 286097408 290279424 416624640
715	1089536 1794048 286183424 290275328 417280000
716	1089536 1794048 286093312 290275328 417804288
717	1089536 1794048 286216192 290177024 418459648
718	1089536 1794048 286093312 290177024 418983936
719	1089536 1794048 286093312 290299904 419508224
720	1089536 1794048 286060544 290402304 420163584
721	1089536 1794048 286216192 290299904 420818944
722	1089536 1794048 286060544 290299904 421343232
723	1089536 1794048 286060544 290267136 421998592
724	1089536 1794048 286183424 290304000 422653952
725	1089536 1794048 286175232 290328576 423178240
726	1089536 1794048 286294016 290304000 423833600
727	1089536 1794048 286056448 290324480 424488960
728	1089536 1794048 286052352 290451456 425013248
729	1089536 1794048 286158848 290324480 425537536
730	1089536 1794048 286187520 290443264 426192896
731	1089536 1794048 286060544 290451456 426848256
732	1089536 1794048 285974528 290422784 427372544
733	1089536 1794048 285966336 290447360 427896832
734	1089536 1794048 285847552 290447360 428683264
735	1089536 1794048 285974528 290619392 429076480
736	1089536 1794048 286089216 290492416 429731840
737	1089536 1794048 285847552 290529280 430256128
738	1089536 1794048 285974528 290668544 430780416
739	1089536 1794048 285847552 290414592 431304704
740	1089536 1794048 285974528 290553856 431960064
741	1089536 1794048 285974528 290443264 432484352
742	1089536 1794048 285974528 290476032 433008640
743	1089536 1794048 285847552 290480128 433532928
744	1089536 1794048 285847552 290484224 434057216
745	1089536 1794048 285974528 290455552 434712576
746	1089536 1794048 286101504 290349056 435236864
747	1089536 1794048 286228480 290406400 435761152
748	1089536 1794048 286101504 290553856 436416512
749	1089536 1794048 285962240 290476032 436940800
750	1089536 1794048 286101504 290476032 437465088
751	1089536 1794048 286097408 290459648 438120448
752	1089536 1794048 285974528 290557952 438644736
753	1089536 1794048 285970432 290557952 439169024
754	1089536 1794048 286228480 290467840 439824384
755	1089536 1794048 286097408 290459648 440348672
756	1089536 1794048 285847552 290373632 441004032
757	1089536 1794048 285974528 290480128 441397248
758	1089536 1794048 285974528 290480128 442052608
759	1089536 1794048 285966336 290353152 442576896
760	1089536 1794048 285966336 290422784 443101184
761	1089536 1794048 286089216 290598912 443625472
762	1089536 1794048 285974528 290471936 444280832
763	1089536 1794048 285847552 290598912 444805120
764	1089536 1794048 285974528 290471936 445329408
765	1089536 1794048 285974528 290471936 445853696
766	1089536 1794048 285954048 290463744 446509056
767	1089536 1794048 285974528 290344960 447033344
768	1089536 1794048 285974528 290471936 447557632
769	1089536 1794048 285974528 290463744 448081920
770	1089536 1794048 286097408 290336768 448737280
771	1089536 1794048 285974528 290426880 449261568
772	1089536 1794048 285974528 290463744 449785856
773	1089536 1794048 285974528 290336768 450310144
774	1089536 1794048 285974528 290463744 450965504
775	1089536 1794048 285978624 290459648 451489792
776	1089536 1794048 286105600 290463744 452145152
777	1089536 1794048 285978624 290459648 452669440
778	1089536 1794048 286101504 290328576 453193728
779	1089536 1794048 285978624 290418688 453718016
780	1089536 1794048 285974528 290455552 454373376
781	1089536 1794048 286101504 290418688 454897664
782	1089536 1794048 286093312 290418688 455421952
783	1089536 1794048 286089216 290455552 456077312
784	1089536 1794048 285978624 290451456 456732672
785	1089536 1794048 285978624 290451456 457125888
786	1089536 1794048 286105600 290447360 457781248
787	1089536 1794048 285851648 290443264 458305536
788	1089536 1794048 286105600 290320384 458829824
789	1089536 1794048 285851648 290385920 459354112
790	1089536 1794048 285978624 290406400 459878400
791	1089536 1794048 285970432 290275328 460402688
792	1089536 1794048 285978624 290275328 460926976
793	1089536 1794048 285851648 290402304 461582336
794	1089536 1794048 285851648 290525184 462237696
795	1089536 1794048 285978624 290521088 462630912
796	1089536 1794048 285978624 290521088 463286272
797	1089536 1794048 285978624 290525184 463810560
798	1089536 1794048 286101504 290529280 464334848
799	1089536 1794048 286105600 290525184 464859136
800	1089536 1794048 285978624 290398208 465383424
801	1089536 1794048 285962240 290398208 465907712
802	1089536 1794048 285851648 290504704 466563072
803	1089536 1794048 286105600 290390016 467087360
804	1089536 1794048 286105600 290639872 467611648
805	1089536 1794048 286101504 290631680 468135936
806	1089536 1794048 285974528 290516992 468660224
807	1089536 1794048 285851648 290390016 469184512
808	1089536 1794048 285978624 290516992 469839872
809	1089536 1794048 286105600 290516992 470233088
810	1089536 1794048 286232576 290516992 470888448
811	1089536 1794048 286105600 290525184 471412736
812	1089536 1794048 285851648 290635776 472068096
813	1089536 1794048 286105600 290381824 472592384
814	1089536 1794048 286105600 290504704 473247744
815	1089536 1794048 285978624 290496512 473772032
816	1089536 1794048 286076928 290381824 474427392
817	1089536 1794048 285978624 290508800 474820608
818	1089536 1794048 286101504 290504704 475475968
819	1089536 1794048 285974528 290500608 476000256
820	1089536 1794048 285974528 290496512 476524544
821	1089536 1794048 285970432 290500608 477179904
822	1089536 1794048 285851648 290500608 477704192
823	1089536 1794048 285851648 290500608 478228480
824	1089536 1794048 285978624 290500608 478752768
825	1089536 1794048 285851648 290496512 479539200
826	1089536 1794048 285978624 290373632 479932416
827	1089536 1794048 285974528 290369536 480456704
828	1089536 1794048 285970432 290607104 480980992
829	1089536 1794048 285958144 290508800 481505280
830	1089536 1794048 286085120 290381824 482029568
831	1089536 1794048 286212096 290504704 482684928
832	1089536 1794048 286085120 290521088 483209216
833	1089536 1794048 285974528 290463744 483733504
834	1089536 1794048 285851648 290402304 484388864
835	1089536 1794048 285974528 290398208 484913152
836	1089536 1794048 285978624 290463744 485437440
837	1089536 1794048 285978624 290467840 486092800
838	1089536 1794048 286224384 290447360 486617088
839	1089536 1794048 285978624 290398208 487141376
840	1089536 1794048 285978624 290402304 487665664
841	1089536 1794048 286105600 290529280 488189952
842	1089536 1794048 285851648 290529280 488714240
843	1089536 1794048 285851648 290652160 489238528
844	1089536 1794048 285974528 290516992 489762816
845	1089536 1794048 285978624 290402304 490418176
846	1089536 1794048 285851648 290406400 491073536
847	1089536 1794048 285974528 290406400 491466752
848	1089536 1794048 285974528 290406400 491991040
849	1089536 1794048 285978624 290533376 492515328
850	1089536 1794048 285978624 290533376 493170688
851	1089536 1794048 285978624 290529280 493694976
852	1089536 1794048 286228480 290529280 494219264
853	1089536 1794048 285978624 290529280 494874624
854	1089536 1794048 285978624 290529280 495398912
855	1089536 1794048 286105600 290529280 496054272
856	1089536 1794048 285978624 290414592 496578560
857	1089536 1794048 286351360 290463744 497233920
858	1089536 1794048 285958144 290402304 497889280
859	1089536 1794048 286068736 290467840 498413568
860	1089536 1794048 286195712 290414592 499068928
861	1089536 1794048 285941760 290525184 499593216
862	1089536 1794048 285941760 290525184 500248576
863	1089536 1794048 286191616 290525184 500772864
864	1089536 1794048 286191616 290533376 501428224
865	1089536 1794048 286195712 290533376 501952512
866	1089536 1794048 286195712 290529280 502607872
867	1089536 1794048 286068736 290525184 503132160
868	1089536 1794048 286195712 290652160 503656448
869	1089536 1794048 286195712 290533376 504442880
870	1089536 1794048 286101504 290340864 504836096
871	1089536 1794048 285978624 290439168 505491456
872	1089536 1794048 285978624 290635776 506146816
873	1089536 1794048 286105600 290562048 506540032
874	1089536 1794048 285978624 290430976 507195392
875	1089536 1794048 286105600 290435072 507719680
876	1089536 1794048 286101504 290283520 508243968
877	1089536 1794048 286105600 290283520 509030400
878	1089536 1794048 285978624 290398208 509423616
879	1089536 1794048 285974528 290308096 509947904
880	1089536 1794048 285974528 290418688 510603264
881	1089536 1794048 286101504 290394112 511127552
882	1089536 1794048 285970432 290336768 511651840
883	1089536 1794048 285966336 290426880 512307200
884	1089536 1794048 286101504 290426880 512831488
885	1089536 1794048 285974528 290422784 513486848
886	1089536 1794048 285945856 290340864 514011136
887	1089536 1794048 285921280 290213888 514666496
888	1089536 1794048 285892608 290439168 515321856
889	1089536 1794048 286003200 290435072 515846144
890	1089536 1794048 286130176 290308096 516239360
891	1089536 1794048 286003200 290406400 516763648
892	1089536 1794048 285999104 290406400 517419008
893	1089536 1794048 285876224 290308096 517943296
894	1089536 1794048 285995008 290529280 518336512
895	1089536 1794048 286130176 290406400 518991872
896	1089536 1794048 285999104 290406400 519647232
897	1089536 1794048 286003200 290279424 520171520
898	1089536 1794048 285876224 290279424 520695808
899	1089536 1794048 285995008 290279424 521220096
900	1089536 1794048 285990912 290394112 521744384
901	1089536 1794048 285876224 290340864 522530816
902	1089536 1794048 286126080 290398208 522924032
903	1089536 1794048 286130176 290299904 523448320
904	1089536 1794048 285855744 290271232 524103680
905	1089536 1794048 285958144 290398208 524627968
906	1089536 1794048 286187520 290291712 525283328
907	1089536 1794048 285933568 290398208 525807616
908	1089536 1794048 286187520 290418688 526462976
909	1089536 1794048 286187520 290336768 526987264
910	1089536 1794048 286052352 290414592 527642624
911	1089536 1794048 286060544 290291712 528166912
912	1089536 1794048 285933568 290390016 528691200
913	1089536 1794048 286060544 290291712 529346560
914	1089536 1794048 286052352 290410496 529739776
915	1089536 1794048 285933568 290390016 530395136
916	1089536 1794048 286060544 290377728 530919424
917	1089536 1794048 285933568 290324480 531443712
918	1089536 1794048 286060544 290463744 532099072
919	1089536 1794048 286101504 290463744 532623360
920	1089536 1794048 285851648 290312192 533278720
921	1089536 1794048 285978624 290439168 533803008
922	1089536 1794048 286105600 290381824 534458368
923	1089536 1794048 285974528 290435072 534851584
924	1089536 1794048 286097408 290463744 535506944
925	1089536 1794048 285966336 290312192 536031232
926	1089536 1794048 285851648 290373632 536686592
927	1089536 1794048 286089216 290304000 537210880
928	1089536 1794048 285978624 290291712 537735168
929	1089536 1794048 285851648 290418688 538259456
930	1089536 1794048 285851648 290373632 538914816
931	1089536 1794048 285978624 290410496 539439104
932	1089536 1794048 286097408 290336768 539963392
933	1089536 1794048 285978624 290500608 540618752
934	1089536 1794048 285974528 290467840 541143040
935	1089536 1794048 286105600 290402304 541667328
936	1089536 1794048 285851648 290410496 542322688
937	1089536 1794048 285970432 290406400 542846976
938	1089536 1794048 286105600 290402304 543371264
939	1089536 1794048 286208000 290336768 543895552
940	1089536 1794048 286081024 290336768 544550912
941	1089536 1794048 286081024 290406400 545075200
942	1089536 1794048 286208000 290406400 545599488
943	1089536 1794048 286081024 290398208 546254848
944	1089536 1794048 286081024 290402304 546779136
945	1089536 1794048 286081024 290402304 547303424
946	1089536 1794048 286081024 290455552 547827712
947	1089536 1794048 285978624 290279424 548483072
948	1089536 1794048 285851648 290406400 549007360
949	1089536 1794048 285978624 290529280 549662720
950	1089536 1794048 285978624 290648064 550187008
951	1089536 1794048 285978624 290463744 550711296
952	1089536 1794048 285851648 290398208 551366656
953	1089536 1794048 286105600 290463744 551890944
954	1089536 1794048 286105600 290529280 552415232
955	1089536 1794048 285978624 290312192 553070592
956	1089536 1794048 285974528 290308096 553594880
957	1089536 1794048 285851648 290435072 554250240
958	1089536 1794048 285851648 290394112 554774528
959	1089536 1794048 286101504 290308096 555298816
960	1089536 1794048 285978624 290394112 555823104
961	1089536 1794048 285851648 290398208 556478464
962	1089536 1794048 286101504 290271232 557002752
963	1089536 1794048 286105600 290394112 557658112
964	1089536 1794048 286101504 290312192 558182400
965	1089536 1794048 285970432 290398208 558837760
966	1089536 1794048 285851648 290263040 559493120
967	1089536 1794048 285974528 290516992 560017408
968	1089536 1794048 285966336 290406400 560541696
969	1089536 1794048 286105600 290340864 561065984
970	1089536 1794048 285978624 290340864 561721344
971	1089536 1794048 285978624 290435072 562245632
972	1089536 1794048 286105600 290430976 562769920
973	1089536 1794048 286101504 290312192 563425280
974	1089536 1794048 285978624 290471936 563949568
975	1089536 1794048 285974528 290406400 564473856
976	1089536 1794048 285978624 290390016 564998144
977	1089536 1794048 285851648 290439168 565653504
978	1089536 1794048 285974528 290512896 566177792
979	1089536 1794048 285970432 290435072 566833152
980	1089536 1794048 285982720 290316288 567357440
981	1089536 1794048 285978624 290439168 567881728
982	1089536 1794048 285978624 290435072 568406016
983	1089536 1794048 285855744 290566144 569061376
984	1089536 1794048 285982720 290439168 569585664
985	1089536 1794048 285982720 290439168 570109952
986	1089536 1794048 285855744 290500608 570634240
987	1089536 1794048 285982720 290377728 571158528
988	1089536 1794048 285855744 290504704 571813888
989	1089536 1794048 286109696 290631680 572338176
990	1089536 1794048 286109696 290496512 572862464
991	1089536 1794048 285982720 290316288 573517824
992	1089536 1794048 286109696 290217984 574042112
993	1089536 1794048 285855744 290336768 574566400
994	1089536 1794048 286109696 290189312 575090688
995	1089536 1794048 286105600 290439168 575746048
996	1089536 1794048 285982720 290217984 576139264
997	1089536 1798144 285982720 290312192 576794624
998	1089536 1798144 285978624 290471936 577318912
999	1089536 1798144 286830592 290287616 577843200
1000	1089536 1798144 286703616 290406400 578367488
1001	1089536 1798144 286830592 290287616 578891776
1002	1089536 1798144 286822400 290414592 579547136
1003	1089536 1798144 286830592 290287616 580202496
1004	1089536 1798144 286830592 290344960 580726784
1005	1089536 1798144 286703616 290287616 581251072
1006	1089536 1798144 286576640 290414592 581775360
1007	1089536 1798144 286576640 290439168 582299648
1008	1089536 1798144 286818304 290537472 582955008
1009	1089536 1798144 286576640 290529280 583479296
1010	1089536 1798144 286576640 290406400 584134656
1011	1089536 1798144 286576640 290533376 584658944
1012	1089536 1798144 286695424 290410496 585183232
1013	1089536 1798144 286818304 290283520 585707520
1014	1089536 1798144 286572544 290283520 586231808
1015	1089536 1798144 286695424 290406400 586887168
1016	1089536 1798144 286691328 290533376 587411456
1017	1089536 1798144 286572544 290533376 587935744
1018	1089536 1798144 286572544 290541568 588591104
1019	1089536 1798144 286572544 290541568 589115392
1020	1089536 1798144 286695424 290533376 589639680
1021	1089536 1798144 286699520 290439168 590426112
1022	1089536 1798144 286572544 290430976 590688256
1023	1089536 1798144 286699520 290435072 591343616
1024	1089536 1798144 286699520 290525184 591867904
1025	1089536 1798144 286699520 290430976 592392192
1026	1089536 1798144 286699520 290426880 592916480
1027	1089536 1798144 286699520 290304000 593444864
1028	1089536 1798144 286699520 290553856 594100224
1029	1089536 1798144 286945280 290422784 594624512
1030	1089536 1798144 286945280 290443264 595148800
1031	1089536 1798144 286691328 290217984 595804160
1032	1089536 1798144 286941184 290316288 596328448
1033	1089536 1798144 286810112 290390016 596983808
1034	1089536 1798144 286691328 290430976 597508096
1035	1089536 1798144 286814208 290435072 598032384
1036	1089536 1798144 286806016 290390016 598556672
1037	1089536 1798144 286814208 290439168 599212032
1038	1089536 1798144 286814208 290516992 599736320
1039	1089536 1798144 286814208 290312192 600260608
1040	1089536 1798144 286617600 290430976 601047040
1041	1089536 1798144 286498816 290508800 601440256
1042	1089536 1798144 286498816 290557952 602095616
1043	1089536 1798144 286498816 290381824 602619904
1044	1089536 1798144 286625792 290508800 603144192
1045	1089536 1798144 286625792 290381824 603799552
1046	1089536 1798144 286498816 290381824 604323840
1047	1089536 1798144 286625792 290381824 604848128
1048	1089536 1798144 286498816 290422784 605503488
1049	1089536 1798144 286625792 290422784 606158848
1050	1089536 1798144 286498816 290373632 606814208
1051	1089536 1798144 286625792 290373632 607338496
1052	1089536 1798144 286879744 290373632 607993856
1053	1089536 1798144 286752768 290422784 608649216
1054	1089536 1798144 286752768 290373632 609173504
1055	1089536 1798144 286752768 290377728 609828864
1056	1089536 1798144 286752768 290361344 610353152
1057	1089536 1798144 286625792 290295808 611008512
1058	1089536 1798144 286752768 290295808 611532800
1059	1089536 1798144 286752768 290390016 612188160
1060	1089536 1798144 286748672 290377728 612843520
1061	1089536 1798144 286752768 290414592 613367808
1062	1089536 1798144 286752768 290369536 614023168
1063	1089536 1798144 286625792 290496512 614678528
1064	1089536 1798144 286752768 290488320 615202816
1065	1089536 1798144 286752768 290410496 615858176
1066	1089536 1798144 286736384 290312192 616513536
1067	1089536 1798144 286978048 290439168 617037824
1068	1089536 1798144 286875648 290258944 617693184
1069	1089536 1798144 286879744 290361344 618348544
1070	1089536 1798144 286879744 290385920 619003904
1071	1089536 1798144 286879744 290439168 619659264
1072	1089536 1798144 286879744 290353152 620314624
1073	1089536 1798144 286871552 290226176 620838912
1074	1089536 1798144 286846976 290476032 621494272
1075	1089536 1798144 286973952 290254848 622018560
1076	1089536 1798144 286846976 290254848 622673920
1077	1089536 1798144 286846976 290353152 623329280
1078	1089536 1798144 286838784 290349056 623722496
1079	1089536 1798144 286838784 290426880 624377856
1080	1089536 1798144 286838784 290463744 624902144
1081	1089536 1798144 286965760 290246656 625557504
1082	1089536 1798144 286834688 290344960 626081792
1083	1089536 1798144 286834688 290344960 626606080
1084	1089536 1798144 286953472 290340864 627261440
1085	1089536 1798144 286834688 290340864 627785728
1086	1089536 1798144 286961664 290471936 628441088
1087	1089536 1798144 286834688 290164736 628965376
1088	1089536 1798144 286707712 290385920 629620736
1089	1089536 1798144 286748672 290390016 630145024
1090	1089536 1798144 286744576 290385920 630800384
1091	1089536 1798144 286625792 290377728 631193600
1092	1089536 1798144 286625792 290385920 631848960
1093	1089536 1798144 286621696 290508800 632373248
1094	1089536 1798144 286593024 290385920 632897536
1095	1089536 1798144 286593024 290381824 633552896
1096	1089536 1798144 286715904 290496512 634077184
1097	1089536 1798144 286625792 290492416 634732544
1098	1089536 1798144 286752768 290377728 635256832
1099	1089536 1798144 286879744 290394112 635781120
1100	1089536 1798144 286703616 290381824 636567552
1101	1089536 1798144 286724096 290373632 636960768
1102	1089536 1798144 286486528 290381824 637485056
1103	1089536 1798144 286613504 290381824 638009344
1104	1089536 1798144 286486528 290496512 638664704
1105	1089536 1798144 286613504 290488320 639320064
1106	1089536 1798144 286740480 290361344 639844352
1107	1089536 1798144 286605312 290476032 640368640
1108	1089536 1798144 286605312 290361344 641024000
1109	1089536 1798144 286732288 290615296 641548288
1110	1089536 1798144 286605312 290418688 642072576
1111	1089536 1798144 286732288 290398208 642727936
1112	1089536 1798144 286613504 290291712 643252224
1113	1089536 1798144 286736384 290516992 643776512
1114	1089536 1798144 286613504 290541568 644431872
1115	1089536 1798144 286740480 290418688 645087232
1116	1089536 1798144 286740480 290545664 645611520
1117	1089536 1798144 286867456 290418688 646266880
1118	1089536 1798144 286613504 290521088 646791168
1119	1089536 1798144 286740480 290418688 647446528
1120	1089536 1798144 286736384 290418688 648101888
1121	1089536 1798144 286613504 290521088 648626176
1122	1089536 1798144 286867456 290541568 649281536
1123	1089536 1798144 286740480 290639872 649805824
1124	1089536 1798144 286613504 290541568 650330112
1125	1089536 1798144 286990336 290435072 650985472
1126	1089536 1798144 286740480 290414592 651509760
1127	1089536 1798144 286867456 290320384 652165120
1128	1089536 1798144 286736384 290414592 652820480
1129	1089536 1798144 286609408 290340864 653344768
1130	1089536 1798144 286728192 290443264 654000128
1131	1089536 1798144 286609408 290529280 654655488
1132	1089536 1798144 286609408 290406400 655179776
1133	1089536 1798144 286609408 290406400 655704064
1134	1089536 1798144 286609408 290443264 656228352
1135	1089536 1798144 286609408 290443264 656883712
1136	1089536 1798144 286736384 290426880 657408000
1137	1089536 1798144 286609408 290406400 658063360
1138	1089536 1798144 286736384 290410496 658718720
1139	1089536 1798144 286609408 290435072 659374080
1140	1089536 1798144 286609408 290308096 659898368
1141	1089536 1798144 286609408 290435072 660422656
1142	1089536 1798144 286609408 290410496 661078016
1143	1089536 1798144 286732288 290287616 661733376
1144	1089536 1798144 286605312 290344960 662257664
1145	1089536 1802240 286605312 290406400 662913024
1146	1089536 1802240 286851072 290447360 663568384
1147	1089536 1802240 286724096 290533376 664092672
1148	1089536 1802240 286724096 290406400 664748032
1149	1089536 1802240 287105024 290402304 665403392
1150	1089536 1802240 286851072 290320384 665927680
1151	1089536 1802240 286978048 290533376 666451968
1152	1089536 1802240 286859264 290406400 667107328
1153	1089536 1802240 286605312 290430976 667893760
1154	1089536 1802240 286613504 290398208 668680192
1155	1089536 1802240 286613504 290516992 669466624
1156	1089536 1802240 286486528 290390016 670253056
1157	1089536 1802240 286613504 290525184 671170560
1158	1089536 1802240 286613504 290316288 671956992
1159	1089536 1802240 286740480 290398208 672743424
1160	1089536 1802240 286740480 290521088 672837632
1161	1089536 1802240 286613504 290271232 673263616
1162	1089536 1802240 286740480 290361344 674574336
1163	1089536 1802240 286740480 290385920 676802560
1164	1089536 1802240 286740480 290385920 679161856
1165	1089536 1802240 286732288 290385920 681652224
1166	1089536 1802240 286613504 290385920 684011520
1167	1089536 1802240 286613504 290340864 686501888
1168	1089536 1802240 286728192 290344960 688730112
1169	1089536 1802240 286613504 290287616 691351552
1170	1089536 1802240 286736384 290406400 693710848
1171	1089536 1802240 286736384 290279424 696201216
1172	1089536 1802240 286867456 290406400 698691584
1173	1089536 1802240 286863360 290406400 701050880
1174	1089536 1802240 286994432 290406400 703672320
1175	1089536 1802240 286740480 290406400 704684032
1176	1089536 1802240 286851072 290279424 704684032
1177	1089536 1802240 287088640 290279424 704684032
1178	1089536 1802240 286711808 290422784 704684032
1179	1089536 1802240 286736384 290308096 704684032
1180	1089536 1802240 286728192 290508800 704684032
1181	1089536 1802240 286855168 290529280 704684032
1182	1093632 1802240 286855168 290529280 704684032
1183	1093632 1802240 286855168 290283520 704684032
1184	1093632 1802240 286838784 290258944 704684032
1185	1093632 1802240 286838784 290357248 704684032
1186	1093632 1802240 286711808 290250752 704684032
1187	1093632 1802240 286711808 290377728 704684032
1188	1093632 1802240 286711808 290406400 704684032
1189	1093632 1802240 286711808 290394112 704684032
1190	1093632 2113536 286838784 290390016 704684032
1191	1093632 2113536 286711808 290390016 704684032
1192	1093632 2113536 286965760 290512896 704684032
1193	1093632 2113536 288743424 290516992 704684032
1194	1097728 2457600 288747520 290406400 704696320
1195	1097728 2457600 288743424 290529280 672837632
1196	1097728 2457600 288669696 290476032 672849920
1197	1097728 2457600 288894976 290349056 290459648
1198	1097728 2457600 288890880 290328576 290406400
1199	1097728 2457600 286752768 290451456 290635776
1200	1097728 2457600 290197504 290242560 290287616
1201	1097728 2113536 3235840 290308096 290336768
1202	1302528 2113536 2457600 3235840 3235840
1203	1175552 2113536 2457600 3235840 3235840
1204	1306624 2113536 2457600 3235840 3235840
1205	1306624 2113536 2457600 3235840 3235840
1206	1306624 2113536 2457600 3235840 3235840
1207	1306624 2113536 2457600 3235840 3235840
1208	1306624 2113536 2457600 3235840 3235840
1209	1306624 2113536 2457600 3235840 3235840
1210	1306624 2113536 2457600 3235840 3235840
1211	1306624 2113536 2457600 3235840 3235840
1212	1306624 2113536 2457600 3235840 3235840
1213	1306624 2113536 2457600 3235840 3235840
1214	1306624 2113536 2457600 3235840 3235840
1215	1306624 2113536 2457600 3235840 3235840
1216	159744 2113536 2457600 3235840 3235840
1217	2113536 2113536 2457600 3235840 3235840
1218	114688 114688 2457600 3235840 3235840
1219	69632 69632 3235840 3235840 3235840
1220	3235840 3235840 3235840 3235840 3235840
