1	90 1316 1396 1484 10689427
2	160 168 250 418 12034030
3	0 90 250 97114 8828520
4	0 0 229908 1065534 5606236
5	0 5616 994667 3458857 5755189
6	0 201564 1831441 3918069 5820209
7	0 140382 2050736 3340682 5338198
8	0 275628 1974649 3579420 5096835
9	0 346146 2151795 4397734 21374977
10	70 333068 2533855 4631926 14957085
11	0 322872 2232270 4446686 38580075
12	0 340138 3231787 4936774 18831884
13	612 324230 3032548 4583722 20819179
14	222 382460 3369095 5155264 18428671
15	444 426176 3351755 4839908 16979582
16	444 360144 2861812 4923578 21709054
17	518 347754 2446003 4625709 20926191
18	592 358048 2352438 4258982 20749578
19	518 304704 3166104 4432820 22336555
20	518 383772 2904909 4421194 21165364
21	444 390266 3278456 4985662 18026688
22	592 377114 2174376 4509630 21571110
23	518 309984 2321457 4364302 22277709
24	444 368328 2429177 4388458 21593057
25	444 351076 2764139 4446356 23250297
26	518 482904 2635895 4400290 20475433
27	444 465992 2746034 4928024 17490972
28	518 402152 2950986 4481812 19787873
29	370 312836 3245743 4577616 23742846
30	518 446348 2414793 4767456 22052463
31	444 355196 2731113 4324474 21405108
32	518 448072 2673027 4861314 22787246
33	518 343178 2831500 4381968 18826175
34	518 364038 2574635 3739870 21404648
35	444 386746 2974347 4064828 24849151
36	518 368406 2679534 4200875 22817046
37	518 341814 2794406 3899723 20962217
38	444 413228 2607252 4155752 21632758
39	444 411714 2833213 4203040 23690642
40	518 433222 2756985 4458078 19100204
41	592 398954 2801376 4510810 22841710
42	518 392246 2414110 4777676 19653689
43	444 340880 2817216 4581208 22780666
44	518 349814 3152449 4323702 22230193
45	518 327218 3263233 4582708 14360021
46	518 350652 2690094 4253196 15581933
47	592 348800 2722352 4905894 21060208
48	444 402316 2888712 4846538 17304657
49	518 532998 2805795 4933998 21972379
50	444 519972 2993596 4577880 22440166
51	518 351712 2994885 5101952 24149532
52	518 326018 2952692 4262054 15255812
53	518 290324 2835974 5038866 22760112
54	518 350838 2927051 4575458 22390890
55	444 352998 3017314 4167070 24687630
56	634 321492 3480235 4444706 13293216
57	518 348000 3267924 4110189 23536500
58	444 430186 3060040 4266490 21040292
59	518 339692 2759948 4271393 24829290
60	444 513470 2960736 4253200 22423088
61	592 461228 3436184 4379041 14608635
62	518 375932 2775077 4107404 24502685
63	444 331632 3491244 4522250 22041486
64	518 335034 2762118 4589790 20940178
65	444 340578 3279857 4575260 20797435
66	444 261074 3067879 4256028 19204197
67	518 357152 3332089 4836626 17223519
68	518 350392 3169227 4993046 23385329
69	444 284780 2658443 4985542 20362115
70	592 282206 2878039 4734202 20140622
71	518 259330 2603916 4229182 20801361
72	518 286092 2941484 4111889 23131497
73	444 387930 2629470 4259088 23655156
74	444 355202 2596286 4642612 19233055
75	518 311510 2545784 4463140 20617901
76	518 302410 2953110 4549918 20738264
77	518 299094 3767670 4716716 22232702
78	444 370646 3048716 4797358 20624983
79	518 326826 2196745 4428504 22665428
80	592 304878 3091479 4233689 18898495
81	444 353090 2720964 4734774 19142387
82	518 316840 3166873 4768680 17623514
83	518 326624 2975919 4832940 23980412
84	444 308334 3301116 4430097 21044138
85	518 333092 2621368 4255490 21402218
86	592 324986 3112468 4410192 23801595
87	518 312830 2463223 3989389 19729273
88	486 357636 3644706 4364980 20783423
89	518 317948 2660315 4079656 23133944
90	444 274488 3220724 4233836 26434784
91	518 414404 2993820 4145367 20810957
92	518 374962 3156114 4769018 20103534
93	444 330518 2991472 4683768 24099304
94	518 399092 3296254 4648934 23001309
95	518 341730 3228092 4497821 15487041
96	444 289796 2872409 4640110 20134711
97	518 355062 3615755 4924260 24529608
98	444 333942 2883530 4962104 18741870
99	592 291116 3693149 5289532 22995139
100	444 296850 2186668 5033130 25363931
101	518 292502 3421843 4951438 19610813
102	518 274022 3605854 4833872 24396157
103	444 383648 2710975 4746410 22309410
104	370 391898 3169064 4832940 21716938
105	518 368568 2844968 4948284 19146582
106	444 393020 2818807 4305960 23140868
107	518 368064 3218218 4251118 24522020
108	444 319400 2820418 3930868 22900256
109	444 382790 2798333 4041917 21251824
110	518 315198 3607668 4365804 17978278
111	444 288600 3009028 4289792 20977638
112	518 394596 3478966 4125516 20111769
113	444 391676 3286608 4032980 19013382
114	444 350212 3269023 4303745 21819551
115	518 358634 2114353 4710772 20999515
116	518 353726 3180956 4575198 21549265
117	444 374408 2238952 4148476 18041016
118	518 402722 2299401 4122342 19143293
119	444 406698 2409339 4052052 16379895
120	560 359616 2142031 4378369 23691759
121	518 371348 3385971 4940303 16485328
122	444 362726 3583714 4902344 20327666
123	518 362998 3366410 4711432 16970398
124	444 340220 3301506 4639648 21055206
125	518 332498 2705553 4961844 21625506
126	518 312368 3208037 4364120 24187345
127	444 312566 3017566 4515364 17525001
128	370 330708 3071779 4451842 18868728
129	518 338834 2629829 4133236 22263931
130	518 380480 3015197 4510524 24590132
131	518 339156 2820393 4087509 22456063
132	444 368072 2785696 4511074 23217707
133	518 411608 3362223 4705134 21703419
134	518 402194 3192120 3989195 20586236
135	444 310322 2360938 4202984 19844842
136	444 328076 2188560 4768750 20969137
137	518 415600 2678196 4306343 18871743
138	518 405024 2417397 4718482 16699297
139	518 350648 2633760 4639648 19660165
140	518 373838 3002230 4448518 22534801
141	444 319100 3094318 4833068 21815070
142	518 384506 3457402 4693478 24706691
143	444 380018 2446335 4063930 15782353
144	444 467732 2864241 4214812 24463222
145	518 353486 2840900 4073240 17843665
146	444 408324 2513510 3980434 21853586
147	518 438214 3444461 4701236 23815498
148	518 437694 3017292 4446488 20155961
149	518 360746 2583390 4835510 23411147
150	518 358824 3492969 4704976 21079189
151	518 273956 2856145 3998928 19769158
152	486 349138 3058458 4232346 23689991
153	444 343586 3064424 4253460 19031626
154	444 505270 3210820 4581662 14284716
155	444 507048 2948488 4516084 19115556
156	518 383178 3071763 4277310 22339428
157	518 345754 2867572 4488902 22942007
158	444 328068 3480230 4451562 24591797
159	444 388796 2967777 4321976 21658276
160	518 344556 2168930 4446686 22189186
161	592 416260 3162408 4252936 19563217
162	444 388334 3812155 4782925 22863620
163	518 350912 3200806 4706304 19109762
164	518 432566 2788973 4707238 24300644
165	518 358634 3772484 4830806 21890399
166	592 334358 2881268 4080722 22277955
167	370 338834 2966186 4252936 20151865
168	518 386214 2925622 4535340 19681639
169	444 381998 3059542 4722662 25855765
170	518 380134 2727334 4959208 21768213
171	444 357776 4051439 4634796 18962411
172	518 334998 2950722 4546573 24316071
173	592 320288 3405220 4251392 24499071
174	444 330848 3092903 4690640 22827464
175	518 302996 3808872 4364020 20170284
176	592 359500 2824043 4530738 20566008
177	518 296594 3304331 4674904 22043966
178	518 313952 2864708 3475632 19535815
179	370 344172 2910681 3516184 21130558
180	518 346606 2475716 4017771 24101064
181	444 373212 3290752 3885444 23496522
182	518 434666 3160015 4316258 27106855
183	518 402120 3592933 4122782 22129872
184	560 324446 2991947 3932814 19279808
185	518 367734 3085017 4312699 20080837
186	444 329916 2929774 3764014 24059122
187	370 351498 3127466 3869952 15731689
188	444 381074 3281136 4305920 23263483
189	518 388788 3038380 3639969 16818545
190	518 427208 3036634 4464154 19246512
191	518 375036 3145882 3914526 25864401
192	444 390308 3081396 3669374 20507916
193	518 448848 3653933 4388596 22271636
194	444 346812 3014048 4288828 18985695
195	592 358972 2971935 4643802 18329307
196	592 305166 2709186 4382624 19457808
197	444 336524 3048659 4460654 18798715
198	444 339890 3331429 4706990 26586515
199	518 367882 3492832 4448220 15391599
200	444 369690 2960548 4643086 16078577
201	518 307286 2774743 4449482 21420560
202	444 392352 3366452 4437137 17708419
203	518 355796 3227766 4190496 23644189
204	592 364780 3219855 4254402 23449973
205	444 350318 3403096 4221194 22224319
206	518 333026 2654595 4959970 20548195
207	444 354534 2679625 4641550 20912672
208	518 342390 3102965 4833232 23334530
209	444 321410 3406160 4327590 23124401
210	592 330716 2108659 4434957 21168243
211	444 342530 2691270 4233023 17251998
212	592 364046 3792907 4321330 22652638
213	444 311634 3264986 4595568 4275759456
214	518 438494 3182893 4597016 19475911
215	444 415914 2982588 5113652 25802603
216	486 349922 3115199 4376944 21552844
217	518 347150 3221571 4567778 21239258
218	444 395784 3648958 4128384 23207816
219	444 369268 2294321 4396706 26479765
220	444 352908 3884754 4663597 20436988
221	592 311964 2775756 4402287 18828621
222	444 286826 3420850 4708854 19538076
223	518 378558 3447508 4515492 23852610
224	444 332366 3152197 4154264 25689620
225	518 331574 3349188 4342610 23089163
226	444 464572 2061489 4353676 19309219
227	518 429914 3505149 4885592 26885358
228	444 368534 3193891 4651276 19417235
229	518 313218 2977909 4657138 24088906
230	444 319826 3099686 3922060 21500295
231	518 313028 3893885 4319868 24039407
232	444 343050 3781831 4475053 23260305
233	444 330246 3690647 4676514 18366282
234	518 341796 3119317 4369264 24683544
235	518 313028 3446794 4258700 19801765
236	412 300620 3453354 4300822 19498151
237	518 339494 2674931 4952288 25168196
238	518 372692 3398065 4617662 27645489
239	518 356720 3473918 4811882 19820758
240	518 304250 3285064 4515364 20179934
241	518 364698 3057258 5068738 24410811
242	444 334940 3004516 4773606 22233667
243	444 368832 3174244 4837890 23960769
244	444 345368 2823019 4531834 16227205
245	444 312690 2918900 4525604 23812922
246	518 330056 2324370 4208338 24740500
247	518 266168 3381604 4515364 23628525
248	518 321138 3790785 4773436 22682293
249	518 297980 3261207 4780624 21587689
250	444 357108 3114359 4837890 24988092
251	444 351770 3872000 4644400 20407486
252	518 338298 2926517 4388393 24616336
253	518 269196 3636509 4469440 22837885
254	518 357752 2490869 4386456 23088266
255	518 337910 3381457 4451038 20827420
256	444 443510 3515994 4644660 26421152
257	560 385298 3402950 4902472 16765062
258	518 378698 3314221 4579818 21965807
259	518 274954 3589877 4386456 23714856
260	592 317722 3711187 4644528 23429553
261	370 331706 3628575 4450910 24931796
262	518 309968 3478320 4599968 19860523
263	444 305842 3046282 4450910 22025215
264	518 299820 3601955 4386456 21848694
265	444 370258 3088367 4257420 21760824
266	518 350682 2979050 4176606 24220561
267	518 448006 2814848 4271789 25249983
268	444 453774 3208380 4515364 22487998
269	518 452882 3195449 4116359 18637588
270	444 413480 3304946 4503354 24284789
271	518 370226 3593997 4058524 23750521
272	444 320618 2888250 4172196 22636454
273	444 469440 3280242 4380788 21748906
274	444 435458 3547914 4364872 21881280
275	518 312038 2526220 4512718 16273922
276	444 315206 3325040 4569426 22256011
277	486 292296 3216020 4645586 21069159
278	518 339044 2854193 4502812 23978379
279	444 344048 2612263 4618564 22134709
280	444 404372 3003542 4699631 17702159
281	592 375588 2734194 4515492 20889644
282	518 297460 2373156 4725314 18981083
283	518 336822 3716872 4445715 24892703
284	444 341004 2538435 3363956 23733687
285	370 309258 2375291 5179435 23587101
286	444 322004 2074752 3935711 22370877
287	370 248216 1726379 4583932 22292412
288	444 395470 2525809 4465946 22905268
289	370 263578 2214844 4067286 23282801
290	592 303434 2597573 3753120 23867134
291	444 324834 2474400 3616709 22564876
292	444 363584 2641670 3226511 21116364
293	518 1622848 3121986 3892699 25988075
294	518 2764635 3321108 5479872 22438658
295	444 2142239 7105286 13475538 14540750
296	518 2680935 6217318 14412858 19297008
297	486 5550247 13084210 19251149 19251149
298	255227 3513357 13095893 14447188 14447188
299	0 354 7794462 19952472 19952472
300	396 396 16317952 16317952 16317952
301	354 354 354 354 354
