1	1253376 1417216 1757184 3592192 4800512
2	1007616 1396736 1757184 2732032 4546560
3	1007616 1142784 1724416 3223552 282628096
4	1007616 1138688 1740800 3223552 285192192
5	1052672 1142784 1765376 3858432 285163520
6	1015808 1138688 1765376 3858432 285999104
7	1015808 1212416 1765376 3858432 286244864
8	1056768 1212416 1773568 3858432 286031872
9	1056768 1744896 1794048 3858432 286269440
10	1056768 1765376 1794048 3989504 286400512
11	1056768 1765376 1781760 3989504 286162944
12	1089536 1765376 1781760 3989504 286392320
13	1081344 1765376 2007040 3989504 286416896
14	1081344 1765376 2048000 3989504 286515200
15	1081344 1765376 2048000 3989504 286666752
16	1081344 1765376 1933312 3989504 286515200
17	1081344 1765376 2064384 3989504 286502912
18	1081344 1765376 1937408 3989504 286736384
19	1081344 1765376 1937408 3989504 286584832
20	1081344 1765376 1937408 3862528 286695424
21	1081344 1753088 1937408 3862528 286670848
22	1081344 1753088 1937408 3862528 286666752
23	1081344 1753088 1937408 3862528 286650368
24	1081344 1753088 1937408 3862528 286621696
25	1081344 1753088 1937408 3862528 286724096
26	1081344 1753088 1937408 3862528 286638080
27	1081344 1753088 1937408 3862528 286740480
28	1081344 1757184 1937408 3862528 286720000
29	1081344 1757184 1937408 3862528 286568448
30	1081344 1757184 1937408 3862528 286539776
31	1081344 1757184 1937408 3862528 286773248
32	1081344 1757184 1937408 3862528 286625792
33	1081344 1757184 1937408 3862528 286732288
34	1081344 1757184 1937408 3862528 286728192
35	1081344 1757184 1937408 3862528 286617600
36	1081344 1757184 1937408 3862528 286593024
37	1081344 1757184 1937408 3862528 286703616
38	1081344 1757184 1937408 3862528 286683136
39	1081344 1757184 1937408 3862528 286785536
40	1081344 1757184 1937408 3862528 286793728
41	1081344 1757184 1937408 3862528 286642176
42	1081344 1757184 1937408 3862528 286744576
43	1081344 1757184 1937408 3862528 286584832
44	1081344 1757184 1937408 3862528 286560256
45	1081344 1757184 1937408 3862528 286535680
46	1081344 1757184 1937408 3862528 286511104
47	1081344 1757184 1937408 3862528 286486528
48	1081344 1757184 1937408 3862528 286453760
49	1081344 1757184 1937408 3862528 286429184
50	1081344 1757184 1937408 3862528 286396416
51	1081344 1757184 1937408 3862528 286367744
52	1081344 1757184 1937408 3862528 286343168
53	1081344 1757184 1937408 3862528 286314496
54	1081344 1757184 1937408 3862528 286289920
55	1081344 1765376 1937408 3862528 286257152
56	1081344 1761280 1937408 3862528 286281728
57	1081344 1761280 1937408 3862528 286384128
58	1081344 1761280 1937408 3862528 286613504
59	1081344 1761280 1937408 3862528 286584832
60	1081344 1761280 1937408 3862528 286556160
61	1081344 1761280 1937408 3862528 286560256
62	1081344 1761280 1937408 3866624 286531584
63	1081344 1761280 1937408 3870720 286617600
64	1081344 1761280 1937408 3870720 286531584
65	1081344 1761280 1937408 3870720 286633984
66	1081344 1761280 1937408 3870720 286732288
67	1081344 1761280 1937408 3870720 286588928
68	1081344 1761280 1937408 3870720 286691328
69	1081344 1761280 1937408 3870720 286842880
70	1081344 1761280 1937408 3870720 286822400
71	1081344 1761280 1937408 3870720 286797824
72	1081344 1761280 1937408 3870720 286785536
73	1081344 1761280 1937408 3870720 286633984
74	1081344 1761280 1937408 3870720 286859264
75	1081344 1761280 1937408 3870720 286834688
76	1081344 1761280 1937408 3870720 286699520
77	1081344 1761280 1937408 3870720 286801920
78	1081344 1761280 1937408 3870720 286650368
79	1081344 1761280 1937408 3870720 286625792
80	1081344 1761280 1937408 3870720 286597120
81	1081344 1761280 1937408 3870720 286572544
82	1081344 1761280 1937408 3870720 286539776
83	1081344 1761280 1937408 3870720 286511104
84	1081344 1761280 1937408 3870720 286613504
85	1081344 1761280 1937408 3870720 286711808
86	1081344 1761280 1937408 3870720 286683136
87	1081344 1761280 1937408 3870720 286679040
88	1081344 1761280 1937408 3870720 286670848
89	1081344 1761280 1937408 3870720 286773248
90	1081344 1761280 1937408 3870720 286760960
91	1081344 1761280 1937408 3870720 286744576
92	1081344 1761280 1937408 3870720 286715904
93	1081344 1769472 1937408 3874816 286695424
94	1081344 1769472 1937408 3874816 286789632
95	1081344 1769472 1937408 3874816 286760960
96	1081344 1769472 1937408 3874816 286609408
97	1081344 1769472 1937408 3874816 286584832
98	1081344 1769472 1937408 3874816 286560256
99	1081344 1769472 1937408 3874816 286654464
100	1081344 1769472 1937408 3874816 286474240
101	1081344 1769472 1937408 3874816 286576640
102	1081344 1769472 1937408 3874816 286720000
103	1081344 1769472 1937408 3878912 286695424
104	1081344 1769472 1937408 3878912 286670848
105	1081344 1777664 1937408 3878912 286646272
106	1081344 1769472 1937408 3878912 286695424
107	1081344 1777664 1937408 3878912 286736384
108	1081344 1773568 1937408 3878912 286863360
109	1081344 1773568 1937408 3878912 286650368
110	1081344 1773568 1937408 3878912 286883840
111	1081344 1773568 1937408 3878912 286748672
112	1081344 1773568 1937408 3878912 286720000
113	1081344 1773568 1937408 3878912 286691328
114	1081344 1773568 1937408 3878912 286662656
115	1081344 1773568 1937408 3878912 286625792
116	1081344 1773568 1937408 3878912 286597120
117	1081344 1773568 1937408 3878912 286707712
118	1081344 1773568 1937408 3878912 286576640
119	1081344 1773568 1937408 3878912 286679040
120	1081344 1773568 1937408 3878912 286646272
121	1081344 1773568 1937408 3878912 286617600
122	1081344 1773568 1937408 3878912 286711808
123	1081344 1773568 1937408 3878912 286699520
124	1081344 1773568 1937408 3878912 286674944
125	1081344 1773568 1937408 3878912 286674944
126	1081344 1773568 1937408 3878912 286662656
127	1081344 1773568 1937408 3878912 286633984
128	1081344 1773568 1937408 3878912 286212096
129	1081344 1773568 1937408 3878912 286085120
130	1081344 1773568 1937408 3878912 286441472
131	1081344 1773568 1937408 3878912 286429184
132	1081344 1773568 1937408 3878912 286412800
133	1081344 1773568 1937408 3878912 286515200
134	1081344 1773568 1937408 3878912 286527488
135	1081344 1773568 1937408 3878912 286380032
136	1081344 1773568 1937408 4009984 286609408
137	1081344 1773568 1937408 3883008 286593024
138	1081344 1773568 1937408 3883008 286822400
139	1081344 1773568 1937408 3883008 286793728
140	1081344 1773568 1937408 3883008 286658560
141	1081344 1773568 1937408 3883008 286646272
142	1081344 1773568 1937408 3883008 286748672
143	1081344 1773568 1937408 3883008 286601216
144	1081344 1773568 1937408 3883008 286576640
145	1081344 1773568 1937408 3883008 286679040
146	1081344 1773568 1937408 3883008 286674944
147	1081344 1773568 1937408 3883008 286658560
148	1081344 1773568 1937408 3883008 286629888
149	1081344 1773568 1937408 3883008 286732288
150	1081344 1773568 1937408 3883008 286728192
151	1081344 1773568 1937408 3883008 286699520
152	1081344 1773568 1937408 3883008 286560256
153	1081344 1773568 1937408 3883008 286535680
154	1081344 1773568 1937408 3883008 286760960
155	1081344 1773568 1937408 3883008 286625792
156	1081344 1773568 1937408 3883008 286601216
157	1081344 1773568 1937408 3883008 286703616
158	1081344 1773568 1937408 3883008 286740480
159	1081344 1773568 1937408 3883008 286605312
160	1081344 1773568 1937408 3883008 286707712
161	1081344 1773568 1941504 3883008 286699520
162	1081344 1773568 1941504 3883008 286580736
163	1081344 1773568 1941504 3883008 286683136
164	1081344 1773568 1941504 3883008 286527488
165	1081344 1773568 1941504 3883008 286547968
166	1081344 1773568 1941504 3883008 286650368
167	1081344 1773568 1941504 3883008 286629888
168	1081344 1773568 1941504 3883008 286613504
169	1081344 1773568 1941504 3883008 286584832
170	1081344 1773568 1941504 3883008 286564352
171	1081344 1773568 1941504 3883008 286416896
172	1081344 1773568 1941504 3883008 286519296
173	1081344 1773568 1941504 3883008 286380032
174	1081344 1773568 1941504 3883008 286359552
175	1081344 1773568 1941504 3883008 286461952
176	1081344 1773568 1941504 3883008 286310400
177	1081344 1773568 1941504 3883008 286294016
178	1081344 1773568 1941504 3883008 286519296
179	1081344 1773568 1941504 3883008 286375936
180	1081344 1773568 1941504 3883008 286486528
181	1081344 1773568 1941504 3883008 286588928
182	1081344 1773568 1941504 3883008 286572544
183	1081344 1773568 1941504 3883008 286547968
184	1081344 1773568 1941504 3883008 286646272
185	1081344 1773568 1941504 3883008 286601216
186	1081344 1773568 1941504 3883008 286445568
187	1081344 1773568 1941504 3883008 286416896
188	1081344 1773568 1941504 3883008 286629888
189	1081344 1773568 1941504 3883008 286621696
190	1081344 1773568 1941504 3883008 286724096
191	1081344 1773568 1941504 3883008 286707712
192	1081344 1773568 1941504 3883008 286568448
193	1081344 1773568 1941504 3883008 286674944
194	1081344 1773568 1941504 3883008 286515200
195	1081344 1773568 1941504 3883008 286617600
196	1081344 1773568 1941504 3883008 286687232
197	1081344 1773568 1941504 3883008 286666752
198	1081344 1781760 1941504 3883008 286638080
199	1081344 1781760 1941504 3883008 286621696
200	1081344 1777664 1941504 3883008 286527488
201	1081344 1777664 1941504 3883008 286498816
202	1081344 1777664 1941504 3883008 286490624
203	1081344 1777664 1945600 3883008 286597120
204	1081344 1777664 1945600 3883008 286568448
205	1081344 1777664 1945600 3883008 286556160
206	1081344 1777664 1945600 3883008 286576640
207	1081344 1777664 1945600 3883008 286552064
208	1081344 1777664 2002944 3883008 286400512
209	1081344 1777664 2002944 3883008 286371840
210	1081344 1777664 2002944 3883008 286343168
211	1081344 1777664 2002944 3883008 286306304
212	1081344 1777664 1961984 3883008 286412800
213	1081344 1777664 1961984 3883008 286384128
214	1081344 1777664 1961984 3883008 286257152
215	1081344 1777664 1961984 3883008 286359552
216	1081344 1777664 1961984 3883008 286330880
217	1081344 1777664 1961984 3883008 286433280
218	1081344 1777664 1961984 3883008 286294016
219	1081344 1777664 1961984 3883008 286515200
220	1081344 1777664 1961984 3883008 286494720
221	1081344 1777664 1961984 3883008 286466048
222	1081344 1777664 1961984 3883008 286437376
223	1081344 1777664 1961984 3883008 286547968
224	1081344 1777664 1961984 3883008 286404608
225	1081344 1777664 1961984 3883008 286375936
226	1081344 1781760 1961984 3883008 286351360
227	1081344 1781760 1961984 3883008 286445568
228	1081344 1781760 1961984 3883008 286294016
229	1081344 1781760 1961984 3883008 286498816
230	1081344 1781760 1961984 3883008 286482432
231	1081344 1781760 1961984 3883008 286453760
232	1081344 1781760 1961984 3883008 286429184
233	1081344 1781760 1961984 3883008 286539776
234	1081344 1781760 1961984 3883008 286511104
235	1081344 1781760 1961984 3883008 286507008
236	1081344 1781760 1961984 3883008 286617600
237	1081344 1781760 1961984 3883008 286720000
238	1081344 1781760 1961984 3883008 286572544
239	1081344 1781760 1961984 3883008 286765056
240	1081344 1781760 1961984 3883008 286740480
241	1081344 1781760 1961984 3883008 286728192
242	1081344 1781760 1961984 3883008 286593024
243	1081344 1781760 1961984 3883008 286560256
244	1081344 1781760 1961984 3883008 286535680
245	1081344 1781760 1961984 3883008 286507008
246	1081344 1781760 1961984 3883008 286478336
247	1081344 1781760 1961984 3883008 286453760
248	1081344 1781760 1961984 3883008 286347264
249	1081344 1781760 1961984 3883008 286318592
250	1081344 1781760 1961984 3883008 286285824
251	1081344 1781760 1961984 3883008 286367744
252	1081344 1781760 1961984 3883008 286339072
253	1081344 1781760 1961984 3883008 286416896
254	1081344 1781760 1961984 3883008 286519296
255	1081344 1781760 1961984 3883008 286490624
256	1081344 1781760 1961984 3883008 286478336
257	1081344 1781760 1961984 3883008 286453760
258	1081344 1781760 1961984 3883008 286547968
259	1081344 1781760 1961984 3883008 286597120
260	1081344 1781760 1961984 3883008 286572544
261	1081344 1781760 1961984 3883008 286674944
262	1081344 1781760 1961984 3883008 286658560
263	1081344 1781760 1961984 3883008 286629888
264	1081344 1781760 1961984 3883008 286482432
265	1081344 1781760 1961984 3883008 286461952
266	1081344 1781760 1961984 3883008 286556160
267	1081344 1781760 1961984 3883008 286552064
268	1081344 1781760 1961984 3883008 286400512
269	1081344 1781760 1961984 3883008 286375936
270	1081344 1781760 1961984 3883008 286478336
271	1081344 1781760 1961984 3883008 286724096
272	1081344 1781760 1961984 3883008 286695424
273	1081344 1781760 1961984 3883008 286683136
274	1081344 1781760 1961984 3883008 286539776
275	1081344 1781760 1961984 3883008 286646272
276	1081344 1781760 1961984 3883008 286625792
277	1081344 1781760 1961984 3883008 286519296
278	1081344 1781760 1961984 3883008 286621696
279	1081344 1781760 1961984 3883008 286617600
280	1081344 1781760 1961984 3883008 286605312
281	1081344 1781760 1961984 3883008 286576640
282	1081344 1781760 1961984 3883008 286445568
283	1081344 1781760 1961984 3883008 286478336
284	1081344 1781760 1961984 3883008 286449664
285	1081344 1781760 1961984 3883008 286568448
286	1081344 1781760 1961984 3883008 286560256
287	1081344 1781760 1961984 3883008 286535680
288	1081344 1781760 1961984 3883008 286576640
289	1081344 1781760 1961984 3883008 286420992
290	1081344 1781760 1961984 3883008 286515200
291	1081344 1781760 1961984 3883008 286507008
292	1081344 1781760 1961984 3883008 286502912
293	1081344 1781760 2002944 3883008 286474240
294	1081344 1781760 1966080 3883008 286339072
295	1081344 1781760 1966080 3883008 286318592
296	1081344 1781760 1966080 3883008 286289920
297	1081344 1781760 1966080 3883008 286400512
298	1081344 1781760 1966080 3883008 286339072
299	1081344 1781760 1966080 3883008 286437376
300	1081344 1781760 1966080 3883008 286240768
301	1081344 1781760 1966080 3883008 286121984
302	1081344 1781760 1966080 3883008 286359552
303	1081344 1781760 1966080 3883008 286461952
304	1081344 1781760 1966080 3883008 286445568
305	1081344 1781760 1966080 3883008 286412800
306	1081344 1781760 1966080 3883008 286449664
307	1081344 1781760 1966080 3883008 286445568
308	1081344 1781760 1966080 3883008 286552064
309	1081344 1781760 1966080 3883008 286666752
310	1081344 1781760 1966080 3883008 286515200
311	1081344 1781760 1966080 3883008 286486528
312	1081344 1781760 1966080 3883008 286593024
313	1081344 1781760 1966080 3883008 286703616
314	1081344 1781760 1966080 3883008 286797824
315	1081344 1781760 1966080 3883008 286679040
316	1081344 1781760 1966080 3883008 286560256
317	1081344 1781760 1966080 3883008 286527488
318	1081344 1781760 1966080 3883008 286633984
319	1081344 1781760 1966080 3883008 286830592
320	1081344 1781760 1966080 3883008 286801920
321	1081344 1781760 1966080 3883008 286789632
322	1081344 1781760 1966080 3883008 286654464
323	1081344 1781760 1966080 3883008 286756864
324	1081344 1781760 1966080 3883008 286617600
325	1081344 1781760 1966080 3883008 286593024
326	1081344 1781760 1966080 3883008 286691328
327	1081344 1781760 1966080 3883008 286466048
328	1081344 1781760 1966080 3883008 286437376
329	1081344 1781760 1966080 3883008 286539776
330	1081344 1781760 1966080 3883008 286638080
331	1081344 1781760 1966080 3883008 286715904
332	1081344 1781760 1966080 3883008 286691328
333	1081344 1781760 1966080 3883008 286674944
334	1081344 1781760 1966080 3883008 286650368
335	1081344 1781760 1966080 3883008 286625792
336	1081344 1781760 1966080 3883008 286597120
337	1081344 1781760 1966080 3883008 286572544
338	1081344 1781760 1966080 3883008 286621696
339	1081344 1781760 1966080 3883008 286732288
340	1081344 1781760 1966080 3883008 286703616
341	1081344 1781760 1966080 3883008 286547968
342	1081344 1781760 1966080 3883008 286466048
343	1081344 1781760 1966080 3883008 286568448
344	1081344 1781760 1966080 3883008 286818304
345	1081344 1781760 1966080 3883008 286674944
346	1081344 1781760 1966080 3883008 286642176
347	1081344 1781760 1966080 3883008 286609408
348	1081344 1781760 1966080 3883008 286720000
349	1081344 1781760 1966080 3883008 286691328
350	1081344 1781760 1966080 3883008 286543872
351	1081344 1781760 1966080 3883008 286519296
352	1081344 1781760 1966080 3883008 286617600
353	1081344 1781760 1966080 3883008 286728192
354	1081344 1781760 1966080 3883008 286748672
355	1081344 1781760 1966080 3883008 286720000
356	1081344 1781760 1966080 3883008 286736384
357	1081344 1781760 1966080 3883008 286593024
358	1081344 1781760 1966080 3883008 286699520
359	1081344 1781760 1966080 3883008 286691328
360	1081344 1781760 1966080 3883008 286568448
361	1081344 1781760 1966080 3883008 286670848
362	1081344 1781760 1966080 3883008 286568448
363	1081344 1781760 1966080 3883008 286535680
364	1081344 1781760 1966080 3883008 286507008
365	1081344 1781760 1966080 3883008 286617600
366	1081344 1781760 1966080 3883008 286642176
367	1081344 1781760 1966080 3883008 286617600
368	1081344 1781760 1966080 3883008 286609408
369	1081344 1781760 1966080 3883008 286597120
370	1081344 1781760 1966080 3883008 286568448
371	1081344 1781760 1966080 3883008 286556160
372	1081344 1781760 1966080 3883008 286408704
373	1081344 1781760 1966080 3883008 286515200
374	1081344 1781760 1966080 3883008 286625792
375	1081344 1781760 1966080 3883008 286494720
376	1081344 1781760 1966080 3883008 286601216
377	1081344 1781760 1966080 3883008 286474240
378	1081344 1781760 1966080 3883008 286453760
379	1081344 1781760 1966080 3883008 286425088
380	1081344 1781760 1966080 3883008 286380032
381	1081344 1781760 1966080 3883008 286486528
382	1081344 1781760 1966080 3883008 286593024
383	1081344 1781760 1966080 3883008 286695424
384	1081344 1781760 1966080 3883008 286666752
385	1081344 1781760 1966080 3883008 286765056
386	1081344 1781760 1966080 3883008 286748672
387	1081344 1781760 1966080 3883008 286646272
388	1081344 1781760 1966080 3883008 286752768
389	1081344 1781760 1966080 3883008 286732288
390	1081344 1781760 1966080 3883008 286584832
391	1081344 1781760 1966080 3883008 286560256
392	1081344 1781760 1966080 3883008 286609408
393	1081344 1781760 1966080 3883008 286601216
394	1081344 1781760 1966080 3883008 286703616
395	1081344 1781760 1966080 3883008 286564352
396	1081344 1781760 1966080 3883008 286670848
397	1081344 1781760 1966080 3883008 286515200
398	1081344 1781760 1966080 3883008 286490624
399	1081344 1781760 1966080 3883008 286461952
400	1081344 1781760 1966080 3883008 286625792
401	1081344 1781760 1966080 3883008 286605312
402	1081344 1781760 1966080 3883008 286580736
403	1081344 1781760 1966080 3883008 286683136
404	1081344 1781760 1966080 3883008 286666752
405	1081344 1781760 1966080 3883008 286642176
406	1081344 1781760 1966080 3883008 286744576
407	1081344 1781760 1966080 3883008 286748672
408	1081344 1781760 1966080 3883008 286720000
409	1081344 1781760 1966080 3883008 286560256
410	1081344 1781760 1966080 3883008 286531584
411	1081344 1781760 1966080 3883008 286507008
412	1081344 1781760 1966080 3883008 286515200
413	1081344 1781760 1966080 3883008 286507008
414	1081344 1781760 1966080 3883008 286609408
415	1081344 1781760 1966080 3883008 286633984
416	1081344 1781760 1966080 3883008 286478336
417	1081344 1781760 1966080 3883008 286453760
418	1081344 1781760 1966080 3883008 286597120
419	1081344 1781760 1966080 3883008 286466048
420	1081344 1781760 1966080 3883008 286572544
421	1081344 1781760 1966080 3883008 286556160
422	1081344 1781760 1966080 3883008 286552064
423	1081344 1781760 1966080 3883008 286650368
424	1081344 1781760 1966080 3883008 286633984
425	1081344 1781760 1966080 3883008 286633984
426	1081344 1781760 1966080 3883008 286601216
427	1081344 1781760 1966080 3883008 286593024
428	1081344 1781760 1966080 3883008 286588928
429	1081344 1781760 1966080 3883008 286560256
430	1081344 1781760 1966080 3883008 286621696
431	1081344 1781760 1966080 3883008 286695424
432	1081344 1781760 1966080 3883008 286658560
433	1081344 1781760 1966080 3883008 286560256
434	1081344 1781760 1966080 3883008 286445568
435	1081344 1781760 1966080 3883008 286625792
436	1081344 1781760 1966080 3883008 286728192
437	1081344 1781760 1966080 3883008 286691328
438	1081344 1781760 1966080 3883008 286793728
439	1081344 1781760 1966080 3883008 286646272
440	1081344 1781760 1966080 3883008 286613504
441	1081344 1781760 1966080 3883008 286715904
442	1081344 1781760 1966080 3883008 286568448
443	1081344 1781760 1966080 3883008 286539776
444	1081344 1781760 1966080 3883008 286642176
445	1081344 1781760 1966080 3883008 286629888
446	1081344 1781760 1966080 3883008 286601216
447	1081344 1781760 1966080 3883008 286609408
448	1081344 1781760 1966080 3883008 286572544
449	1081344 1781760 1966080 3883008 286543872
450	1081344 1781760 1966080 3883008 286519296
451	1081344 1781760 1966080 3883008 286490624
452	1081344 1781760 1966080 3883008 286466048
453	1081344 1781760 1966080 3883008 286572544
454	1081344 1781760 2002944 3883008 286470144
455	1081344 1781760 1970176 3883008 286625792
456	1081344 1781760 1970176 3883008 286601216
457	1081344 1781760 1970176 3883008 286707712
458	1081344 1781760 1970176 3883008 286695424
459	1081344 1781760 1970176 3883008 286670848
460	1081344 1781760 1970176 3883008 286642176
461	1081344 1781760 1970176 3883008 286511104
462	1081344 1781760 1970176 3883008 286498816
463	1081344 1781760 1970176 3883008 286593024
464	1081344 1781760 1970176 3883008 286748672
465	1081344 1781760 1970176 3883008 286679040
466	1081344 1781760 1970176 3883008 286781440
467	1081344 1781760 1970176 3883008 286642176
468	1081344 1781760 1970176 3883008 286617600
469	1081344 1781760 1970176 3883008 286593024
470	1081344 1781760 1970176 3883008 286695424
471	1081344 1781760 1970176 3883008 286658560
472	1081344 1781760 1970176 3883008 286760960
473	1081344 1781760 1970176 3883008 286748672
474	1081344 1781760 1970176 3883008 286724096
475	1081344 1781760 1970176 3883008 286826496
476	1081344 1781760 1970176 3883008 286679040
477	1081344 1781760 1970176 3883008 286662656
478	1081344 1781760 1970176 3883008 286633984
479	1081344 1781760 1970176 3883008 286670848
480	1081344 1781760 1970176 3883008 286916608
481	1081344 1781760 1970176 3883008 286900224
482	1081344 1781760 1970176 3883008 286875648
483	1081344 1781760 1970176 3883008 286715904
484	1081344 1781760 1970176 3883008 286744576
485	1081344 1781760 1970176 3883008 286724096
486	1081344 1781760 1970176 3883008 286830592
487	1081344 1781760 1970176 3883008 286683136
488	1081344 1781760 1970176 3883008 286810112
489	1081344 1781760 1970176 3883008 286785536
490	1081344 1781760 1970176 3883008 286760960
491	1081344 1781760 1970176 3883008 286605312
492	1081344 1781760 1970176 3883008 286683136
493	1081344 1781760 1970176 3883008 286662656
494	1081344 1781760 1970176 3883008 286769152
495	1081344 1781760 1970176 3883008 286756864
496	1081344 1781760 1970176 3883008 286855168
497	1081344 1781760 1970176 3883008 286818304
498	1081344 1781760 1970176 3883008 286732288
499	1081344 1781760 1970176 3883008 286720000
500	1081344 1781760 1970176 3883008 286756864
501	1081344 1781760 1970176 3883008 286744576
502	1081344 1781760 1970176 3883008 286728192
503	1081344 1781760 1970176 3883008 286699520
504	1081344 1781760 1970176 3883008 286769152
505	1081344 1781760 1970176 3883008 286896128
506	1081344 1781760 1970176 3883008 286810112
507	1081344 1781760 1970176 3883008 286916608
508	1081344 1781760 1970176 3883008 286896128
509	1081344 1781760 1970176 3883008 286806016
510	1081344 1781760 1970176 3883008 286777344
511	1081344 1781760 1970176 3883008 286748672
512	1081344 1781760 1970176 3883008 286724096
513	1081344 1781760 1970176 3883008 286695424
514	1081344 1781760 1970176 3883008 286588928
515	1081344 1781760 1970176 3883008 286654464
516	1081344 1781760 1970176 3883008 286760960
517	1081344 1781760 1970176 3883008 286765056
518	1081344 1781760 1970176 3883008 286740480
519	1081344 1781760 1970176 3883008 286846976
520	1081344 1781760 1970176 3883008 286736384
521	1081344 1781760 1970176 3883008 286855168
522	1081344 1781760 1970176 3883008 286826496
523	1081344 1781760 1970176 3883008 286801920
524	1081344 1781760 1970176 3883008 286810112
525	1081344 1781760 1970176 3883008 286781440
526	1081344 1781760 1970176 3883008 286777344
527	1081344 1781760 1970176 3883008 286629888
528	1081344 1781760 1970176 3883008 286732288
529	1081344 1781760 1970176 3883008 286601216
530	1081344 1781760 1970176 3883008 286773248
531	1081344 1781760 1970176 3883008 286748672
532	1081344 1781760 1970176 3883008 286593024
533	1081344 1781760 1970176 3883008 286695424
534	1081344 1781760 1970176 3883008 286670848
535	1081344 1781760 1970176 3883008 286433280
536	1081344 1781760 1970176 3883008 286420992
537	1081344 1781760 1970176 3883008 286527488
538	1081344 1781760 1970176 3883008 286470144
539	1081344 1781760 1970176 3883008 286576640
540	1081344 1781760 1970176 3883008 286674944
541	1081344 1781760 1970176 3883008 286646272
542	1081344 1781760 1970176 3883008 286617600
543	1081344 1781760 1970176 3883008 286593024
544	1081344 1781760 1970176 3883008 286560256
545	1081344 1781760 1970176 3883008 286457856
546	1081344 1781760 1970176 3883008 286658560
547	1081344 1781760 1970176 3883008 286629888
548	1081344 1781760 1970176 3883008 286601216
549	1081344 1781760 1970176 3883008 286572544
550	1081344 1781760 1970176 3883008 286547968
551	1081344 1781760 1970176 3883008 286519296
552	1081344 1781760 1970176 3883008 286621696
553	1081344 1781760 1970176 3883008 286715904
554	1081344 1781760 1970176 3883008 286691328
555	1081344 1781760 1970176 3883008 286707712
556	1081344 1781760 1970176 3883008 286691328
557	1081344 1781760 1970176 3883008 286793728
558	1081344 1781760 1970176 3883008 286687232
559	1081344 1781760 1970176 3883008 286580736
560	1081344 1781760 1970176 3883008 286683136
561	1081344 1781760 1970176 3883008 286826496
562	1081344 1781760 1970176 3883008 286617600
563	1081344 1781760 1970176 3883008 286724096
564	1081344 1781760 2002944 3883008 286720000
565	1081344 1781760 2002944 3883008 286687232
566	1081344 1781760 1982464 3883008 286683136
567	1081344 1781760 1982464 3883008 286662656
568	1081344 1781760 1982464 3883008 286629888
569	1081344 1781760 1982464 3883008 286728192
570	1081344 1781760 1982464 3883008 286720000
571	1081344 1781760 1982464 3883008 286687232
572	1081344 1781760 1982464 3883008 286662656
573	1081344 1781760 1982464 3883008 286633984
574	1081344 1781760 1982464 3883008 286642176
575	1081344 1781760 1982464 3883008 286715904
576	1081344 1781760 1982464 3883008 286605312
577	1081344 1781760 1982464 4014080 286703616
578	1081344 1781760 1982464 3887104 286642176
579	1081344 1781760 1982464 3887104 286740480
580	1081344 1781760 1982464 3887104 286728192
581	1081344 1781760 1982464 3887104 286830592
582	1081344 1781760 1982464 3887104 288550912
583	1081344 1781760 1982464 3887104 288653312
584	1081344 1781760 1982464 3887104 288509952
585	1081344 1781760 1982464 3887104 288473088
586	1081344 1781760 1982464 3887104 288575488
587	1081344 1781760 1982464 3887104 288460800
588	1081344 1781760 1982464 3887104 288653312
589	1081344 1781760 2002944 3887104 288624640
590	1081344 1781760 1986560 3887104 288595968
591	1081344 1781760 1986560 3887104 288587776
592	1081344 1781760 1986560 3887104 290762752
593	1081344 1781760 1986560 4018176 290603008
594	1081344 1781760 1986560 4018176 290574336
595	1081344 1781760 1986560 4018176 290676736
596	1081344 1781760 1986560 4018176 290680832
597	1081344 1781760 1986560 4018176 290672640
598	1081344 1781760 1986560 4018176 290770944
599	1081344 1781760 1986560 4018176 290627584
600	1081344 1781760 1986560 4018176 290607104
601	1081344 1781760 1986560 4018176 290705408
602	1081344 1781760 1986560 4018176 290701312
603	1081344 1781760 1986560 3891200 290553856
604	1081344 1781760 1986560 3891200 290656256
605	1081344 1781760 1986560 3891200 290643968
606	1081344 1781760 1986560 3891200 290488320
607	1081344 1781760 1986560 3891200 290590720
608	1081344 1781760 1986560 3891200 290566144
609	1081344 1781760 1986560 3891200 290414592
610	1081344 1781760 1986560 3891200 290652160
611	1081344 1781760 1986560 3891200 290635776
612	1081344 1781760 1986560 3891200 290611200
613	1081344 1781760 1986560 3891200 290631680
614	1081344 1781760 1986560 3891200 290623488
615	1081344 1781760 1986560 3891200 290721792
616	1081344 1781760 1986560 3891200 290738176
617	1081344 1781760 1986560 3891200 290717696
618	1081344 1781760 1986560 3891200 290689024
619	1081344 1781760 1986560 3891200 290684928
620	1081344 1781760 1986560 3891200 290537472
621	1081344 1781760 1986560 3891200 290504704
622	1081344 1781760 1986560 3891200 290414592
623	1081344 1781760 1986560 3891200 290320384
624	1081344 1781760 1986560 3891200 290557952
625	1081344 1781760 1986560 3891200 290668544
626	1081344 1781760 1986560 3891200 290648064
627	1081344 1781760 1986560 3891200 290680832
628	1081344 1781760 1986560 3891200 290656256
629	1081344 1781760 1986560 3891200 290627584
630	1081344 1781760 1986560 3891200 290603008
631	1081344 1781760 1986560 3891200 290578432
632	1081344 1781760 1986560 3891200 290447360
633	1081344 1781760 1986560 3891200 290541568
634	1081344 1781760 1986560 3891200 290529280
635	1081344 1781760 1986560 3891200 290586624
636	1081344 1781760 1986560 3891200 290557952
637	1081344 1781760 1986560 3891200 290553856
638	1081344 1781760 1986560 3891200 290541568
639	1081344 1781760 1986560 3891200 290512896
640	1081344 1781760 1986560 3891200 290619392
641	1081344 1781760 1986560 3891200 290611200
642	1081344 1781760 1986560 3891200 290713600
643	1081344 1781760 1986560 3891200 290775040
644	1081344 1781760 1986560 3891200 290775040
645	1081344 1781760 1986560 3891200 290750464
646	1081344 1781760 1986560 3891200 290738176
647	1081344 1781760 1986560 3891200 290607104
648	1081344 1781760 1986560 3891200 290709504
649	1081344 1781760 1986560 3891200 290828288
650	1081344 1781760 1986560 3891200 290836480
651	1081344 1781760 1986560 3891200 290807808
652	1081344 1781760 1986560 3891200 290676736
653	1081344 1781760 1986560 3891200 290779136
654	1081344 1781760 1986560 3891200 290881536
655	1081344 1781760 1986560 3891200 290742272
656	1081344 1781760 1986560 3891200 290725888
657	1081344 1781760 1986560 3891200 290697216
658	1081344 1781760 1986560 3891200 290799616
659	1081344 1781760 1986560 3891200 290652160
660	1081344 1781760 1986560 3891200 290627584
661	1081344 1781760 1986560 3891200 290861056
662	1081344 1781760 1986560 3891200 290844672
663	1081344 1781760 1986560 3891200 290820096
664	1081344 1781760 1986560 3891200 290664448
665	1081344 1781760 1986560 3891200 290648064
666	1081344 1781760 1986560 3891200 290746368
667	1081344 1781760 1986560 3891200 290738176
668	1081344 1781760 1986560 3891200 290607104
669	1081344 1781760 1986560 3891200 290709504
670	1081344 1781760 1986560 3891200 290693120
671	1081344 1781760 1986560 3891200 290549760
672	1081344 1781760 1986560 3891200 290656256
673	1081344 1781760 1986560 3891200 290639872
674	1081344 1781760 1986560 3891200 290619392
675	1081344 1785856 1986560 3891200 290721792
676	1081344 1785856 1986560 3891200 290709504
677	1081344 1785856 1986560 3891200 290566144
678	1081344 1785856 1986560 3891200 290541568
679	1081344 1785856 1986560 3891200 290652160
680	1081344 1785856 1986560 3891200 290553856
681	1081344 1785856 1986560 3891200 290787328
682	1081344 1781760 1986560 3891200 290721792
683	1081344 1781760 1986560 3891200 290697216
684	1081344 1781760 1986560 3891200 290697216
685	1081344 1781760 1986560 3891200 290689024
686	1081344 1781760 1986560 3891200 290660352
687	1081344 1781760 1986560 3891200 290521088
688	1081344 1781760 1986560 3891200 290623488
689	1081344 1781760 1986560 3891200 290598912
690	1081344 1781760 1986560 3891200 290451456
691	1081344 1781760 1986560 3891200 290418688
692	1081344 1781760 1986560 3891200 290652160
693	1081344 1781760 1986560 3891200 290627584
694	1081344 1781760 1986560 3891200 290598912
695	1081344 1781760 1986560 3891200 290697216
696	1081344 1781760 1986560 3891200 290701312
697	1081344 1781760 1986560 3891200 290672640
698	1081344 1781760 1986560 3891200 290770944
699	1081344 1781760 1986560 3891200 290750464
700	1081344 1781760 1986560 3891200 290766848
701	1081344 1781760 1986560 3891200 290869248
702	1081344 1781760 1986560 3891200 290725888
703	1081344 1781760 1986560 3891200 290697216
704	1081344 1781760 1986560 3891200 290803712
705	1081344 1781760 1986560 3891200 290791424
706	1081344 1781760 1986560 3891200 290791424
707	1081344 1781760 1986560 3891200 290762752
708	1081344 1781760 1986560 3891200 290607104
709	1081344 1781760 1986560 3891200 290709504
710	1081344 1781760 1986560 3891200 290684928
711	1081344 1781760 1986560 3891200 290603008
712	1081344 1781760 1986560 3891200 290672640
713	1081344 1781760 1986560 3891200 290770944
714	1081344 1781760 1986560 3891200 290746368
715	1081344 1781760 1986560 3891200 290639872
716	1081344 1781760 1986560 3891200 290611200
717	1081344 1781760 1986560 3891200 290750464
718	1081344 1781760 1986560 3891200 290725888
719	1081344 1781760 1986560 3891200 290693120
720	1081344 1781760 2002944 3891200 290680832
721	1081344 1781760 1990656 3891200 290533376
722	1081344 1781760 1990656 3891200 290631680
723	1081344 1781760 1990656 3891200 290615296
724	1081344 1781760 1990656 3891200 290598912
725	1081344 1781760 1990656 3891200 290574336
726	1081344 1781760 1990656 3891200 290480128
727	1081344 1781760 1990656 3891200 290586624
728	1081344 1781760 1990656 3891200 290689024
729	1081344 1781760 1990656 3891200 290693120
730	1081344 1781760 1990656 3891200 290664448
731	1081344 1781760 1990656 3891200 290639872
732	1081344 1781760 1990656 3891200 290619392
733	1081344 1781760 1990656 3891200 290623488
734	1081344 1781760 1990656 3891200 290594816
735	1081344 1781760 1990656 3891200 290775040
736	1081344 1781760 1990656 3891200 290754560
737	1081344 1781760 1990656 3891200 290725888
738	1081344 1781760 1990656 3891200 290689024
739	1081344 1781760 1990656 3891200 290541568
740	1081344 1781760 1990656 3891200 290512896
741	1081344 1781760 1990656 3891200 290447360
742	1081344 1781760 1990656 3891200 290422784
743	1081344 1781760 1990656 3891200 290529280
744	1081344 1781760 1990656 3891200 290512896
745	1081344 1781760 1990656 3891200 290492416
746	1081344 1781760 1990656 3891200 290598912
747	1081344 1781760 1990656 3891200 290570240
748	1081344 1781760 1990656 3891200 290476032
749	1081344 1781760 1990656 3891200 290713600
750	1081344 1781760 1990656 3891200 290705408
751	1081344 1781760 1990656 3891200 290705408
752	1081344 1781760 1990656 3891200 290811904
753	1081344 1781760 1990656 3891200 290664448
754	1081344 1781760 1990656 3891200 290656256
755	1081344 1781760 1990656 3891200 290746368
756	1081344 1781760 1990656 3891200 290734080
757	1081344 1781760 1990656 3891200 290709504
758	1081344 1781760 1990656 3891200 290656256
759	1081344 1781760 1990656 3891200 290631680
760	1081344 1781760 1990656 3891200 290738176
761	1081344 1781760 1990656 3891200 290738176
762	1081344 1781760 1990656 3891200 290734080
763	1081344 1781760 1990656 3891200 290697216
764	1081344 1781760 1990656 3891200 290750464
765	1081344 1781760 1990656 3891200 290742272
766	1081344 1781760 1990656 3891200 290713600
767	1081344 1781760 1990656 3891200 290693120
768	1081344 1781760 1990656 3891200 290537472
769	1081344 1781760 1990656 3891200 290639872
770	1081344 1781760 1990656 3891200 290480128
771	1081344 1781760 1990656 3891200 290521088
772	1081344 1781760 1990656 3891200 290619392
773	1081344 1781760 1990656 3891200 290467840
774	1081344 1781760 1990656 3891200 290500608
775	1081344 1781760 1990656 3891200 290603008
776	1081344 1781760 1990656 3891200 290451456
777	1081344 1781760 1990656 3891200 290549760
778	1081344 1781760 1990656 3891200 290516992
779	1081344 1781760 1990656 3891200 290504704
780	1081344 1781760 1990656 3891200 290484224
781	1081344 1781760 1990656 3891200 290455552
782	1081344 1781760 1990656 3891200 290435072
783	1081344 1781760 1990656 3891200 290541568
784	1081344 1781760 1990656 3891200 290643968
785	1081344 1781760 1990656 3891200 290619392
786	1081344 1781760 1990656 3891200 290476032
787	1081344 1781760 1990656 3891200 290582528
788	1081344 1781760 1990656 3891200 290598912
789	1081344 1781760 1990656 3891200 290603008
790	1081344 1781760 1990656 3891200 290578432
791	1081344 1781760 1990656 3891200 290603008
792	1081344 1781760 1990656 3891200 290578432
793	1081344 1781760 1990656 3891200 290811904
794	1081344 1781760 1990656 3891200 290660352
795	1081344 1781760 1990656 3891200 290775040
796	1081344 1781760 1990656 3891200 290746368
797	1081344 1781760 1990656 3891200 290746368
798	1081344 1781760 1990656 3891200 290672640
799	1081344 1781760 1990656 3891200 290648064
800	1081344 1781760 1990656 3891200 290623488
801	1081344 1781760 1990656 3891200 290725888
802	1081344 1781760 1990656 3891200 290697216
803	1081344 1781760 1990656 3891200 290676736
804	1081344 1781760 1990656 3891200 290652160
805	1081344 1781760 1990656 3891200 290889728
806	1081344 1781760 1990656 3891200 290758656
807	1081344 1781760 1990656 3891200 290729984
808	1081344 1781760 1990656 3891200 290836480
809	1081344 1781760 1990656 3891200 290680832
810	1081344 1781760 1990656 3891200 290652160
811	1081344 1781760 1990656 3891200 290746368
812	1081344 1781760 1990656 3891200 290598912
813	1081344 1781760 1990656 3891200 290570240
814	1081344 1781760 1990656 3891200 290508800
815	1081344 1781760 1990656 3891200 290488320
816	1081344 1781760 1990656 3891200 290459648
817	1081344 1781760 1990656 3891200 290566144
818	1081344 1781760 1990656 3891200 290676736
819	1081344 1781760 1990656 3891200 290770944
820	1081344 1781760 1990656 3891200 290742272
821	1081344 1781760 1990656 3891200 290713600
822	1081344 1781760 1990656 3891200 290689024
823	1081344 1781760 1990656 3891200 290660352
824	1081344 1781760 1990656 3891200 290631680
825	1081344 1781760 1990656 3891200 290607104
826	1081344 1781760 1990656 3891200 290578432
827	1081344 1781760 1990656 3891200 290545664
828	1081344 1781760 1990656 3891200 290516992
829	1081344 1781760 1990656 3891200 290488320
830	1081344 1781760 1990656 3891200 290725888
831	1081344 1781760 1990656 3891200 290697216
832	1081344 1781760 1990656 3891200 290816000
833	1081344 1781760 1990656 3891200 290664448
834	1081344 1781760 1990656 3891200 290627584
835	1081344 1781760 1990656 3891200 290603008
836	1081344 1781760 1990656 3891200 290578432
837	1081344 1781760 1990656 3891200 290684928
838	1081344 1781760 1990656 3891200 290660352
839	1081344 1781760 1990656 3891200 290598912
840	1081344 1781760 1990656 3891200 290705408
841	1081344 1781760 1990656 3891200 290734080
842	1081344 1781760 1990656 3891200 290713600
843	1081344 1781760 1990656 3891200 290689024
844	1081344 1781760 1990656 3891200 290668544
845	1081344 1781760 1990656 3891200 290775040
846	1081344 1781760 1990656 3891200 290750464
847	1081344 1781760 1990656 3891200 290848768
848	1081344 1781760 1990656 3891200 290709504
849	1081344 1781760 1990656 3891200 290684928
850	1081344 1781760 1990656 3891200 290643968
851	1081344 1781760 1990656 3891200 290619392
852	1081344 1781760 1990656 3891200 290594816
853	1081344 1781760 1990656 3891200 290693120
854	1081344 1781760 1990656 3891200 290668544
855	1081344 1781760 1990656 3891200 290643968
856	1081344 1781760 1990656 3891200 290746368
857	1081344 1781760 1990656 3891200 290607104
858	1081344 1781760 1990656 3891200 290701312
859	1081344 1781760 1990656 3891200 290807808
860	1081344 1781760 1990656 3891200 290799616
861	1081344 1781760 1990656 3891200 290770944
862	1081344 1781760 1990656 3891200 290615296
863	1081344 1781760 1990656 3891200 290590720
864	1081344 1781760 1990656 3891200 290697216
865	1081344 1781760 1990656 3891200 290684928
866	1081344 1781760 1990656 3891200 290590720
867	1081344 1781760 1990656 3891200 290566144
868	1081344 1781760 1990656 3891200 290668544
869	1081344 1781760 1990656 3891200 290512896
870	1081344 1781760 1990656 3891200 290488320
871	1081344 1781760 1990656 3891200 290586624
872	1081344 1781760 1990656 3891200 290562048
873	1081344 1781760 1990656 3891200 290795520
874	1081344 1781760 1990656 3891200 290648064
875	1081344 1781760 1990656 3891200 290750464
876	1081344 1781760 1990656 3891200 290856960
877	1081344 1781760 1990656 3891200 290754560
878	1081344 1781760 1990656 3891200 290615296
879	1081344 1781760 1994752 3891200 290721792
880	1081344 1781760 1994752 3891200 290856960
881	1081344 1781760 1994752 3891200 290836480
882	1081344 1781760 1994752 3891200 290799616
883	1081344 1781760 1994752 3891200 290770944
884	1081344 1781760 1994752 3891200 290762752
885	1081344 1781760 1994752 3891200 290861056
886	1081344 1781760 1994752 3891200 290861056
887	1081344 1781760 1994752 3891200 290721792
888	1081344 1781760 1994752 3891200 290828288
889	1081344 1781760 1994752 3891200 290930688
890	1081344 1781760 1994752 3891200 290779136
891	1081344 1781760 1994752 3891200 290750464
892	1081344 1781760 1994752 3891200 290877440
893	1081344 1781760 1994752 3891200 290725888
894	1081344 1781760 1994752 3891200 290697216
895	1081344 1781760 1994752 3891200 290799616
896	1081344 1781760 1994752 3891200 290738176
897	1081344 1781760 1994752 3891200 290832384
898	1081344 1781760 1994752 3891200 290680832
899	1081344 1781760 1994752 3891200 290656256
900	1081344 1781760 1994752 3891200 290574336
901	1081344 1781760 1994752 3891200 290594816
902	1081344 1781760 1994752 3891200 290697216
903	1081344 1781760 1994752 3891200 290803712
904	1081344 1781760 1994752 3891200 290668544
905	1081344 1781760 1994752 3891200 290766848
906	1081344 1781760 1994752 3891200 290738176
907	1081344 1781760 1994752 3891200 290709504
908	1081344 1781760 1994752 3891200 290811904
909	1081344 1781760 1994752 3891200 290668544
910	1081344 1781760 1994752 3891200 290643968
911	1081344 1781760 1994752 3891200 290746368
912	1081344 1781760 1994752 3891200 290746368
913	1081344 1781760 1994752 3891200 290611200
914	1081344 1781760 1994752 3891200 290717696
915	1081344 1781760 1994752 3891200 290574336
916	1081344 1781760 1994752 3891200 290545664
917	1081344 1781760 1994752 3891200 290648064
918	1081344 1781760 1994752 3891200 290750464
919	1081344 1781760 1994752 3891200 290861056
920	1081344 1781760 1994752 3891200 290824192
921	1081344 1781760 1994752 3891200 290803712
922	1081344 1781760 1994752 3891200 290656256
923	1081344 1781760 1994752 3891200 290889728
924	1081344 1781760 1994752 3891200 290742272
925	1081344 1781760 1994752 3891200 290713600
926	1081344 1781760 1994752 3891200 290816000
927	1081344 1781760 1994752 3891200 290807808
928	1081344 1781760 1994752 3891200 290672640
929	1081344 1781760 1994752 3891200 290639872
930	1081344 1781760 1994752 3891200 290742272
931	1081344 1781760 1994752 3891200 290729984
932	1081344 1781760 1994752 3891200 290836480
933	1081344 1781760 1994752 3891200 290869248
934	1081344 1781760 1994752 3891200 290721792
935	1081344 1781760 1994752 3891200 290693120
936	1081344 1781760 1994752 3891200 290680832
937	1081344 1781760 1994752 3891200 290652160
938	1081344 1781760 1994752 3891200 290627584
939	1081344 1781760 1994752 3891200 290607104
940	1081344 1781760 1994752 3891200 290578432
941	1081344 1781760 1994752 3891200 290684928
942	1081344 1781760 1994752 3891200 290660352
943	1081344 1781760 1994752 3891200 290664448
944	1081344 1781760 1994752 3891200 290627584
945	1081344 1781760 1994752 3891200 290603008
946	1081344 1781760 1994752 3891200 290521088
947	1081344 1781760 1994752 3891200 290623488
948	1081344 1781760 1994752 3891200 290725888
949	1081344 1781760 1994752 3891200 290701312
950	1081344 1781760 1994752 3891200 290803712
951	1081344 1781760 1994752 3891200 290697216
952	1081344 1781760 1994752 3891200 290807808
953	1081344 1781760 1994752 3891200 290902016
954	1081344 1781760 1994752 3891200 290791424
955	1081344 1781760 1994752 3891200 290766848
956	1081344 1781760 1994752 3891200 290873344
957	1081344 1781760 1994752 3891200 290721792
958	1081344 1781760 1994752 3891200 290701312
959	1081344 1781760 1994752 3891200 290672640
960	1081344 1781760 1994752 3891200 290738176
961	1081344 1781760 1994752 3891200 290705408
962	1081344 1781760 1994752 3891200 290811904
963	1081344 1781760 1994752 3891200 290799616
964	1081344 1781760 1994752 3891200 290660352
965	1081344 1781760 1994752 3891200 290635776
966	1081344 1781760 1994752 3891200 290738176
967	1081344 1781760 1994752 3891200 290660352
968	1081344 1781760 1994752 3891200 290762752
969	1081344 1781760 1994752 3891200 290877440
970	1081344 1781760 1994752 3891200 290836480
971	1081344 1781760 1994752 3891200 290807808
972	1081344 1781760 1994752 3891200 290779136
973	1081344 1781760 1994752 3891200 290750464
974	1081344 1781760 1994752 3891200 290750464
975	1081344 1781760 1994752 3891200 290775040
976	1081344 1781760 1994752 3891200 290746368
977	1081344 1781760 1994752 3891200 290717696
978	1081344 1781760 1994752 3891200 290840576
979	1081344 1781760 1994752 3891200 290820096
980	1081344 1781760 1994752 3891200 290816000
981	1081344 1781760 1994752 3891200 290807808
982	1081344 1789952 1994752 3891200 290775040
983	1081344 1789952 1994752 3891200 290762752
984	1081344 1785856 1994752 3891200 290758656
985	1081344 1785856 1994752 3891200 290852864
986	1081344 1785856 1994752 3891200 290844672
987	1081344 1785856 1994752 3891200 290738176
988	1081344 1785856 1994752 3891200 290844672
989	1081344 1789952 1994752 3891200 290713600
990	1081344 1789952 1994752 3891200 290701312
991	1081344 1789952 1994752 3891200 290934784
992	1081344 1789952 1994752 3891200 290918400
993	1081344 1789952 1994752 3891200 290758656
994	1081344 1789952 1994752 3891200 290992128
995	1081344 1789952 1994752 3891200 290975744
996	1081344 1789952 1994752 3891200 290959360
997	1081344 1789952 1994752 3891200 290934784
998	1081344 1789952 1994752 3891200 291008512
999	1081344 1789952 1994752 3891200 290881536
1000	1081344 1789952 1994752 3891200 290844672
1001	1081344 1789952 1994752 3891200 290951168
1002	1081344 1789952 1994752 3891200 290926592
1003	1081344 1789952 1994752 3891200 290893824
1004	1081344 1789952 1994752 3891200 290877440
1005	1081344 1789952 1994752 3891200 290746368
1006	1081344 1789952 1994752 3891200 290852864
1007	1081344 1789952 1994752 3891200 290865152
1008	1081344 1789952 1994752 3891200 290709504
1009	1081344 1789952 1994752 3891200 290807808
1010	1081344 1789952 1994752 3891200 290660352
1011	1081344 1789952 1994752 3891200 290631680
1012	1081344 1789952 1994752 3891200 290607104
1013	1081344 1789952 1994752 3891200 290639872
1014	1081344 1789952 1994752 3891200 290611200
1015	1081344 1789952 1994752 3891200 290586624
1016	1081344 1789952 1994752 3891200 290549760
1017	1081344 1789952 1994752 3891200 290652160
1018	1081344 1789952 1994752 3891200 290623488
1019	1081344 1789952 1994752 3891200 290598912
1020	1081344 1789952 1994752 3891200 290570240
1021	1081344 1789952 1994752 3891200 290541568
1022	1081344 1789952 1994752 3891200 290521088
1023	1081344 1789952 1994752 3891200 290492416
1024	1081344 1789952 1994752 3891200 290455552
1025	1081344 1789952 1994752 3891200 290557952
1026	1081344 1789952 1994752 3891200 290549760
1027	1081344 1789952 1994752 3891200 290656256
1028	1081344 1789952 1994752 3891200 290508800
1029	1081344 1789952 2002944 3891200 290738176
1030	1081344 1789952 2002944 3891200 290844672
1031	1081344 1789952 2002944 3891200 290811904
1032	1081344 1789952 2002944 3891200 290676736
1033	1081344 1789952 2002944 3891200 290906112
1034	1081344 1789952 2002944 3891200 291020800
1035	1081344 1789952 1998848 3891200 290885632
1036	1081344 1789952 1998848 3891200 290992128
1037	1081344 1789952 1998848 3891200 290852864
1038	1081344 1789952 1998848 3891200 290828288
1039	1081344 1789952 1998848 3891200 290930688
1040	1081344 1789952 1998848 3891200 290816000
1041	1081344 1789952 1998848 3891200 290791424
1042	1081344 1789952 1998848 3891200 290766848
1043	1081344 1789952 1998848 3891200 290738176
1044	1081344 1789952 1998848 3891200 290709504
1045	1081344 1789952 1998848 3891200 290684928
1046	1081344 1789952 1998848 3891200 290660352
1047	1081344 1789952 1998848 3891200 290766848
1048	1081344 1789952 1998848 3891200 290729984
1049	1081344 1789952 1998848 3891200 290701312
1050	1081344 1789952 1998848 3891200 290672640
1051	1081344 1789952 1998848 3891200 290643968
1052	1081344 1789952 1998848 3891200 290611200
1053	1081344 1789952 1998848 3891200 290586624
1054	1081344 1789952 1998848 3891200 290660352
1055	1081344 1789952 1998848 3891200 290787328
1056	1081344 1789952 1998848 3891200 290746368
1057	1081344 1789952 1998848 3891200 290832384
1058	1081344 1789952 1998848 3891200 290693120
1059	1081344 1802240 1998848 3891200 290791424
1060	1081344 1802240 1998848 3891200 290770944
1061	1081344 1794048 1998848 3891200 290627584
1062	1081344 1794048 1998848 3891200 290594816
1063	1081344 1794048 1998848 3891200 290566144
1064	1081344 1794048 1998848 3891200 290435072
1065	1081344 1794048 1998848 3891200 290541568
1066	1081344 1794048 1998848 3891200 290521088
1067	1081344 1794048 1998848 3891200 290623488
1068	1081344 1794048 1998848 3891200 290725888
1069	1081344 1794048 1998848 3891200 290705408
1070	1081344 1794048 1998848 3891200 290553856
1071	1081344 1794048 1998848 3891200 290779136
1072	1081344 1794048 1998848 3891200 290627584
1073	1081344 1794048 1998848 3891200 290603008
1074	1081344 1794048 1998848 3891200 290578432
1075	1081344 1794048 1998848 3891200 290553856
1076	1081344 1794048 1998848 3891200 290525184
1077	1081344 1794048 1998848 3891200 290631680
1078	1081344 1794048 1998848 3891200 290631680
1079	1081344 1794048 1998848 3891200 290603008
1080	1081344 1794048 1998848 3891200 290578432
1081	1081344 1794048 1998848 3891200 290680832
1082	1081344 1794048 1998848 3891200 290652160
1083	1081344 1794048 1998848 3891200 290754560
1084	1081344 1794048 1998848 3891200 290643968
1085	1081344 1794048 1998848 3891200 290750464
1086	1081344 1794048 1998848 3891200 290856960
1087	1081344 1794048 1998848 3891200 290701312
1088	1081344 1794048 1998848 3891200 290578432
1089	1081344 1794048 1998848 3891200 290684928
1090	1081344 1794048 1998848 3891200 290533376
1091	1081344 1794048 1998848 3891200 290500608
1092	1081344 1794048 1998848 3891200 290471936
1093	1081344 1794048 1998848 3891200 290705408
1094	1081344 1794048 1998848 3891200 290680832
1095	1081344 1794048 1998848 3891200 290783232
1096	1081344 1794048 1998848 3891200 290631680
1097	1081344 1794048 1998848 3891200 290603008
1098	1081344 1794048 1998848 3891200 290574336
1099	1081344 1794048 1998848 3891200 290545664
1100	1081344 1794048 1998848 3891200 290635776
1101	1081344 1794048 1998848 3891200 290607104
1102	1081344 1794048 1998848 3891200 290578432
1103	1081344 1794048 1998848 3891200 290553856
1104	1081344 1794048 1998848 3891200 290525184
1105	1081344 1794048 1998848 3891200 290414592
1106	1081344 1794048 1998848 3891200 290402304
1107	1081344 1794048 1998848 3891200 290635776
1108	1081344 1794048 1998848 3891200 290607104
1109	1081344 1794048 1998848 3891200 290578432
1110	1081344 1794048 1998848 3891200 290680832
1111	1081344 1794048 1998848 3891200 290668544
1112	1081344 1794048 1998848 3891200 290557952
1113	1081344 1794048 1998848 3891200 290791424
1114	1081344 1794048 1998848 3891200 290770944
1115	1081344 1794048 1998848 3891200 290873344
1116	1081344 1794048 1998848 3891200 290865152
1117	1081344 1794048 1998848 3891200 290713600
1118	1081344 1794048 1998848 3891200 290684928
1119	1081344 1794048 1998848 3891200 290791424
1120	1081344 1794048 1998848 3891200 290832384
1121	1081344 1794048 1998848 3891200 290803712
1122	1081344 1794048 1998848 3891200 290660352
1123	1081344 1794048 1998848 3891200 290766848
1124	1081344 1794048 1998848 3891200 290729984
1125	1081344 1794048 1998848 3891200 290705408
1126	1081344 1794048 1998848 3891200 290721792
1127	1081344 1794048 1998848 3891200 290816000
1128	1081344 1794048 1998848 3891200 290807808
1129	1081344 1794048 1998848 3891200 290803712
1130	1081344 1794048 1998848 3891200 290775040
1131	1081344 1794048 1998848 3891200 290758656
1132	1081344 1794048 1998848 3891200 290783232
1133	1081344 1794048 1998848 3891200 290758656
1134	1081344 1794048 1998848 3891200 290750464
1135	1081344 1794048 1998848 3891200 290742272
1136	1081344 1794048 1998848 3891200 290713600
1137	1081344 1794048 1998848 3891200 290570240
1138	1081344 1794048 1998848 3891200 290541568
1139	1081344 1794048 1998848 3891200 290512896
1140	1081344 1794048 1998848 3891200 290676736
1141	1081344 1794048 1998848 3891200 290525184
1142	1081344 1794048 1998848 3891200 290496512
1143	1081344 1794048 1998848 3891200 290594816
1144	1081344 1794048 1998848 3891200 290459648
1145	1081344 1794048 1998848 3891200 290697216
1146	1081344 1794048 1998848 3891200 290668544
1147	1081344 1794048 1998848 3891200 290545664
1148	1081344 1794048 1998848 3891200 290652160
1149	1081344 1794048 1998848 3891200 290758656
1150	1081344 1794048 1998848 3891200 290615296
1151	1081344 1794048 1998848 3891200 290713600
1152	1081344 1794048 1998848 3891200 290590720
1153	1081344 1794048 1998848 3891200 290574336
1154	1081344 1794048 1998848 3891200 290549760
1155	1081344 1794048 1998848 3891200 290521088
1156	1081344 1794048 1998848 3891200 290623488
1157	1081344 1794048 1998848 3891200 290594816
1158	1081344 1794048 1998848 3891200 290562048
1159	1081344 1794048 1998848 3891200 290664448
1160	1081344 1794048 1998848 3891200 290770944
1161	1081344 1794048 1998848 3891200 290742272
1162	1081344 1794048 1998848 3891200 290725888
1163	1081344 1794048 1998848 3891200 290701312
1164	1081344 1794048 1998848 3891200 290689024
1165	1081344 1794048 1998848 3891200 290615296
1166	1081344 1794048 1998848 3891200 290848768
1167	1081344 1794048 1998848 3891200 290828288
1168	1081344 1794048 1998848 3891200 290680832
1169	1081344 1794048 1998848 3891200 290918400
1170	1081344 1794048 1998848 3891200 290902016
1171	1081344 1794048 1998848 3891200 290762752
1172	1081344 1794048 2002944 3891200 290869248
1173	1081344 1794048 2002944 3891200 290721792
1174	1081344 1794048 2002944 3891200 290689024
1175	1081344 1802240 2002944 3891200 290664448
1176	1081344 1794048 2002944 3891200 290807808
1177	1081344 1794048 2002944 3891200 290664448
1178	1081344 1794048 2002944 3891200 290766848
1179	1081344 1794048 2002944 3891200 290627584
1180	1081344 1794048 2002944 3891200 290729984
1181	1081344 1794048 2002944 3891200 290828288
1182	1081344 1794048 2002944 3891200 290816000
1183	1081344 1794048 2002944 3891200 290787328
1184	1081344 1794048 2002944 3891200 290643968
1185	1081344 1794048 2002944 3891200 290619392
1186	1081344 1794048 2002944 3891200 290586624
1187	1081344 1794048 2002944 3891200 290562048
1188	1081344 1794048 2002944 3891200 290701312
1189	1081344 1794048 2002944 3891200 290795520
1190	1081344 1794048 2002944 3891200 290787328
1191	1081344 1794048 2002944 3891200 290693120
1192	1081344 1794048 2002944 3891200 290664448
1193	1081344 1794048 2002944 3891200 290754560
1194	1081344 1794048 2002944 3891200 290906112
1195	1081344 1798144 2002944 3891200 290881536
1196	1081344 1798144 2002944 3891200 290734080
1197	1081344 1798144 2002944 3891200 290701312
1198	1081344 1798144 2002944 3891200 290803712
1199	1081344 1798144 2002944 3891200 290656256
1200	1081344 1798144 2002944 3891200 290762752
1201	1081344 1798144 2002944 3891200 290869248
1202	1081344 1798144 2002944 3891200 290717696
1203	1081344 1798144 2002944 3891200 290693120
1204	1081344 1798144 2002944 3891200 290795520
1205	1081344 1798144 2002944 3891200 290639872
1206	1081344 1806336 2007040 3936256 290615296
1207	1081344 1806336 2007040 3936256 290713600
1208	1081344 1810432 2007040 3891200 290627584
1209	1081344 1810432 2371584 4153344 290734080
1210	1081344 1810432 2371584 4153344 290832384
1211	53248 1785856 2371584 4153344 290820096
1212	1081344 2002944 3268608 4153344 290816000
1213	36864 2002944 2371584 4153344 290783232
1214	290816 1081344 2371584 286846976 290816000
1215	344064 1081344 2002944 2371584 3268608
1216	1183744 2002944 2371584 3264512 3264512
1217	1249280 2138112 2371584 3264512 3264512
1218	1314816 2138112 2371584 3137536 3137536
1219	1314816 2138112 2371584 3100672 3100672
1220	1314816 2138112 2371584 3100672 3100672
1221	1314816 2138112 2371584 3100672 3100672
1222	1314816 2138112 2371584 3100672 3100672
1223	1314816 2138112 2371584 3100672 3100672
1224	1314816 2138112 2371584 3100672 3100672
1225	1314816 2138112 2371584 3100672 3100672
1226	1314816 2138112 2371584 3100672 3100672
1227	1314816 2138112 2371584 3100672 3100672
1228	1314816 2138112 2371584 3100672 3100672
1229	2138112 2138112 2371584 3100672 3100672
1230	2138112 2138112 2371584 3100672 3100672
1231	3100672 3100672 3100672 3100672 3100672
1232	3100672 3100672 3100672 3100672 3100672
