1	1179648 1515520 2273280 4935680 7163904
2	1069056 1515520 2281472 49864704 284979200
3	1069056 1200128 2289664 284149760 285925376
4	1003520 1200128 2289664 286048256 287756288
5	1003520 1011712 2289664 287367168 288223232
6	1003520 1044480 2289664 287977472 288083968
7	1003520 1073152 2314240 287727616 288219136
8	1048576 1101824 2220032 288104448 288292864
9	1048576 1470464 2220032 287977472 288243712
10	1060864 1892352 2220032 287731712 288243712
11	1060864 2039808 2859008 287985664 288362496
12	1060864 2174976 3145728 288108544 288497664
13	1085440 2199552 3330048 288108544 288243712
14	1085440 2080768 3366912 288108544 288243712
15	1085440 2080768 3366912 287858688 288358400
16	1085440 2080768 3366912 287858688 288366592
17	1085440 1957888 3366912 287981568 288362496
18	1085440 1957888 3371008 287854592 288481280
19	1085440 1957888 3371008 287985664 288468992
20	1085440 1961984 3371008 288100352 288567296
21	1085440 1961984 3371008 288112640 288567296
22	1085440 1961984 3371008 288014336 288493568
23	1085440 1961984 3371008 288137216 288493568
24	1085440 1896448 3371008 288145408 288374784
25	1085440 1896448 3371008 288149504 288374784
26	1085440 1896448 3497984 288161792 288436224
27	1085440 1896448 3383296 288161792 288366592
28	1085440 1896448 3383296 288034816 288481280
29	1085440 1896448 3383296 288182272 288370688
30	1085440 1896448 3383296 288067584 288354304
31	1085440 1896448 3383296 288063488 288251904
32	1085440 1896448 3383296 288190464 288555008
33	1085440 2027520 3383296 288063488 288329728
34	1085440 1900544 3383296 288067584 288468992
35	1085440 1900544 3383296 288190464 288473088
36	1085440 1900544 3383296 288124928 288342016
37	1085440 1900544 3387392 288051200 288333824
38	1085440 1900544 3387392 287997952 288337920
39	1085440 1900544 3387392 287940608 288423936
40	1085440 1900544 3387392 287821824 288366592
41	1085440 1900544 3387392 287944704 288542720
42	1085440 1900544 3387392 287944704 288669696
43	1085440 1900544 3387392 287936512 288542720
44	1085440 1900544 3387392 287952896 288657408
45	1085440 1900544 3387392 287956992 288792576
46	1085440 1900544 3387392 287948800 288788480
47	1085440 1900544 3387392 287985664 288792576
48	1085440 1900544 3387392 288112640 288780288
49	1085440 1900544 3387392 288108544 288669696
50	1085440 1900544 3387392 288112640 288505856
51	1085440 1900544 3387392 288112640 288415744
52	1085440 1900544 3387392 288112640 288378880
53	1085440 1900544 3362816 288010240 288526336
54	1085440 1900544 3362816 287887360 288411648
55	1085440 1900544 3362816 288014336 288514048
56	1085440 1900544 3362816 288178176 288489472
57	1085440 1900544 3362816 288194560 288407552
58	1085440 1900544 3362816 288116736 288485376
59	1085440 1900544 3436544 288190464 288604160
60	1085440 1900544 3436544 288190464 288477184
61	1085440 1957888 3436544 288075776 288485376
62	1085440 1957888 3436544 288112640 288608256
63	1085440 1904640 3436544 288088064 288608256
64	1085440 1904640 3428352 288088064 288477184
65	1085440 1904640 3428352 288198656 288477184
66	1085440 1904640 3420160 288186368 288428032
67	1085440 1904640 3420160 288190464 288440320
68	1085440 1904640 3420160 288178176 288428032
69	1085440 1904640 3420160 288092160 288477184
70	1085440 1904640 3416064 288247808 288600064
71	1085440 1904640 3436544 288124928 288333824
72	1085440 1904640 3436544 288116736 288473088
73	1085440 1904640 3436544 288124928 288477184
74	1085440 1904640 3436544 288120832 288354304
75	1085440 1904640 3436544 288124928 288428032
76	1085440 1904640 3440640 288198656 288555008
77	1085440 1904640 3436544 287977472 288354304
78	1085440 1912832 3436544 287977472 288591872
79	1085440 1912832 3424256 288219136 288546816
80	1085440 1912832 3391488 288116736 288481280
81	1085440 1912832 3391488 288153600 288608256
82	1085440 1912832 3391488 288120832 288477184
83	1085440 1912832 3391488 288116736 288464896
84	1085440 1912832 3391488 288243712 288575488
85	1085440 1912832 3391488 288153600 288346112
86	1085440 1912832 3391488 288243712 288468992
87	1085440 1912832 3391488 288116736 288411648
88	1085440 1912832 3391488 288112640 288473088
89	1085440 1912832 3391488 288112640 288342016
90	1085440 1912832 3391488 288231424 288337920
91	1085440 1912832 3391488 288231424 288595968
92	1085440 1912832 3391488 288112640 288419840
93	1085440 1912832 3391488 288112640 288444416
94	1085440 1912832 3391488 288215040 288407552
95	1085440 1912832 3383296 288165888 288595968
96	1085440 1912832 3358720 288108544 288460800
97	1085440 1912832 3489792 288165888 288460800
98	1085440 1912832 3424256 288239616 288583680
99	1085440 1912832 3424256 288112640 288587776
100	1085440 1912832 3424256 288219136 288587776
101	1085440 1912832 3424256 288231424 288444416
102	1085440 1912832 3440640 288235520 288575488
103	1085440 1912832 3440640 288411648 288579584
104	1085440 1912832 3440640 288231424 288407552
105	1085440 1912832 3457024 288215040 288518144
106	1085440 1912832 3461120 288325632 288534528
107	1085440 1912832 3461120 288198656 288415744
108	1085440 1912832 3461120 288108544 288481280
109	1085440 1912832 3461120 288112640 288440320
110	1085440 1912832 3559424 288227328 288567296
111	1085440 1912832 3481600 288227328 288481280
112	1085440 1912832 3461120 288227328 288440320
113	1085440 1912832 3428352 288223232 288571392
114	1085440 1916928 3358720 288223232 288350208
115	1085440 1916928 3358720 288313344 288423936
116	1085440 1916928 3448832 288292864 288436224
117	1085440 1916928 3452928 288182272 288342016
118	1085440 1916928 3424256 288309248 288468992
119	1085440 1916928 3424256 288215040 288436224
120	1085440 1916928 3424256 288256000 288436224
121	1085440 1916928 3424256 288251904 288436224
122	1085440 1916928 3424256 288256000 288428032
123	1085440 1916928 3424256 288256000 288342016
124	1085440 1916928 3452928 288301056 288464896
125	1085440 1916928 3452928 288251904 288452608
126	1085440 1916928 3452928 288174080 288452608
127	1085440 1916928 3436544 288063488 288575488
128	1085440 1916928 3436544 288215040 288460800
129	1085440 1916928 3436544 288206848 288460800
130	1085440 1916928 3436544 288178176 288456704
131	1085440 1916928 3428352 288210944 288313344
132	1085440 1916928 3407872 288210944 288456704
133	1085440 1916928 3416064 288124928 288456704
134	1085440 1916928 3416064 288124928 288333824
135	1085440 1916928 3416064 288059392 288448512
136	1085440 1916928 3416064 288256000 288694272
137	1085440 2048000 3416064 288120832 288555008
138	1085440 1921024 3416064 288112640 288448512
139	1085440 1921024 3416064 288129024 288448512
140	1085440 1921024 3457024 288182272 288559104
141	1085440 1921024 3457024 288059392 288366592
142	1085440 1921024 3457024 288112640 288366592
143	1085440 1921024 3420160 288239616 288436224
144	1085440 1921024 3436544 288239616 288358400
145	1085440 1921024 3436544 288235520 288473088
146	1085440 1921024 3579904 288194560 288440320
147	1085440 1921024 3485696 288239616 288444416
148	1085440 1921024 3485696 288235520 288456704
149	1085440 1921024 3485696 288354304 288456704
150	1085440 1921024 3489792 288206848 288546816
151	1085440 1921024 3379200 288194560 288464896
152	1085440 1921024 3465216 288333824 288444416
153	1085440 1921024 3465216 288309248 288485376
154	1085440 1921024 3465216 288333824 288489472
155	1085440 1921024 3465216 288317440 288419840
156	1085440 1921024 3465216 288186368 288628736
157	1085440 1921024 3428352 288161792 288501760
158	1085440 1921024 3407872 288190464 288448512
159	1085440 1921024 3403776 288186368 288493568
160	1085440 1921024 3403776 288198656 288444416
161	1085440 1921024 3403776 288239616 288342016
162	1085440 1921024 3403776 288120832 288436224
163	1085440 1921024 3403776 288210944 288620544
164	1085440 1921024 3403776 288092160 288366592
165	1085440 1921024 3395584 288210944 288464896
166	1085440 1921024 3371008 288215040 288587776
167	1085440 1925120 3514368 288210944 288366592
168	1085440 1925120 3457024 288219136 288473088
169	1085440 1925120 3436544 288219136 288481280
170	1085440 1925120 3436544 288215040 288485376
171	1085440 1925120 3563520 288092160 288591872
172	1085440 1925120 3436544 288219136 288497664
173	1085440 1925120 3436544 288215040 288587776
174	1085440 1925120 3436544 288210944 288460800
175	1085440 1925120 3432448 288239616 288464896
176	1085440 1925120 3411968 288116736 288591872
177	1085440 1925120 3432448 288116736 288587776
178	1085440 1925120 3567616 288108544 288702464
179	1085440 1925120 3461120 288235520 288567296
180	1085440 1925120 3461120 288243712 288575488
181	1085440 1925120 3461120 288219136 288571392
182	1085440 1925120 3461120 288305152 288481280
183	1085440 1925120 3469312 288194560 288542720
184	1085440 1925120 3469312 288235520 288550912
185	1085440 1925120 3469312 287993856 288661504
186	1085440 1925120 3469312 288116736 288456704
187	1085440 1925120 3469312 288120832 288526336
188	1085440 1925120 3473408 288243712 288542720
189	1085440 1925120 3473408 288206848 288628736
190	1085440 1925120 3473408 288219136 288485376
191	1085440 1925120 3473408 288120832 288423936
192	1085440 1925120 3473408 288120832 288468992
193	1085440 1925120 3473408 288239616 288468992
194	1085440 1925120 3473408 288063488 288464896
195	1085440 1925120 3448832 288182272 288501760
196	1085440 1925120 3436544 288317440 288493568
197	1085440 1925120 3432448 288317440 288464896
198	1085440 1925120 3424256 288309248 288460800
199	1085440 1925120 3416064 288247808 288460800
200	1085440 1925120 3379200 288247808 288452608
201	1085440 1925120 3457024 288436224 288624640
202	1085440 1925120 3457024 288190464 288325632
203	1085440 1925120 3481600 288223232 288452608
204	1085440 1925120 3481600 288129024 288444416
205	1085440 1925120 3481600 288002048 288579584
206	1085440 1925120 3346432 288129024 288452608
207	1085440 1925120 3424256 288251904 288616448
208	1085440 1925120 3555328 288235520 288329728
209	1085440 1925120 3444736 288124928 288444416
210	1085440 1925120 3444736 288210944 288317440
211	1085440 1925120 3444736 288337920 288571392
212	1085440 1925120 3444736 288108544 288444416
213	1085440 1925120 3444736 288202752 288694272
214	1085440 1925120 3444736 288124928 288563200
215	1085440 1925120 3416064 288337920 288559104
216	1085440 1929216 3432448 288231424 288555008
217	1085440 1929216 3432448 288235520 288559104
218	1085440 1929216 3399680 288223232 288563200
219	1085440 1929216 3399680 288108544 288464896
220	1085440 1929216 3461120 288231424 288546816
221	1085440 1929216 3592192 288227328 288456704
222	1085440 1929216 3469312 288210944 288423936
223	1085440 1929216 3473408 288210944 288358400
224	1085440 1929216 3473408 288251904 288542720
225	1085440 1929216 3473408 288129024 288567296
226	1085440 1929216 3473408 288129024 288358400
227	1085440 1929216 3604480 288129024 288423936
228	1085440 1929216 3604480 288002048 288452608
229	1085440 1929216 3477504 288256000 288481280
230	1085440 1929216 3477504 288129024 288337920
231	1085440 1929216 3477504 288002048 288464896
232	1085440 1929216 3477504 288129024 288468992
233	1085440 1929216 3403776 288063488 288464896
234	1085440 1929216 3440640 288129024 288481280
235	1085440 1929216 3461120 288129024 288567296
236	1085440 1929216 3461120 288124928 288456704
237	1085440 1929216 3469312 288247808 288456704
238	1085440 1929216 3469312 288243712 288346112
239	1085440 1929216 3469312 288190464 288456704
240	1085440 1929216 3469312 288313344 288464896
241	1085440 1929216 3469312 288251904 288456704
242	1085440 1929216 3436544 288309248 288464896
243	1085440 1929216 3436544 288063488 288464896
244	1085440 1929216 3436544 288243712 288460800
245	1085440 1929216 3432448 288370688 288583680
246	1085440 1929216 3432448 288190464 288370688
247	1085440 1929216 3457024 288067584 288452608
248	1085440 1929216 3457024 288120832 288559104
249	1085440 1929216 3457024 288120832 288468992
250	1085440 1929216 3457024 288194560 288468992
251	1085440 1929216 3416064 288182272 288591872
252	1085440 1929216 3399680 288194560 288591872
253	1085440 1929216 3440640 288305152 288587776
254	1085440 1929216 3440640 288120832 288346112
255	1085440 1929216 3440640 288120832 288595968
256	1085440 1929216 3465216 288210944 288333824
257	1085440 1929216 3465216 288301056 288493568
258	1085440 1929216 3465216 288116736 288468992
259	1085440 1929216 3485696 288243712 288342016
260	1085440 1929216 3538944 288116736 288456704
261	1085440 1929216 3457024 288116736 288460800
262	1085440 1929216 3477504 288243712 288423936
263	1085440 1929216 3497984 288104448 288444416
264	1085440 1929216 3497984 288112640 288571392
265	1085440 1929216 3497984 288186368 288346112
266	1085440 1929216 3497984 288194560 288436224
267	1085440 1929216 3497984 288194560 288436224
268	1085440 2060288 3497984 288227328 288559104
269	1085440 1933312 3497984 288235520 288550912
270	1085440 1933312 3497984 288309248 288468992
271	1085440 1933312 3477504 288309248 288612352
272	1085440 1994752 3477504 288219136 288350208
273	1085440 1933312 3477504 288305152 288468992
274	1085440 1933312 3477504 288342016 288432128
275	1085440 1933312 3477504 288219136 288432128
276	1085440 1933312 3477504 288223232 288432128
277	1085440 1933312 3477504 288247808 288493568
278	1085440 1933312 3477504 288251904 288366592
279	1085440 1933312 3477504 288251904 288550912
280	1085440 1933312 3477504 288247808 288485376
281	1085440 1933312 3448832 288194560 288485376
282	1085440 1933312 3448832 288186368 288473088
283	1085440 1933312 3440640 288239616 288473088
284	1085440 1933312 3440640 288194560 288595968
285	1085440 1933312 3436544 288321536 288485376
286	1085440 1933312 3411968 288243712 288481280
287	1085440 1933312 3411968 288182272 288473088
288	1085440 1933312 3424256 288182272 288493568
289	1085440 1933312 3424256 288178176 288497664
290	1085440 1933312 3424256 288137216 288366592
291	1085440 1933312 3493888 288182272 288493568
292	1085440 1933312 3493888 288264192 288481280
293	1085440 1933312 3493888 288210944 288391168
294	1085440 1933312 3493888 288186368 288391168
295	1085440 1933312 3493888 288210944 288366592
296	1085440 1933312 3395584 288137216 288579584
297	1085440 1933312 3452928 288133120 288579584
298	1085440 1933312 3461120 288243712 288448512
299	1085440 1933312 3592192 288137216 288452608
300	1085440 1933312 3473408 288329728 288452608
301	1085440 1933312 3473408 288260096 288460800
302	1085440 1933312 3473408 288251904 288448512
303	1085440 1933312 3473408 288251904 288456704
304	1085440 1933312 3473408 288124928 288567296
305	1085440 1933312 3473408 288124928 288571392
306	1085440 1933312 3473408 288133120 288571392
307	1085440 1933312 3465216 288202752 288440320
308	1085440 1933312 3465216 288133120 288489472
309	1085440 1933312 3465216 288133120 288559104
310	1085440 1933312 3465216 288243712 288440320
311	1085440 1933312 3465216 288133120 288575488
312	1085440 1933312 3465216 288129024 288448512
313	1085440 1933312 3440640 288186368 288440320
314	1085440 1933312 3477504 288235520 288370688
315	1085440 1933312 3473408 288243712 288432128
316	1085440 1933312 3473408 288010240 288444416
317	1085440 1933312 3473408 288239616 288436224
318	1085440 1933312 3473408 288264192 288489472
319	1085440 1933312 3604480 288178176 288518144
320	1085440 1937408 3485696 288305152 288473088
321	1085440 1937408 3485696 288194560 288358400
322	1085440 1937408 3485696 288194560 288518144
323	1085440 1937408 3485696 288194560 288468992
324	1085440 1937408 3436544 288321536 288423936
325	1085440 1937408 3424256 288296960 288374784
326	1085440 1937408 3424256 288079872 288456704
327	1085440 1937408 3424256 288288768 288387072
328	1085440 1937408 3424256 288079872 288452608
329	1085440 1937408 3555328 288296960 288509952
330	1085440 1937408 3440640 288202752 288583680
331	1085440 1937408 3440640 288161792 288509952
332	1085440 1937408 3584000 288079872 288628736
333	1085440 1937408 3465216 288317440 288706560
334	1085440 1937408 3469312 288260096 288460800
335	1085440 1937408 3469312 288079872 288468992
336	1085440 1937408 3469312 288206848 288346112
337	1085440 1937408 3469312 288329728 288505856
338	1085440 1937408 3416064 288206848 288497664
339	1085440 1937408 3461120 288206848 288514048
340	1085440 1937408 3461120 288329728 288763904
341	1085440 1937408 3588096 288129024 288636928
342	1085440 1937408 3469312 288124928 288489472
343	1085440 1937408 3469312 288202752 288616448
344	1085440 1937408 3469312 288079872 288595968
345	1085440 1937408 3485696 288206848 288489472
346	1085440 1937408 3485696 288206848 288489472
347	1085440 1937408 3485696 288202752 288489472
348	1085440 1937408 3485696 288194560 288387072
349	1085440 1937408 3399680 288194560 288509952
350	1085440 1937408 3452928 288362496 288489472
351	1085440 1937408 3452928 288202752 288477184
352	1085440 1937408 3600384 288083968 288362496
353	1085440 1937408 3473408 288210944 288485376
354	1085440 1937408 3473408 288235520 288505856
355	1085440 1937408 3473408 288092160 288604160
356	1085440 1937408 3473408 288215040 288362496
357	1085440 1937408 3506176 288210944 288604160
358	1085440 1937408 3506176 288133120 288473088
359	1085440 1937408 3506176 288215040 288382976
360	1085440 1937408 3506176 288333824 288489472
361	1085440 1937408 3506176 288215040 288514048
362	1085440 1937408 3506176 288346112 288387072
363	1085440 1937408 3506176 288194560 288391168
364	1085440 1937408 3506176 288206848 288481280
365	1085440 1937408 3506176 288264192 288354304
366	1085440 1937408 3477504 288329728 288391168
367	1085440 1937408 3469312 288210944 288481280
368	1085440 1941504 3469312 288206848 288350208
369	1085440 1941504 3469312 288206848 288460800
370	1085440 1941504 3403776 288206848 288468992
371	1085440 1941504 3469312 288210944 288350208
372	1085440 1941504 3481600 288251904 288452608
373	1085440 1941504 3481600 288210944 288350208
374	1085440 1941504 3481600 288210944 288473088
375	1085440 1941504 3497984 288247808 288337920
376	1085440 1941504 3497984 288137216 288342016
377	1085440 1941504 3497984 288329728 288391168
378	1085440 1941504 3497984 288206848 288342016
379	1085440 1941504 3497984 288137216 288346112
380	1085440 1941504 3497984 288083968 288317440
381	1085440 1941504 3497984 288215040 288464896
382	1085440 1941504 3518464 288215040 288444416
383	1085440 1941504 3518464 288342016 288571392
384	1085440 1941504 3518464 288206848 288432128
385	1085440 1941504 3518464 288215040 288452608
386	1085440 1941504 3518464 288337920 288387072
387	1085440 1941504 3510272 288088064 288464896
388	1085440 1941504 3502080 288210944 288587776
389	1085440 1941504 3473408 288325632 288473088
390	1085440 1941504 3473408 288137216 288350208
391	1085440 1941504 3473408 288137216 288468992
392	1085440 1941504 3473408 288083968 288477184
393	1085440 1941504 3473408 288083968 288464896
394	1085440 1941504 3473408 288219136 288591872
395	1085440 1941504 3473408 288219136 288473088
396	1085440 1941504 3473408 288129024 288722944
397	1085440 1941504 3473408 288256000 288468992
398	1085440 1941504 3473408 288129024 288591872
399	1085440 1941504 3473408 288210944 288468992
400	1085440 1941504 3473408 288198656 288575488
401	1085440 1941504 3473408 288219136 288591872
402	1085440 1941504 3473408 288251904 288587776
403	1085440 1941504 3448832 288342016 288612352
404	1085440 1941504 3444736 288260096 289267712
405	1085440 1941504 3575808 288346112 290054144
406	1085440 1941504 3461120 288256000 290840576
407	1085440 1941504 3461120 288256000 291495936
408	1085440 1941504 3461120 288382976 292151296
409	1085440 1941504 3592192 288358400 292806656
410	1085440 1941504 3465216 288477184 293593088
411	1085440 1941504 3477504 288358400 294379520
412	1085440 1941504 3477504 288223232 295034880
413	1085440 1941504 3477504 288350208 295821312
414	1085440 1941504 3477504 288387072 296476672
415	1085440 1941504 3477504 288350208 297132032
416	1085440 1941504 3493888 288337920 298049536
417	1085440 1941504 3493888 288260096 298704896
418	1085440 1941504 3493888 288260096 299360256
419	1085440 2072576 3624960 288337920 300015616
420	1085440 1945600 3502080 288268288 300670976
421	1085440 1945600 3502080 288141312 301326336
422	1085440 1945600 3469312 288337920 302112768
423	1085440 1945600 3469312 288268288 302768128
424	1085440 1945600 3469312 288231424 303554560
425	1085440 1945600 3489792 288227328 304209920
426	1085440 1945600 3489792 288329728 304996352
427	1085440 1945600 3489792 288210944 305651712
428	1085440 1945600 3497984 288210944 306307072
429	1085440 1945600 3497984 288329728 307093504
430	1085440 1945600 3497984 288210944 307748864
431	1085440 1945600 3497984 288215040 308404224
432	1085440 1945600 3497984 288231424 309190656
433	1085440 1945600 3497984 288227328 309977088
434	1085440 1945600 3497984 288329728 310763520
435	1085440 1945600 3497984 288215040 311287808
436	1085440 1945600 3497984 288215040 312074240
437	1085440 1945600 3497984 288210944 312729600
438	1085440 1945600 3497984 288333824 313516032
439	1085440 1945600 3497984 288387072 314171392
440	1085440 1945600 3497984 288329728 314957824
441	1085440 1945600 3497984 288231424 315613184
442	1085440 1945600 3497984 288313344 316399616
443	1085440 1945600 3497984 288354304 317186048
444	1085440 1945600 3502080 288358400 317841408
445	1085440 1945600 3502080 288354304 318627840
446	1085440 1945600 3502080 288382976 319283200
447	1085440 1945600 3502080 288350208 320069632
448	1085440 1945600 3506176 288358400 320724992
449	1085440 1945600 3506176 288243712 321380352
450	1085440 1945600 3506176 288350208 322166784
451	1085440 1945600 3506176 288354304 322953216
452	1085440 1945600 3506176 288260096 323608576
453	1085440 1945600 3506176 288350208 324263936
454	1085440 1945600 3452928 288358400 324919296
455	1085440 1945600 3440640 288260096 325836800
456	1085440 1945600 3440640 288387072 326492160
457	1085440 1945600 3440640 288260096 327278592
458	1085440 1945600 3506176 288239616 327933952
459	1085440 1945600 3506176 288350208 328720384
460	1085440 1945600 3506176 288231424 329375744
461	1085440 1945600 3506176 288464896 330031104
462	1085440 1945600 3506176 288366592 330817536
463	1085440 1945600 3506176 288350208 331603968
464	1085440 1945600 3506176 288342016 332259328
465	1085440 1945600 3506176 288374784 333045760
466	1085440 1945600 3506176 288235520 333701120
467	1085440 1949696 3506176 288378880 334487552
468	1085440 1949696 3506176 288251904 335273984
469	1085440 1949696 3506176 288235520 335929344
470	1085440 1949696 3506176 288235520 336715776
471	1085440 1949696 3493888 288243712 337502208
472	1085440 1949696 3489792 288362496 338157568
473	1085440 1949696 3489792 288362496 338812928
474	1085440 1949696 3489792 288337920 339468288
475	1085440 1949696 3493888 288223232 340254720
476	1085440 1949696 3493888 288231424 340910080
477	1085440 1949696 3493888 288256000 341565440
478	1085440 1949696 3452928 288251904 342220800
479	1085440 1949696 3452928 288227328 343007232
480	1085440 1949696 3452928 288251904 343793664
481	1085440 1949696 3457024 288354304 344580096
482	1085440 1949696 3457024 288243712 345235456
483	1085440 1949696 3465216 288260096 346021888
484	1085440 1949696 3465216 288354304 346677248
485	1085440 1949696 3489792 288387072 347463680
486	1085440 1949696 3522560 288223232 348119040
487	1085440 1949696 3522560 288268288 348905472
488	1085440 1949696 3522560 288260096 349691904
489	1085440 1949696 3522560 288231424 350347264
490	1085440 1949696 3522560 288231424 351002624
491	1085440 1949696 3420160 288133120 351657984
492	1085440 1949696 3420160 288358400 352444416
493	1085440 1949696 3477504 288260096 353099776
494	1085440 1949696 3624960 288251904 353755136
495	1085440 1949696 3514368 288268288 354541568
496	1085440 1949696 3514368 288395264 355196928
497	1085440 1949696 3645440 288485376 355983360
498	1085440 1949696 3518464 288382976 356769792
499	1085440 1949696 3518464 288358400 357556224
500	1085440 1949696 3518464 288358400 358211584
501	1085440 1949696 3518464 288256000 358998016
502	1085440 1949696 3518464 288260096 359653376
503	1085440 1949696 3518464 288358400 360308736
504	1085440 1949696 3518464 288370688 360833024
505	1085440 1949696 3518464 288256000 361488384
506	1085440 2007040 3518464 288264192 362143744
507	1085440 1949696 3518464 288354304 362799104
508	1085440 1949696 3502080 288350208 363454464
509	1085440 1949696 3473408 288256000 363978752
510	1085440 1949696 3444736 288342016 364634112
511	1085440 1949696 3428352 288260096 365289472
512	1085440 1949696 3477504 288333824 365944832
513	1085440 1949696 3477504 288358400 366600192
514	1085440 1949696 3477504 288350208 367386624
515	1085440 1949696 3477504 288374784 368041984
516	1085440 1949696 3502080 288358400 368828416
517	1085440 1949696 3502080 288382976 369614848
518	1085440 1949696 3502080 288342016 370270208
519	1085440 2080768 3506176 288505856 370925568
520	1085440 1953792 3506176 288256000 371712000
521	1085440 1953792 3514368 288346112 372498432
522	1085440 1953792 3514368 288464896 373153792
523	1085440 1953792 3514368 288251904 373940224
524	1085440 1953792 3514368 288346112 374595584
525	1085440 1953792 3514368 288346112 375382016
526	1085440 1953792 3514368 288370688 375906304
527	1085440 1953792 3514368 288350208 376692736
528	1085440 1953792 3514368 288346112 377479168
529	1085440 1953792 3514368 288354304 378134528
530	1085440 1953792 3502080 288452608 378920960
531	1085440 1953792 3502080 288358400 379576320
532	1085440 1953792 3502080 288321536 380231680
533	1085440 1953792 3502080 288309248 381018112
534	1085440 1953792 3510272 288239616 381804544
535	1085440 1953792 3510272 288317440 382459904
536	1085440 1953792 3510272 288239616 383115264
537	1085440 1953792 3510272 288235520 383901696
538	1085440 1953792 3510272 288317440 384557056
539	1085440 1953792 3518464 288268288 385343488
540	1085440 1953792 3518464 288346112 386129920
541	1085440 1953792 3518464 288354304 386916352
542	1085440 1953792 3448832 288309248 387444736
543	1085440 1953792 3457024 288309248 388231168
544	1085440 1953792 3493888 288264192 388886528
545	1085440 1953792 3493888 288362496 389672960
546	1085440 1953792 3493888 288309248 390459392
547	1085440 1953792 3497984 288227328 390983680
548	1085440 1953792 3497984 288301056 391639040
549	1085440 1953792 3497984 288296960 392294400
550	1085440 1953792 3497984 288256000 393080832
551	1085440 1953792 3497984 288256000 393736192
552	1085440 1953792 3497984 288256000 394653696
553	1085440 1953792 3497984 288346112 395309056
554	1085440 1953792 3633152 288374784 395833344
555	1085440 1953792 3518464 288342016 396619776
556	1085440 1953792 3518464 288333824 397275136
557	1085440 1953792 3518464 288358400 398061568
558	1085440 1953792 3518464 288342016 398848000
559	1085440 1953792 3518464 288329728 399503360
560	1085440 1953792 3518464 288337920 400289792
561	1085440 1953792 3518464 288333824 400945152
562	1085440 1953792 3518464 288456704 401731584
563	1085440 1953792 3518464 288342016 402518016
564	1085440 1953792 3518464 288264192 403173376
565	1085440 1953792 3518464 288346112 403959808
566	1085440 1953792 3518464 288460800 404615168
567	1085440 1953792 3506176 288264192 405532672
568	1085440 1953792 3506176 288387072 406319104
569	1085440 1953792 3506176 288391168 406974464
570	1085440 1953792 3506176 288358400 407498752
571	1085440 1957888 3510272 288235520 408285184
572	1085440 1957888 3510272 288264192 409071616
573	1085440 1957888 3510272 288358400 409726976
574	1085440 1957888 3489792 288272384 410382336
575	1085440 1957888 3600384 288354304 411168768
576	1085440 1957888 3473408 288391168 411955200
577	1085440 1957888 3473408 288391168 412610560
578	1085440 1957888 3473408 288313344 413396992
579	1085440 1957888 3473408 288313344 414052352
580	1085440 1957888 3596288 288448512 414838784
581	1085440 1957888 3510272 288464896 415363072
582	1085440 1957888 3510272 288317440 416149504
583	1085440 1957888 3510272 288337920 416935936
584	1085440 1957888 3514368 288387072 417591296
585	1085440 1957888 3514368 288337920 418377728
586	1085440 1957888 3514368 288391168 419164160
587	1085440 1957888 3543040 288395264 419819520
588	1085440 1957888 3543040 288382976 420605952
589	1085440 1957888 3543040 288391168 421261312
590	1085440 1957888 3530752 288346112 422047744
591	1085440 1957888 3526656 288370688 422703104
592	1085440 1957888 3530752 288468992 423489536
593	1085440 1957888 3530752 288342016 424275968
594	1085440 1957888 3506176 288358400 424931328
595	1085440 1957888 3502080 288350208 425586688
596	1085440 1957888 3489792 288337920 426373120
597	1085440 1957888 3489792 288460800 427028480
598	1085440 1957888 3489792 288460800 427814912
599	1085440 1957888 3489792 288350208 428470272
600	1085440 1957888 3510272 288382976 429256704
601	1085440 1957888 3510272 288505856 429912064
602	1085440 1957888 3653632 288374784 430698496
603	1085440 1957888 3526656 288387072 431484928
604	1085440 1957888 3526656 288387072 432140288
605	1085440 1957888 3526656 288256000 432926720
606	1085440 1957888 3526656 288272384 433582080
607	1085440 1957888 3526656 288268288 434368512
608	1085440 1957888 3526656 288391168 435023872
609	1085440 1957888 3526656 288464896 435679232
610	1085440 1957888 3526656 288337920 436465664
611	1085440 1957888 3526656 288526336 437121024
612	1085440 1957888 3526656 288505856 437776384
613	1085440 1957888 3526656 288337920 438562816
614	1085440 1957888 3522560 288460800 439218176
615	1085440 1957888 3514368 288378880 440135680
616	1085440 1957888 3432448 288505856 440528896
617	1085440 1957888 3473408 288329728 441184256
618	1085440 2088960 3620864 288387072 441708544
619	1085440 1961984 3502080 288579584 442101760
620	1085440 1961984 3502080 288395264 442757120
621	1085440 1961984 3522560 288260096 443412480
622	1085440 1961984 3522560 288505856 444067840
623	1085440 1961984 3522560 288333824 444723200
624	1085440 1961984 3522560 288346112 445378560
625	1085440 1961984 3522560 288350208 445902848
626	1085440 1961984 3526656 288272384 446558208
627	1085440 1961984 3526656 288485376 447082496
628	1085440 1961984 3526656 288342016 447606784
629	1085440 1961984 3526656 288272384 448393216
630	1085440 1961984 3526656 288362496 449310720
631	1085440 1961984 3526656 288362496 449966080
632	1085440 1961984 3526656 288485376 450752512
633	1085440 1961984 3526656 288399360 451538944
634	1085440 1961984 3526656 288468992 452325376
635	1085440 1961984 3526656 288235520 452980736
636	1085440 1961984 3526656 288370688 453767168
637	1085440 1961984 3526656 288468992 454422528
638	1085440 1961984 3526656 288346112 455208960
639	1085440 1961984 3526656 288395264 455995392
640	1085440 1961984 3526656 288337920 456781824
641	1085440 1961984 3526656 288358400 457306112
642	1085440 1961984 3526656 288366592 458096640
643	1085440 1961984 3489792 288350208 458883072
644	1085440 1961984 3502080 288354304 459538432
645	1085440 1961984 3506176 288354304 460193792
646	1085440 1961984 3506176 288350208 460980224
647	1085440 1961984 3506176 288354304 461635584
648	1085440 1961984 3637248 288378880 462290944
649	1085440 1961984 3538944 288354304 463208448
650	1085440 1961984 3538944 288354304 463732736
651	1085440 1961984 3522560 288387072 464519168
652	1085440 1961984 3522560 288387072 465305600
653	1085440 1961984 3522560 288387072 465960960
654	1085440 1961984 3522560 288481280 466616320
655	1085440 1961984 3522560 288387072 467533824
656	1085440 1961984 3522560 288481280 468058112
657	1085440 1961984 3502080 288268288 468975616
658	1085440 1961984 3457024 288391168 469630976
659	1085440 1961984 3514368 288477184 470286336
660	1085440 1961984 3514368 288391168 471072768
661	1085440 1961984 3645440 288395264 471859200
662	1085440 1961984 3645440 288477184 472514560
663	1085440 1961984 3584000 288358400 473169920
664	1085440 1961984 3715072 288358400 473956352
665	1085440 1961984 3612672 288342016 474611712
666	1085440 1961984 3612672 288337920 475398144
667	1085440 1961984 3620864 288231424 476053504
668	1085440 1961984 3506176 288260096 476839936
669	1085440 1961984 3506176 288358400 477495296
670	1085440 1961984 3510272 288391168 478281728
671	1085440 1961984 3510272 288354304 478937088
672	1085440 1966080 3510272 288231424 479723520
673	1085440 1966080 3510272 288399360 480378880
674	1085440 1966080 3510272 288391168 481034240
675	1085440 1966080 3510272 288477184 481820672
676	1085440 1966080 3731456 288354304 482476032
677	1085440 1966080 3497984 288395264 483393536
678	1085440 1966080 3497984 288399360 483917824
679	1085440 1966080 3547136 288477184 484704256
680	1085440 1966080 3547136 288481280 485490688
681	1085440 1966080 3547136 288358400 486146048
682	1085440 1966080 3534848 288391168 486801408
683	1085440 1966080 3534848 288382976 487587840
684	1085440 1966080 3534848 288387072 488243200
685	1085440 1966080 3534848 288387072 489029632
686	1085440 1966080 3534848 288268288 489684992
687	1085440 1966080 3534848 288444416 490340352
688	1085440 1966080 3534848 288387072 491081728
689	1085440 1966080 3534848 288477184 491745280
690	1085440 1966080 3534848 288595968 492662784
691	1085440 1966080 3534848 288350208 493322240
692	1085440 1966080 3534848 288468992 493985792
693	1085440 1966080 3534848 288477184 494772224
694	1085440 1966080 3534848 288477184 495427584
695	1085440 1966080 3534848 288468992 496214016
696	1085440 1966080 3534848 288477184 497000448
697	1085440 1966080 3534848 288403456 497803264
698	1085440 1966080 3534848 288387072 498327552
699	1085440 1966080 3502080 288350208 499113984
700	1085440 1966080 3436544 288342016 499769344
701	1085440 1966080 3424256 288358400 500555776
702	1085440 1966080 3481600 288485376 501211136
703	1085440 1966080 3747840 288477184 501866496
704	1085440 1966080 3538944 288501760 502652928
705	1085440 1966080 3538944 288464896 503308288
706	1085440 1966080 3538944 288497664 504094720
707	1085440 1966080 3538944 288477184 504750080
708	1085440 1966080 3538944 288350208 505536512
709	1085440 1966080 3534848 288374784 506191872
710	1085440 1966080 3534848 288354304 506847232
711	1085440 1966080 3534848 288489472 507764736
712	1085440 1966080 3534848 288456704 508420096
713	1085440 1966080 3534848 288362496 509075456
714	1085440 1966080 3534848 288497664 509861888
715	1085440 1966080 3534848 288497664 510517248
716	1085440 1966080 3534848 288366592 511303680
717	1085440 1966080 3534848 288346112 511827968
718	1085440 1966080 3551232 288272384 512745472
719	1085440 2097152 3551232 288366592 513273856
720	1085440 1970176 3551232 288432128 514060288
721	1085440 1970176 3551232 288268288 514715648
722	1085440 1970176 3551232 288399360 515502080
723	1085440 1970176 3551232 288485376 516157440
724	1085440 1970176 3551232 288321536 517074944
725	1085440 1970176 3551232 288354304 517599232
726	1085440 1970176 3551232 288350208 518385664
727	1085440 1970176 3551232 288358400 519041024
728	1085440 1970176 3551232 288350208 519827456
729	1085440 1970176 3551232 288272384 520613888
730	1085440 1970176 3551232 288485376 521007104
731	1085440 1970176 3502080 288346112 521793536
732	1085440 1970176 3633152 288358400 522448896
733	1085440 1970176 3645440 288354304 522973184
734	1085440 1970176 3657728 288354304 523759616
735	1085440 1970176 3543040 288477184 524414976
736	1085440 1970176 3543040 288268288 525070336
737	1085440 1970176 3547136 288149504 525856768
738	1085440 1970176 3547136 288288768 526643200
739	1085440 1970176 3522560 288391168 527298560
740	1085440 1970176 3522560 288374784 527953920
741	1085440 1970176 3547136 288481280 528719872
742	1085440 1970176 3551232 288415744 529375232
743	1085440 1970176 3551232 288378880 530161664
744	1085440 1970176 3551232 288403456 530817024
745	1085440 1970176 3551232 288387072 531603456
746	1085440 1970176 3551232 288387072 532258816
747	1085440 1970176 3551232 288395264 533045248
748	1085440 1970176 3551232 288485376 533712896
749	1085440 1970176 3551232 288477184 534499328
750	1085440 1970176 3551232 288468992 535154688
751	1085440 1970176 3551232 288350208 535941120
752	1085440 1970176 3551232 288395264 536596480
753	1085440 1970176 3551232 288378880 537382912
754	1085440 1970176 3551232 288346112 538038272
755	1085440 1970176 3551232 288452608 538824704
756	1085440 1970176 3551232 288333824 539480064
757	1085440 1970176 3551232 288346112 540266496
758	1085440 1970176 3551232 288456704 541040640
759	1085440 1970176 3551232 288432128 541827072
760	1085440 1970176 3551232 288436224 542355456
761	1085440 1970176 3551232 288514048 543141888
762	1085440 1970176 3551232 288313344 543797248
763	1085440 1970176 3551232 288309248 544583680
764	1085440 1970176 3551232 288313344 545370112
765	1085440 1970176 3551232 288329728 546041856
766	1085440 1970176 3551232 288337920 546828288
767	1085440 1970176 3551232 288329728 547483648
768	1085440 1970176 3551232 288321536 548270080
769	1085440 1970176 3551232 288423936 548925440
770	1085440 1970176 3551232 288321536 549711872
771	1085440 1970176 3551232 288333824 550367232
772	1085440 1974272 3555328 288309248 551284736
773	1085440 1974272 3555328 288387072 551776256
774	1085440 1974272 3555328 288436224 552546304
775	1085440 1974272 3555328 288448512 553332736
776	1085440 1974272 3555328 288382976 554024960
777	1085440 1974272 3555328 288468992 554815488
778	1085440 1974272 3497984 288337920 555479040
779	1085440 1974272 3497984 288342016 556265472
780	1085440 1974272 3497984 288468992 557051904
781	1085440 1974272 3547136 288440320 557707264
782	1085440 1974272 3547136 288444416 558493696
783	1085440 1974272 3547136 288440320 559149056
784	1085440 1974272 3538944 288468992 559804416
785	1085440 1974272 3493888 288333824 560590848
786	1085440 1974272 3493888 288395264 561246208
787	1085440 1974272 3608576 288317440 562163712
788	1085440 1974272 3526656 288403456 562819072
789	1085440 1974272 3526656 288436224 563605504
790	1085440 1974272 3526656 288468992 564260864
791	1085440 1974272 3665920 288436224 564916224
792	1085440 1974272 3538944 288399360 565702656
793	1085440 1974272 3538944 288399360 566358016
794	1085440 1974272 3538944 288559104 567144448
795	1085440 1974272 3538944 288329728 567930880
796	1085440 1974272 3538944 288448512 568586240
797	1085440 1974272 3538944 288329728 569241600
798	1085440 1974272 3538944 288378880 570028032
799	1085440 1974272 3538944 288358400 570683392
800	1085440 1974272 3538944 288358400 571469824
801	1085440 1974272 3538944 288354304 572231680
802	1085440 1974272 3538944 288378880 573030400
803	1085440 1974272 3538944 288436224 573558784
804	1085440 1974272 3538944 288395264 574214144
805	1085440 1974272 3538944 288403456 575000576
806	1085440 1974272 3538944 288362496 575787008
807	1085440 1974272 3538944 288260096 576573440
808	1085440 1974272 3538944 288325632 577228800
809	1085440 1974272 3551232 288354304 578015232
810	1085440 1974272 3551232 288354304 578670592
811	1085440 1974272 3502080 288342016 579330048
812	1085440 1974272 3633152 288354304 580247552
813	1085440 1974272 3555328 288354304 580902912
814	1085440 1974272 3555328 288354304 581558272
815	1085440 1974272 3555328 288321536 582475776
816	1085440 1974272 3555328 288399360 583131136
817	1085440 1974272 3555328 288382976 583786496
818	1085440 1974272 3493888 288337920 584441856
819	1085440 1974272 3522560 288526336 585228288
820	1085440 1978368 3522560 288382976 586014720
821	1085440 1978368 3522560 288403456 586649600
822	1085440 1978368 3522560 288387072 587427840
823	1085440 1978368 3526656 288399360 588214272
824	1085440 1978368 3526656 288337920 589131776
825	1085440 1978368 3526656 288460800 589688832
826	1085440 1978368 3473408 288395264 590344192
827	1085440 1978368 3604480 288395264 590999552
828	1085440 1978368 3616768 288509952 591785984
829	1085440 1978368 3510272 288382976 592441344
830	1085440 1978368 3534848 288329728 593227776
831	1085440 1978368 3534848 288329728 593887232
832	1085440 1978368 3534848 288366592 594673664
833	1085440 1978368 3534848 288575488 595329024
834	1085440 1978368 3600384 288456704 596115456
835	1085440 1978368 3526656 288280576 596901888
836	1085440 1978368 3534848 288432128 597557248
837	1085440 1978368 3534848 288555008 598343680
838	1085440 1978368 3534848 288370688 598999040
839	1085440 1978368 3534848 288473088 599916544
840	1085440 1978368 3534848 288468992 600440832
841	1085440 1978368 3534848 288370688 601227264
842	1085440 1978368 3534848 288489472 602013696
843	1085440 1978368 3534848 288653312 602800128
844	1085440 1978368 3543040 288317440 603455488
845	1085440 1978368 3543040 288444416 604110848
846	1085440 1978368 3543040 288354304 604897280
847	1085440 1978368 3547136 288485376 605683712
848	1085440 1978368 3547136 288346112 606339072
849	1085440 1978368 3547136 288436224 606994432
850	1085440 1978368 3547136 288260096 607780864
851	1085440 1978368 3547136 288391168 608567296
852	1085440 1978368 3547136 288309248 609353728
853	1085440 1978368 3547136 288333824 610009088
854	1085440 1978368 3547136 288309248 610795520
855	1085440 1978368 3543040 288280576 611450880
856	1085440 1978368 3543040 288358400 612368384
857	1085440 1978368 3543040 288272384 612892672
858	1085440 1978368 3543040 288428032 613679104
859	1085440 1978368 3543040 288358400 614465536
860	1085440 1978368 3543040 288403456 615251968
861	1085440 1978368 3571712 288391168 615907328
862	1085440 1978368 3571712 288378880 616562688
863	1085440 1978368 3571712 288530432 617349120
864	1085440 1978368 3571712 288415744 618004480
865	1085440 1978368 3551232 288374784 618790912
866	1085440 1978368 3551232 288387072 619446272
867	1085440 1978368 3551232 288268288 620232704
868	1085440 1978368 3551232 288395264 621019136
869	1085440 1978368 3551232 288399360 621674496
870	1085440 1978368 3551232 288391168 622460928
871	1085440 2109440 3551232 288473088 623247360
872	1085440 2109440 3551232 288391168 624033792
873	1085440 2109440 3551232 288395264 624689152
874	1085440 2109440 3551232 288342016 625475584
875	1085440 2109440 3551232 288342016 626130944
876	1085440 2109440 3543040 288362496 626917376
877	1085440 2109440 3543040 288276480 627572736
878	1085440 2109440 3551232 288387072 628359168
879	1085440 2109440 3551232 288493568 629014528
880	1085440 2109440 3551232 288366592 629800960
881	1085440 2109440 3555328 288493568 630587392
882	1085440 1982464 3555328 288616448 631373824
883	1085440 1982464 3538944 288374784 632160256
884	1085440 1982464 3538944 288612352 632815616
885	1085440 1982464 3538944 288382976 633602048
886	1085440 1982464 3538944 288374784 634257408
887	1085440 1982464 3538944 288501760 635043840
888	1085440 1982464 3538944 288485376 635699200
889	1085440 1982464 3547136 288276480 636616704
890	1085440 1982464 3678208 288399360 637272064
891	1085440 1982464 3551232 288391168 637927424
892	1085440 1982464 3551232 288399360 638713856
893	1085440 1982464 3551232 288522240 639369216
894	1085440 1982464 3551232 288514048 640155648
895	1085440 1982464 3551232 288514048 640942080
896	1085440 1982464 3551232 288382976 641597440
897	1085440 1982464 3551232 288264192 642383872
898	1085440 1982464 3551232 288395264 643039232
899	1085440 1982464 3551232 288481280 643825664
900	1085440 1982464 3551232 288268288 644349952
901	1085440 1982464 3551232 288399360 645136384
902	1085440 1982464 3551232 288268288 645791744
903	1085440 1982464 3551232 288239616 646447104
904	1085440 1982464 3502080 288280576 646971392
905	1085440 1982464 3493888 288280576 647626752
906	1085440 1982464 3801088 288358400 648282112
907	1085440 1982464 3690496 288366592 648806400
908	1085440 1982464 3567616 288272384 649723904
909	1085440 1982464 3567616 288477184 650379264
910	1085440 1982464 3567616 288387072 651165696
911	1085440 1982464 3567616 288362496 651952128
912	1085440 1982464 3567616 288366592 652607488
913	1085440 1982464 3567616 288387072 653393920
914	1085440 1982464 3567616 288280576 654049280
915	1085440 1982464 3567616 288268288 654835712
916	1085440 1982464 3567616 288366592 655622144
917	1085440 1982464 3567616 288280576 656408576
918	1085440 1982464 3567616 288280576 656932864
919	1085440 1986560 3698688 288407552 657850368
920	1085440 1986560 3571712 288497664 658505728
921	1085440 1986560 3571712 288382976 659292160
922	1085440 1986560 3571712 288370688 659947520
923	1085440 1986560 3571712 288362496 660733952
924	1085440 1986560 3571712 288370688 661389312
925	1085440 1986560 3571712 288358400 662175744
926	1085440 1986560 3571712 288395264 662962176
927	1085440 1986560 3571712 288362496 663617536
928	1085440 1986560 3571712 288407552 664403968
929	1085440 1986560 3571712 288362496 665059328
930	1085440 1986560 3571712 288362496 665845760
931	1085440 1986560 3571712 288530432 666501120
932	1085440 1986560 3571712 288407552 667156480
933	1085440 1986560 3571712 288477184 667942912
934	1085440 1986560 3571712 288477184 668729344
935	1085440 1986560 3571712 288477184 669384704
936	1085440 1986560 3575808 288399360 670171136
937	1085440 1986560 3575808 288477184 670826496
938	1085440 1986560 3575808 288280576 671481856
939	1085440 1986560 3575808 288407552 672268288
940	1085440 1986560 3575808 288342016 672923648
941	1085440 1986560 3575808 288382976 673710080
942	1085440 1986560 3575808 288325632 674496512
943	1085440 1986560 3575808 288219136 675020800
944	1085440 1986560 3575808 288460800 675807232
945	1085440 1986560 3575808 288464896 676462592
946	1085440 1986560 3575808 288468992 677249024
947	1085440 1986560 3575808 288464896 678035456
948	1085440 1986560 3575808 288468992 678690816
949	1085440 1986560 3575808 288514048 679477248
950	1085440 1986560 3575808 288468992 680132608
951	1085440 1986560 3575808 288342016 680919040
952	1085440 1986560 3575808 288399360 681574400
953	1085440 1986560 3706880 288464896 682360832
954	1085440 1986560 3579904 288460800 683147264
955	1085440 1986560 3579904 288387072 683802624
956	1085440 1986560 3579904 288391168 684589056
957	1085440 1986560 3665920 288514048 685244416
958	1085440 1986560 3559424 288329728 686030848
959	1085440 1986560 3559424 288399360 686817280
960	1085440 1986560 3559424 288342016 687472640
961	1085440 1986560 3559424 288346112 688259072
962	1085440 1986560 3559424 288403456 689045504
963	1085440 1986560 3559424 288399360 689700864
964	1085440 1986560 3559424 288272384 690225152
965	1085440 1986560 3559424 288391168 690880512
966	1085440 1986560 3559424 288444416 691535872
967	1085440 1986560 3559424 288317440 692191232
968	1085440 1986560 3690496 288276480 692977664
969	1085440 1986560 3567616 288391168 693501952
970	1085440 1990656 3567616 288358400 693768192
971	1085440 1990656 3567616 288358400 693760000
972	1085440 1990656 3567616 288374784 693760000
973	1085440 1990656 3567616 288399360 693760000
974	1085440 1990656 3563520 288485376 693760000
975	1085440 1990656 3575808 288358400 693760000
976	1085440 1990656 3575808 288366592 693760000
977	1085440 1990656 3575808 288358400 693760000
978	1085440 1990656 3575808 288370688 693760000
979	1085440 1990656 3575808 288382976 693760000
980	1085440 1990656 3575808 288382976 693760000
981	1085440 1990656 3575808 288489472 693760000
982	1085440 1990656 3575808 288366592 693760000
983	1085440 1990656 3575808 288354304 693760000
984	1085440 1990656 3575808 288481280 693760000
985	1085440 1990656 3575808 288358400 693760000
986	1085440 1990656 3575808 288268288 693760000
987	1085440 1990656 3575808 288366592 693760000
988	1085440 1990656 3575808 288346112 693760000
989	1085440 1990656 3579904 288493568 693760000
990	1085440 2248704 3579904 288362496 693760000
991	1085440 2248704 286150656 288346112 693760000
992	1085440 2248704 286273536 288399360 693760000
993	1085440 2203648 286277632 288382976 693772288
994	1085440 2215936 3579904 288391168 292626432
995	1085440 2248704 286380032 288460800 292376576
996	1085440 1990656 286380032 288460800 292503552
997	1085440 1990656 288280576 288337920 292626432
998	1085440 1998848 288153600 288464896 292376576
999	1085440 2002944 288145408 288178176 292503552
1000	1085440 1896448 3579904 288161792 292622336
1001	1409024 1896448 2002944 3579904 292380672
1002	1409024 1896448 2002944 3579904 3579904
1003	1421312 1896448 2002944 3579904 3579904
1004	1421312 2027520 2134016 3579904 3579904
1005	1421312 1957888 2232320 3579904 3579904
1006	1421312 1957888 2232320 3579904 3579904
1007	1421312 1957888 2232320 3579904 3579904
1008	1421312 1957888 2232320 3579904 3579904
1009	1421312 1957888 2232320 3579904 3579904
1010	1421312 1957888 2232320 3579904 3579904
1011	1421312 1957888 2232320 3579904 3579904
1012	1421312 1957888 2232320 3579904 3579904
1013	1421312 1957888 2232320 3579904 3579904
1014	1421312 1957888 2232320 3579904 3579904
1015	1421312 1957888 2232320 3579904 3579904
1016	1957888 1957888 2232320 3579904 3579904
1017	1957888 1957888 2232320 3579904 3579904
1018	3579904 3579904 3579904 3579904 3579904
