1	0 0 0 0 2
2	0 0 4 15 2e+16
3	0 0 7 17 99
4	0 0 11 17 86
5	0 9 14 51 99
6	0 12 26 65 98
7	0 9 24 73 99
8	0 8 21 81 111
9	0 9 35 68 119
10	0 13 36 70 187
11	0 13 39 79 186
12	0 27 49 85 179
13	0 11 64 76 180
14	0 11 31 79 183
15	0 12 47 87 190
16	0 9 27 85 178
17	0 11 64 93 173
18	0 14 44 78 184
19	0 11 46 86 180
20	0 10 37 75 180
21	0 9 44 74 182
22	0 9 31 78 176
23	0 12 30 82 187
24	0 10 44 79 184
25	0 11 42 78 180
26	0 12 44 77 188
27	0 11 43 89 179
28	0 12 49 76 172
29	0 11 32 79 172
30	0 9 34 76 157
31	0 10 42 80 174
32	0 9 34 79 179
33	0 11 46 85 176
34	0 11 41 80 173
35	0 13 46 83 192
36	0 10 44 84 179
37	0 11 44 84 159
38	0 11 37 85 176
39	0 11 42 81 176
40	0 13 47 70 177
41	0 11 38 71 194
42	0 17 54 67 184
43	0 11 51 78 181
44	0 9 33 81 181
45	0 22 41 87 190
46	0 12 34 86 184
47	0 23 59 87 194
48	0 12 56 88 191
49	0 19 45 87 189
50	0 14 37 83 203
51	0 11 28 84 199
52	0 12 53 80 193
53	0 13 45 81 200
54	0 13 45 76 183
55	0 13 35 75 185
56	0 9 36 85 176
57	0 10 37 88 191
58	0 15 53 84 191
59	0 10 24 84 173
60	0 11 55 74 185
61	0 11 39 76 193
62	0 13 42 88 186
63	0 10 49 78 190
64	0 8 24 73 184
65	0 11 55 87 192
66	0 10 52 75 205
67	0 12 53 82 169
68	0 11 44 81 198
69	0 12 37 75 184
70	0 11 41 77 195
71	0 11 55 91 195
72	0 11 37 83 190
73	0 10 29 71 191
74	0 12 46 89 198
75	0 12 45 88 183
76	0 11 41 75 195
77	0 11 33 75 169
78	0 22 57 87 170
79	0 14 44 87 199
80	0 12 47 72 177
81	0 13 62 91 193
82	0 10 30 83 188
83	0 10 51 74 193
84	0 10 26 84 176
85	0 11 28 76 200
86	0 9 45 71 184
87	0 11 62 81 190
88	0 11 27 92 194
89	0 12 36 79 207
90	0 9 39 83 177
91	0 9 29 81 201
92	0 11 51 75 183
93	0 11 58 79 195
94	0 24 57 79 190
95	0 11 51 83 188
96	0 9 28 85 182
97	0 7 29 62 193
98	0 11 34 81 196
99	0 11 57 81 189
100	0 12 32 84 199
101	0 10 53 89 193
102	0 10 45 80 189
103	0 10 45 81 194
104	0 14 37 81 200
105	0 9 41 81 182
106	0 10 59 85 170
107	0 11 47 83 197
108	0 9 44 74 189
109	0 10 36 76 200
110	0 11 39 86 192
111	0 18 44 84 183
112	0 10 43 81 173
113	0 8 51 80 177
114	0 8 56 83 190
115	0 10 57 79 173
116	0 9 34 72 183
117	0 9 37 75 189
118	0 14 47 87 176
119	0 15 57 96 191
120	0 9 37 88 177
121	0 11 55 83 197
122	0 15 54 87 202
123	0 9 37 81 207
124	0 11 28 77 189
125	0 15 49 79 191
126	0 9 45 74 176
127	0 10 44 86 179
128	0 9 39 77 164
129	0 9 38 84 189
130	0 13 52 88 178
131	0 9 37 86 196
132	0 11 52 92 180
133	0 12 45 83 200
134	0 10 64 87 194
135	0 16 45 82 192
136	0 10 37 85 187
137	0 13 62 87 178
138	0 18 33 85 173
139	0 24 57 88 178
140	0 11 42 84 191
141	0 9 21 88 179
142	0 12 38 75 189
143	0 13 31 57 179
144	0 9 31 70 177
145	0 11 45 83 194
146	0 15 36 78 180
147	0 12 38 78 199
148	0 9 34 93 202
149	0 25 53 87 202
150	0 13 53 76 207
151	0 13 51 83 193
152	0 11 41 80 199
153	0 11 35 78 174
154	0 13 72 93 183
155	0 9 45 75 194
156	0 10 38 84 189
157	0 9 28 87 185
158	0 11 39 83 184
159	0 12 42 88 186
160	0 10 38 80 195
161	0 9 53 92 183
162	0 11 55 84 180
163	0 11 49 81 178
164	0 13 46 85 184
165	0 11 27 72 195
166	0 12 43 83 185
167	0 10 31 78 171
168	0 11 34 74 178
169	0 9 61 85 198
170	0 15 39 83 186
171	0 9 46 84 193
172	0 10 44 77 172
173	0 8 38 71 184
174	0 11 62 87 186
175	0 9 42 84 197
176	0 9 25 76 184
177	0 9 28 81 193
178	0 10 61 78 191
179	0 11 33 79 202
180	0 10 32 84 171
181	0 9 31 81 176
182	0 11 49 80 192
183	0 9 29 65 189
184	0 10 51 76 170
185	0 13 41 67 195
186	0 11 31 78 199
187	0 11 48 72 198
188	0 9 31 75 187
189	0 13 41 83 208
190	0 29 54 91 199
191	0 12 39 75 191
192	0 11 58 86 206
193	0 24 63 91 195
194	0 10 54 93 202
195	0 12 35 73 206
196	0 10 57 87 195
197	0 10 52 84 208
198	0 11 41 76 196
199	0 17 41 86 210
200	0 11 39 78 183
201	0 10 34 77 174
202	0 14 44 86 200
203	0 22 37 74 187
204	0 12 62 87 195
205	0 11 52 79 195
206	0 11 27 86 197
207	0 9 37 84 201
208	0 10 55 83 171
209	0 9 32 88 189
210	0 15 39 81 192
211	0 10 43 81 191
212	0 12 34 85 182
213	0 10 39 73 186
214	0 10 52 91 196
215	0 12 44 72 197
216	0 10 47 93 176
217	0 16 46 83 200
218	0 11 36 89 201
219	0 10 48 88 188
220	0 9 32 72 191
221	0 14 54 85 189
222	0 12 46 89 189
223	0 9 36 79 190
224	0 10 43 62 191
225	0 24 53 92 186
226	0 9 44 92 198
227	0 9 39 69 199
228	0 9 45 79 170
229	0 26 63 93 189
230	0 30 69 88 179
231	0 29 65 88 170
232	0 29 73 91 181
233	0 30 72 87 187
234	0 24 37 96 196
235	0 29 68 95 185
236	0 18 68 83 176
237	0 8 62 102 189
238	0 15 43 99 193
239	0 28 57 97 197
240	0 12 36 164 172
241	2 39 72 155 187
242	0 12 48 161 198
243	0 0 25 26 182
244	0 0 0 5 66
245	0 0 0 0 3
246	0 0 0 0 0
247	0 0 0 0 0
248	0 0 0 0 0
249	0 0 0 0 0
250	0 0 0 0 0
251	0 0 0 0 0
252	0 0 0 0 0
253	0 0 0 0 0
254	0 0 0 0 0
255	0 0 0 0 0
256	0 0 0 0 0
