1	9064903 9408080 9625121 30697137 39382459
2	143502 499415 771210 24740810 154388276
3	1019769 1239902 1426208 22750183 791684611
4	598216 1247873 19157668 145413826 520318162
5	633351 1293476 15683087 130352135 381094915
6	711244 1405666 17080022 349128870 1091435652
7	641307 1769721 15293347 369136773 1211596708
8	736783 1265757 14967779 396345232 1236998135
9	134637 827735 20199881 402717329 1201003351
10	271127 11766600 34676731 365917368 1170468171
11	529849 14641731 118706513 417757562 1100895886
12	670699 13568049 88850473 328563790 935026214
13	158148 12397046 87235837 259631841 1217944343
14	521037 13095026 105169166 297086247 1244032346
15	733184 13742239 123243903 308257722 1213406774
16	657621 14299218 97856003 331932291 1185792981
17	762574 12693762 109823499 309395245 1148958858
18	728829 13241322 118755194 294354499 1215347454
19	689458 12784717 121870138 321147570 1227323565
20	697098 13983791 115191729 309734915 1172982786
21	653669 13798216 114019150 302355832 1219532287
22	567535 13823770 111900706 312900220 1205726315
23	845761 15474827 103446885 303063387 1172738668
24	731631 14531305 125522065 285618266 1160208380
25	611194 19019738 126178435 312958187 1137662563
26	556205 12726496 121921435 324386674 1179508882
27	717547 13683338 160489929 340486310 1141618139
28	679475 14717501 157644828 427184550 1159380384
29	611148 13637999 147232971 444079076 1160922207
30	680351 13674637 129097919 364679125 1153654693
31	651725 16807945 134270576 405247953 1157262726
32	700167 13869422 127278246 402497148 1148085418
33	678916 14518804 132905657 339197064 1146937088
34	776938 15087023 132353565 322654968 1244458836
35	638185 14950662 128153592 327364934 1223689731
36	723105 13053963 137619104 395017257 1204134234
37	734247 16224685 141688853 488244090 1214513505
38	635713 12788055 138255915 441531729 1242892106
39	623197 14259569 145546053 467810214 1172266925
40	752422 15393251 123314760 518814145 1155647971
41	613623 13430332 128477152 493923615 1186856925
42	680904 18349440 134719894 505775030 1222692950
43	763128 14129355 153817693 523613263 1181820691
44	576300 13671431 137711880 434707038 1163793857
45	768349 15300633 154557391 478956058 1128720772
46	714213 14067286 143726341 492943801 1193543740
47	688078 12994335 140141882 531821618 1175593429
48	682949 14441179 146240908 517454890 1169318482
49	689001 14671018 137043646 548782743 1179082086
50	688110 12621380 137635185 511091599 1167067492
51	732288 14741925 143605333 511055668 1216012006
52	753965 19005985 137063123 514671636 1167895836
53	646613 16479955 135918431 506699517 1205077712
54	606325 13747870 142174337 502190882 1217512443
55	661412 14734395 129895774 505296713 1186436969
56	731515 15240278 129168372 499550638 1183607304
57	774557 14353706 129525575 497228584 1142921318
58	692741 13749388 137389529 515100333 1153958902
59	712099 13286122 137747858 449221512 1182355610
60	709145 16422596 131625930 459857390 1166009921
61	724899 13166237 142421948 464534600 1164336537
62	690589 14585053 145449733 487325797 1210890370
63	717450 12215983 124219006 512905430 1207045082
64	747681 14863107 131835869 466776464 1171755226
65	606921 13201863 105913273 531685772 1221909823
66	707004 13883646 122884522 528386736 1180482384
67	646808 14148469 122495507 423204066 1242736795
68	715233 14108930 132406053 468548999 1162839325
69	670315 14274521 136007131 428678238 1186746521
70	848704 13715629 146466700 388066601 1115837914
71	592630 13876489 145953933 402827514 1139835765
72	626949 13569616 121748911 447151950 1200589890
73	570502 15506066 135968255 509318678 1213815540
74	746033 13023865 126936944 504515602 1224220584
75	701372 13779342 108777698 500071447 1224016903
76	760010 12525795 127678604 472303740 1243886439
77	657535 14789454 126637675 497556731 1184987786
78	745642 12771660 129869053 442996559 1228145964
79	629200 15078860 126024699 408548986 1238960647
80	744017 12578874 137197609 440973599 1234681388
81	778195 14288060 140531229 450533815 1209008219
82	619977 14158413 143860195 448563420 1220029710
83	611443 13657160 124936404 480743909 1208505073
84	738937 14063694 144522624 490774235 1184831866
85	764525 13127144 141471978 525187116 1224241669
86	690250 13954543 139060944 520020053 1187483019
87	782454 15085807 136479186 474062078 1212486468
88	681740 16212497 146476725 517256265 1215821075
89	644339 15654565 138817590 490410559 1246303287
90	802866 15616373 128178580 522095224 1186632055
91	743483 14842324 137646185 481040636 1196021412
92	753949 19050067 152340017 533181312 1239422498
93	761342 16874822 143055426 496823230 1227975751
94	735903 15504234 164054925 483241196 1214147064
95	681975 16906274 166902856 414200812 1208279751
96	759000 16955148 142268360 431199121 1194774762
97	648626 16096713 162100983 395467214 1244046564
98	699817 15754106 165469881 410648183 1234159854
99	715911 16066484 162027724 430089358 1187813766
100	658247 13569745 179438540 408360934 1165297011
101	744860 16093444 157176638 441876729 1229795696
102	488164 15598929 136304218 392507121 1150947808
103	689065 17590226 145627599 387132470 1222712129
104	686172 20712400 158279414 453128098 1206831553
105	527412 14035410 144347025 409381537 1181153437
106	641219 16785527 154798801 437055898 1193637648
107	670194 14611460 154878891 420723328 1220726236
108	729889 14892996 155424542 372458269 1190067717
109	838456 15414749 171566003 408707698 1242840071
110	536983 19827800 143146037 385847565 1198646706
111	720732 15708733 149346994 378076430 1194778188
112	633551 16368975 144935551 426034666 1227774233
113	642936 17532891 141373398 413144846 1207893036
114	694454 17496540 129859002 413301347 1237404471
115	684845 19659674 139663421 383243952 1228551435
116	657372 17295473 133953656 388580096 1188213552
117	675318 16628402 137124327 370545666 1188252930
118	807310 20585097 147074142 344668934 1240131453
119	590359 17046960 157434602 397683024 1223886357
120	709995 18392441 169677094 419652211 1146455416
121	782308 16997263 166070909 446370484 1183057261
122	832293 17071950 170690051 410064937 1156578070
123	680037 15274740 168334967 416198296 1197151074
124	616595 16415051 160466137 437313435 1203678550
125	742899 14836325 148182982 416905960 1174356644
126	599085 16181024 162894593 431417103 1231339655
127	731911 16295271 153486375 426369739 1205143094
128	656375 14556103 141479498 396817394 1169796598
129	840509 16565991 156468886 385597246 1208229009
130	573414 15836764 146909147 408333181 1218014261
131	686496 17602851 151026134 354752916 1174193444
132	567705 17494314 154528320 355189571 1243734180
133	716250 15078286 154934327 385460131 1222285161
134	711241 17054155 152918063 414359038 1196457010
135	717738 15285330 153909446 430026319 1209375188
136	773995 21424228 149719414 366065871 1160634185
137	787194 15536916 172684431 390623032 1214716849
138	747694 16308175 173219632 410459888 1209951992
139	686602 16699859 160111035 404522342 1184333588
140	816186 21808497 163563118 390009992 1223518626
141	797473 16716261 161969643 386927321 1222197270
142	677774 17675410 159870744 453912956 1228182410
143	799137 17679773 155963974 411351146 1205435531
144	640917 17038246 154955575 406754734 1200544954
145	636837 14210861 173375168 418036222 1233907226
146	742695 16324844 153337275 442823210 1199875482
147	554065 16751735 154670990 407599768 1166629202
148	638492 15479514 164342081 385774702 1163212386
149	745056 14782977 170696296 416837625 1234550785
150	652607 17109428 149942821 426698236 1160536832
151	728382 15954246 160767370 446438639 1185327821
152	666934 17547703 162381785 404163781 1225236765
153	729339 19079181 165228637 421094680 1230106774
154	571640 16338054 156792316 386364505 1205745856
155	732707 14837260 164022420 413843556 1236235326
156	757990 17810923 164720208 421675568 1215687415
157	725980 16130140 165372201 399561962 1184581520
158	702584 17182043 159303505 424710764 1211812318
159	712914 16517227 181608068 418132544 1215342060
160	633569 17099739 164984164 428833638 1162877021
161	558132 15174435 154890626 469640198 1237373134
162	579677 15751879 145077571 441753157 1150447606
163	696092 16295095 151101693 447691065 1161955133
164	585550 17969179 160990643 405202861 1157371389
165	636615 15838476 153371291 413896158 1216201334
166	756046 15913601 154772007 373275735 1246799238
167	725720 18197039 172823172 378953644 1235360955
168	630679 18065683 170796619 427816667 1218227027
169	668186 14509353 167048348 408861660 1187393104
170	493804 17509280 175398530 398984339 1234804726
171	629736 17048226 135376226 442857746 1222966113
172	752126 16291589 154197240 422415050 1164286703
173	508011 17522123 152117216 402118436 1156938968
174	741092 16891669 154162871 435180192 1219054390
175	648142 17913632 169575535 407767036 1217108115
176	764102 18853265 167778069 421501582 1214936033
177	638239 15861796 152706067 400725753 1213718849
178	726649 17153211 156048672 392686745 1195280708
179	633763 16300729 168354578 411464885 1257029194
180	566323 16737673 182251114 424343855 1194876161
181	696995 17060030 178565354 440561348 1208187007
182	596277 18943756 197641690 407733058 1213003286
183	639319 20560545 168765875 438393031 1228336424
184	772195 13352830 154696716 431745245 1246088371
185	581200 17857703 146656636 450545476 1233305417
186	682245 17129873 155280269 476025764 1200733117
187	740666 17046715 158624708 447961115 1247735961
188	594072 17565824 152809025 409555545 1221282889
189	614250 16699907 166947489 368088371 1214232626
190	602892 15701841 146748280 417570105 1212767849
191	609312 20175570 172240819 416611701 1193789748
192	726593 15629479 155967426 395349560 1225888632
193	603497 15512987 154635978 394826918 1214464923
194	533703 16080617 145324530 434386534 1186835344
195	761898 16812970 156092182 456419351 1228036955
196	652008 16383174 154336944 383847932 1213793029
197	818769 17111260 161136289 391678468 1248035634
198	629637 15565922 157519275 392747492 1226600616
199	761257 16637056 174846933 412583396 1236650849
200	656047 14925231 157377709 392700497 1232521381
201	759483 17857591 156114411 393520116 1227575889
202	631726 15493452 153239348 399627397 1192260964
203	739161 16398920 148488297 399996635 1223012679
204	655300 16977983 138013927 422215506 1233178752
205	670823 17340690 136502606 408229506 1219088984
206	687561 15286207 151509628 378775227 1231250881
207	683934 17657792 160355618 383372466 1213885324
208	823683 19447000 141491101 402001883 1223488931
209	618894 16499138 149776012 346614978 1224311105
210	763034 15637216 151898930 380211998 1252373569
211	658500 17664045 153234975 433910943 1206181383
212	761991 18319457 149827965 411834826 1169492010
213	764584 15328456 152942020 421535362 1167588271
214	651113 15775262 159817137 380558248 1247806329
215	647576 16283862 162871311 398538054 1213993511
216	726772 15058461 140166469 390349975 1233093733
217	642243 15410969 169793213 374557942 1203806588
218	682695 15112223 148622480 441856544 1211628975
219	637738 15410925 148961978 403257308 1194058252
220	671265 15806343 146170132 379960507 1223313245
221	635909 15242961 149930689 411980528 1232399926
222	702195 19529627 145374922 382430342 1233784733
223	663696 15938499 138818549 367159562 1220213880
224	641862 16054167 146014143 354008818 1238468272
225	686915 18251538 183991334 383496992 1236717587
226	676929 17286377 148817343 407662047 1210673277
227	591590 16689836 144138137 392306195 1229856499
228	628089 18157631 145842523 391253778 1167178702
229	743702 18424175 151175433 449596846 1255802319
230	664129 18091260 156182433 383804588 1242281148
231	666399 19160730 157501666 408734010 1181004425
232	606068 15096000 164935130 388214581 1240180476
233	632278 17502790 178646684 414405943 1209494363
234	653519 16102810 172306429 443373459 1224048406
235	712581 19764863 166136029 422580447 1177272347
236	663347 15987342 161675428 401394439 1168076955
237	824863 15801243 147220211 454427066 1239282946
238	615608 16788081 155390465 402083492 1235717041
239	743265 16248205 153505266 387236227 1214138672
240	633957 21120989 145301772 388408187 1218290755
241	692150 16162333 155833152 359582117 1236600638
242	684539 22420512 148853759 400670293 1247384118
243	770713 14650313 166565924 359973221 1217293869
244	654068 14426134 159551142 394484348 1224794468
245	601461 15769821 164875698 400372473 1202692039
246	584730 16770052 168228540 431098596 1223084523
247	849850 16170603 165271698 440599395 1185330798
248	732290 15841208 148518797 421272841 1195084187
249	716819 16853159 135204622 409766810 1233194375
250	616881 18071782 146136108 429475694 1189518144
251	681279 17169234 156978988 394313908 1210555544
252	708277 15845414 167175393 386953051 1239625933
253	748176 16467866 159177242 394406467 1228511818
254	658613 18630225 160010852 389023320 1197918608
255	748320 18851027 166868380 381065461 1231417628
256	598259 17582958 174382764 399510115 1248675645
257	763611 17289939 170859040 399617703 1224539445
258	846098 15940600 167969932 421876779 1219883459
259	648023 16011838 157464251 429043990 1154519734
260	773255 16359775 150665833 431472107 1153298398
261	665651 14475079 156245696 407218572 1240139037
262	614322 16111851 170547547 420178707 1184975617
263	679092 14950128 156104653 410326895 1213860055
264	776924 14149276 159751740 379341231 1214668730
265	636047 14942643 144468436 370695139 1238303251
266	639108 13824420 133511958 388625502 1233580905
267	665699 13932317 141624256 379738170 1248326232
268	578540 15359834 134938927 363692688 1207637710
269	625412 18143036 137387545 412690040 1165997841
270	592408 16231317 129071772 476820833 1164997879
271	800048 13840893 131342873 497840643 1226298534
272	670198 14948218 128180647 465936944 1202610239
273	622634 14456844 139221740 445895474 1221523225
274	665222 14703733 132546584 445061362 1170215556
275	767746 14278296 126563468 445675691 1167101042
276	690142 13824122 138972573 457856373 1147615749
277	648411 14351548 140227272 495480421 1248509147
278	559615 14802687 144838291 482897862 1203693632
279	660511 13922564 138488666 379197889 1213689501
280	667334 17312329 152461289 494902302 1210492155
281	656190 15044824 150439420 504361885 1224782135
282	906493 15808039 149975559 528251288 1228208414
283	710364 18921412 153386723 500631365 1218036325
284	648038 17117353 142110384 540498102 1204510774
285	585731 16547527 168269341 534331316 1165903519
286	769094 18026206 169659871 553256444 1227923298
287	722168 14983045 152917898 547898849 1240746451
288	743720 16351370 163220468 509058384 1156139411
289	625444 17468161 134611197 432422186 1175798976
290	651554 17376844 143850058 406711892 1165023494
291	596600 21305607 154242126 423093099 1233361997
292	590775 19296477 151728473 431925987 1222771470
293	633786 17641266 169922025 375043893 1193217571
294	607128 18371181 159357377 418133751 1233285671
295	556443 16044754 154751985 429358313 1191872652
296	575628 15081143 158222878 416674204 1171390501
297	571094 13333738 153970905 427308965 1175328915
298	651837 14403826 152382967 426025771 1174789194
299	638098 13596728 149854232 434254732 1157413832
300	660405 15089316 141550002 382750513 1186142331
301	777815 13324380 148249149 415282921 1146662817
302	692807 17944287 141800426 404848508 1121516868
303	491209 15189110 135274329 497944607 1166947836
304	767140 13752521 133229040 504060231 1170872165
305	651746 14662672 128273479 506712480 1224794839
306	728518 13583420 125603623 487095511 1220903323
307	739029 16163833 136831959 474097916 1207856309
308	625193 15234692 140228321 464507901 1174884613
309	592101 13678499 125378934 461459848 1166415643
310	718144 14001555 110358301 446171829 1213883507
311	613480 14899229 117579889 497754464 1207558237
312	665705 14644401 128974335 500949598 1209126805
313	712275 13147459 117181041 463973254 1232406211
314	688703 13584310 121186498 401566657 1219466339
315	731205 13741439 116588642 425284886 1146539800
316	592753 14594576 107291191 450329412 1155890162
317	755359 13465219 115398479 406524639 1214016386
318	722997 14476789 121001647 450860611 1242993024
319	678925 13662534 122404280 400802602 1204767144
320	656197 14491641 119641745 380818540 1242845881
321	720293 16198996 124022150 391679105 1234412491
322	680333 13981330 124417203 428251849 1217741621
323	700597 13534201 120319848 426482140 1209618197
324	646785 14546202 110238756 411651878 1173521090
325	753978 14666589 108055276 490309050 1135925550
326	607806 15578959 115788499 420612539 1166749512
327	687109 15750069 129043181 431606194 1162084153
328	771458 16423932 124256202 390905648 1165671087
329	725749 14877042 126152082 382518357 1131113442
330	582363 13276521 126091003 410605111 1173829122
331	625428 12386933 132129216 450592212 1227073151
332	826267 14507529 126628970 446005370 1222504380
333	580118 20065443 111986325 421103153 1169709483
334	514754 14928630 119222202 448072048 1212175476
335	731757 15233331 124775807 491004168 1238249157
336	682622 13052460 118376313 420980320 1207834679
337	658548 16036064 133258577 406661967 1222388925
338	602409 13583922 123588230 426909354 1227669107
339	765604 13951631 121293822 465191508 1204613065
340	604318 12435049 115019392 419898613 1218028151
341	568971 15448556 131168525 460722879 1214230542
342	517121 14170195 128712925 440610751 1223094989
343	697250 14317171 127821644 427113037 1229135073
344	652809 15179514 120895786 401848682 1217753849
345	657643 15506108 108787563 470260001 1206402592
346	751383 15019895 123829802 462123127 1213493879
347	442620 19511313 141858773 461792271 1213693635
348	785897 16838331 135059696 446262849 1152106500
349	620477 13624926 133950078 389428453 1165934578
350	791396 15914888 138812487 466075501 1149587579
351	680305 14003406 130435605 489609719 1179667440
352	638179 16390595 137174875 485261687 1156147183
353	743971 13663691 125719323 482634415 1154487618
354	748472 13799780 122745099 505202548 1180808916
355	697289 14891241 133872642 462855716 1146548218
356	742226 14011385 133009910 473621851 1156149077
357	682441 12634987 134176840 447589909 1151606361
358	725187 13400638 120530946 449635400 1170185510
359	621041 15912018 131847374 462860833 1223704987
360	682675 14162814 131392640 455818595 1232012651
361	597206 16750441 125415701 466551418 1218841664
362	634913 12484346 132930437 442242252 1223817350
363	614845 14464514 131911962 455500815 1204368930
364	769759 13095188 143124530 483960185 1238877778
365	621637 15910501 131744374 485598523 1213437404
366	668037 14452859 129764063 465866445 1242998267
367	616374 15616653 118944287 473806532 1204827241
368	696761 16535689 127664280 515577881 1192907445
369	557433 14387945 127230779 456724858 1235087004
370	563738 16335523 126424232 470178960 1198732627
371	759981 15620683 138183264 473574412 1234178987
372	669568 14186583 132960150 451030391 1137437758
373	563079 15140481 125223429 463300135 1148565837
374	699383 13266215 125537216 451503409 1197846593
375	699800 13019924 119887812 505920669 1136716266
376	627395 12882967 124193595 463493416 1161090247
377	744016 13092977 128844683 462049370 1217372364
378	606249 13043033 128049248 447387913 1168245663
379	644889 15183107 130368435 432760571 1188654879
380	540053 13753579 117133681 453285315 1138268667
381	630742 13978301 126788060 309349737 1233865036
382	659532 13906962 121702223 310983634 1244270845
383	662107 15692863 134374473 345630951 1214749707
384	717575 13601315 127317083 377856295 1155393120
385	694574 17142634 128197474 327770342 1166317337
386	574904 15042540 138416322 430384671 1238298905
387	899498 17280713 153066048 482424141 1199304390
388	726238 15076555 154150204 477937797 1236924039
389	626434 12775059 139762666 469154939 1166449513
390	659671 15419967 135697785 521404094 1161451091
391	588065 13682035 138758335 518495453 1172350702
392	772620 16262922 125985318 554409806 1159919560
393	623497 15617130 140022255 490679077 1155923402
394	602488 13709396 139912373 502084495 1145951488
395	614054 14098943 137620770 486819949 1160684933
396	654097 15475552 123723087 451479615 1223816356
397	596711 13847723 129504681 475404568 1248294242
398	796383 14197169 126216688 498622930 1149367082
399	623969 14396982 129165378 482806739 1154699231
400	716967 15280354 142139770 438305376 1210656341
401	678659 15952922 139629292 446975353 1193670317
402	618437 13175027 120508455 435507567 1153180258
403	713305 15579864 115581819 451313530 1151683132
404	550822 12763101 119828573 507028031 1226499101
405	803430 14585146 122553658 500844337 1218086207
406	681069 14855584 124967112 422992888 1203908800
407	667857 14486781 130202540 413293003 1216731543
408	715634 15743759 125234201 437626971 1179440905
409	646342 14639452 112941270 425659511 1189808731
410	733251 16662059 133438546 436436393 1225249929
411	719895 13456653 130146483 446663727 1174500663
412	753128 14832902 153842774 465764446 1169042097
413	661693 13919813 150761021 401436685 1158228460
414	708395 15208252 127442746 495000707 1154637136
415	774233 14256262 122958948 463431095 1133047095
416	654488 13538490 127516217 531956611 1227342740
417	602598 14291927 111524255 542750433 1199971245
418	647968 16723313 130606348 444675649 1164337557
419	581878 15439820 125382616 427022146 1227782403
420	693491 14418094 133266984 459046135 1158229483
421	681944 14354123 128312031 393948876 1160722267
422	691934 13961428 135283136 455277285 1221179454
423	705931 14945887 125530348 430997936 1150657206
424	680780 13869858 124482712 483768904 1163690902
425	680017 14178973 118963639 447354972 1171014847
426	673844 13398236 127353853 465815088 1195858385
427	669694 14417087 129574445 467557765 1199430664
428	603492 13118455 111927170 440484693 1246807081
429	648924 13995954 123219906 409729272 1213551361
430	633450 13955093 110798550 442909622 1215858545
431	568280 15067729 119702317 446890826 1181348976
432	657729 16256239 116537613 405685214 1214198767
433	652442 12197305 119144520 399228395 1243007268
434	712887 14509042 123099559 403770154 1223352981
435	582781 14110533 129847536 423638273 1213073615
436	747728 13919719 135757145 416860764 1210602266
437	672565 14049331 124611688 401741397 1177931220
438	632181 16767773 115833557 430892955 1133678373
439	738199 13757919 118038101 453663708 1197376221
440	758069 14277889 124464242 487562875 1207292352
441	629841 16610647 123002851 419039260 1218091185
442	702081 16530327 121571944 412894893 1252903581
443	794887 14012769 127637131 429615204 1166764822
444	732769 13443347 117918475 447034664 1165447092
445	599297 13921811 126756668 457658197 1172637413
446	560248 13869119 122509693 424195276 1210379062
447	673616 13876677 132788212 469767460 1219558304
448	710123 14831996 116123930 409574431 1152890171
449	564915 16513029 123409693 448130453 1168382700
450	636548 14033568 115027491 449668944 1204906806
451	644627 13955584 125097018 462735613 1238711683
452	624731 16698926 127096304 410577295 1204061268
453	719494 15572530 135443107 436746993 1191385640
454	578193 20138166 124592680 398163651 1228329963
455	627138 15558765 122051438 441290926 1239129605
456	606075 15560506 141947477 448793277 1218961725
457	642025 16701856 145727701 456040418 1213277616
458	816591 21598521 145405714 450135237 1237203242
459	688339 19346390 148236157 459558023 1203170461
460	591408 17350027 126276930 460483417 1157751106
461	798526 16148105 142416939 400458379 1172698584
462	761004 16446646 165750356 385417723 1244569706
463	743512 15760078 145266471 437491618 1224945017
464	738300 19988278 155334262 396478803 1183026599
465	804201 16689782 149592290 393793819 1228037884
466	671793 16144568 142332366 412183010 1192797683
467	686734 18912882 169176828 413770306 1238473602
468	683956 17084070 162626613 417791047 1170636600
469	680316 15876990 151377538 465262240 1142530999
470	745421 17534681 159412531 371222806 1136634240
471	658853 15747380 158691310 387205085 1224175205
472	569880 19259850 156365534 398658477 1228170948
473	703967 16152257 146725891 394335165 1176531192
474	779013 14309460 163663743 472306587 1203637654
475	692094 14810798 163304146 453357463 1152204098
476	641475 15708813 143495527 406260483 1149940770
477	694543 16355448 139167184 358778982 1225036411
478	640664 16076477 155156006 400650394 1238575137
479	709631 15635933 130751214 393127175 1213610609
480	648885 16655527 141945338 360379774 1230077381
481	679996 18065972 141599617 348872468 1244291536
482	852779 17792821 144375897 346245865 1219744635
483	598428 13256556 137813316 393923172 1225698846
484	685968 17009163 143848980 351221296 1226328284
485	691130 16555940 131461080 359643282 1251668711
486	664335 14206029 127621458 380604693 1230154657
487	792482 18522258 142329804 348432976 1222303731
488	719262 16358434 148274533 349809096 1260456681
489	767381 20254332 155501846 355811551 1214660769
490	658156 15404479 162288827 368300827 1225759291
491	696895 15669055 161493274 389990315 1240288373
492	644635 15101734 144651635 363799903 1247589831
493	821364 16808721 140977196 360234709 1214462118
494	626823 15680185 129845153 419722397 1225620226
495	667732 14544071 145735548 357185835 1239606855
496	710128 15374584 153522540 392921935 1209464961
497	640328 18026481 158302674 385379557 1234226044
498	752076 16566174 147427085 401350442 1214996940
499	619519 14952903 146682021 405112719 1236360730
500	684903 17157812 146994376 449096732 1227448680
501	728756 17695206 155400984 399344480 1218309145
502	653462 15509003 162878356 399390485 1214031881
503	678790 16794964 152027018 407738928 1228464446
504	690432 16213381 163920409 373519717 1186190109
505	641075 17055535 160082389 423926382 1243448453
506	688334 18107383 148790617 411755979 1200972267
507	772382 15707321 148601057 374762321 1158177883
508	711427 15900944 158468980 400646467 1183967357
509	597315 15903125 163451886 423077139 1210294835
510	661802 20617295 149465622 426875252 1202019505
511	669366 18477654 171029975 362609112 1189077392
512	669177 17065136 172364061 428072732 1215865523
513	747796 17281123 170625817 428032164 1214379673
514	618879 17402630 159166099 432712997 1183565752
515	676717 14728625 157406427 407098849 1145218541
516	520518 16367800 151910500 431022131 1245591150
517	539262 15797913 156726250 445043251 1159351924
518	746050 16694170 164176551 438035780 1160915837
519	721333 16200368 176581446 457700185 1206705910
520	603295 16982295 146381230 419627236 1225521933
521	738982 15636670 148080228 381306799 1204717441
522	597735 14658883 157371356 390292120 1232302921
523	859954 15062039 145745772 426322524 1230673651
524	622657 15674873 147164167 367747005 1247450067
525	739211 17241641 161273265 362548385 1203915520
526	649527 16983349 152464118 368401462 1225091065
527	726304 14531042 142711590 363011821 1240036255
528	651082 14908138 139090802 374283758 1223016237
529	811148 18623156 141447601 377428106 1219154037
530	739154 15096955 147187681 450493100 1236304931
531	580561 15209910 155461536 387905931 1224082936
532	610583 15142891 147867106 427124288 1224522505
533	807339 16344875 150624494 401423769 1224441713
534	737375 19687919 140089763 378137993 1252072842
535	503772 17156179 153957101 375564438 1216528001
536	779403 16743382 158676607 397430336 1217974365
537	672885 22158692 152095096 371292523 1242638937
538	740037 18652199 175676130 388414894 1227353411
539	677579 18046258 159651281 435614072 1213492955
540	781105 17403929 148402882 410329870 1169386968
541	587809 18730119 148649797 405699965 1203518020
542	509903 16080354 166194891 428621289 1242502505
543	764216 17946531 178942470 411599607 1204520848
544	764007 15405903 174941554 448359703 1181978967
545	677280 18060485 164389328 413016712 1169241555
546	701778 17398111 160012364 429941902 1171119406
547	690082 17009497 154900027 442759281 1206765766
548	786902 17172222 149291022 402088940 1157044431
549	719080 15914797 167658960 394148798 1213923031
550	716649 15963695 141234604 410575594 1238430538
551	682496 14528841 149872088 387491359 1227367511
552	710852 16983004 165136426 405155422 1219166444
553	749090 15603003 157141274 387002667 1218536843
554	733381 15503862 146919036 377600617 1243355034
555	670159 15046713 151924047 423689823 1222218033
556	679542 17820798 178697081 425914586 1231162646
557	615651 16132861 161723038 406819758 1203574020
558	655822 17368852 154866596 468585121 1221561305
559	658784 16779047 165780823 434009407 1221140634
560	621214 15962322 165989055 452866311 1231062319
561	842743 16529913 163530789 441116128 1168916320
562	684350 16801570 167143728 407356098 1170557018
563	703371 16370540 153896760 435382731 1164176446
564	766807 14748167 157432607 424080297 1167543217
565	680661 17754822 148964477 391714694 1226077282
566	661204 17343148 148755757 431418570 1233393928
567	897110 16515708 161708645 435629715 1200340799
568	660898 20756894 163795281 377681868 1225902742
569	716197 18792500 144071828 407362314 1225226833
570	652463 19573004 159986611 358049021 1214751200
571	654688 17261431 154340692 415844154 1245620697
572	598043 18097743 168526947 404553247 1236867035
573	672503 16554587 160530641 421755818 1205765735
574	524724 17642921 170769817 397210973 1173647104
575	661910 16279123 151770842 417369058 1235134250
576	826676 18305992 159040240 427385597 1229937099
577	642533 16606679 172352600 383938242 1244995378
578	601159 17163775 157056681 425682284 1234629734
579	762504 17383924 157854869 392825930 1199034064
580	718175 16024351 149549314 389797287 1200269175
581	638163 17292599 145674433 442765833 1230348164
582	553559 16355179 169050628 408145044 1225661934
583	548460 16096493 180301072 397807345 1243046211
584	598567 15343967 160013475 415023214 1215322307
585	823072 15888862 163538931 394669436 1215377068
586	665980 21165673 157687136 423136448 1236763336
587	667162 14023237 179987170 445743853 1254395982
588	651123 15268702 177660477 418711597 1221192033
589	692642 13911643 183027464 416106985 1237719966
590	752283 15205374 184518434 430582776 1211899122
591	774373 19498331 157778161 452499006 1220118612
592	652300 16508360 140575932 439787501 1208489021
593	495458 16694587 144013480 453247997 1244947190
594	784030 18179561 143789801 456227194 1220564654
595	759094 15947480 143748101 409456437 1218998163
596	661083 18400510 178723136 368024030 1199826499
597	650558 15770624 179130148 412535105 1253006526
598	748387 14615268 179062392 402051065 1229877409
599	765749 15078819 175560954 428728599 1206934474
600	673724 16225962 168464292 428839792 1241582679
601	778795 16867165 147327059 442921711 1150961021
602	657081 17746147 163664433 440799443 1209260498
603	656453 15621850 161298181 447798000 1225986091
604	640660 15298512 167145166 410633886 1220019230
605	663191 15232327 179002083 420899027 1210589231
606	677803 16186806 182500257 419177129 1194021716
607	700580 15127135 151214266 403602311 1177371374
608	587646 16629546 148262550 407772859 1229239658
609	791190 15616923 156377871 416148478 1229893645
610	577520 18316439 160391369 442394648 1224240736
611	563315 15504398 167105972 411341834 1235035190
612	729521 16088021 177093216 415724937 1202134279
613	603985 15001376 173206253 438367502 1197485762
614	643021 18883351 178062177 433697417 1205827449
615	594915 16316500 167626524 435695366 1229900195
616	568659 20764145 165455290 436017079 1163827038
617	701522 15911023 151174129 427023235 1242913582
618	723083 16738281 140731569 439848048 1217698762
619	616827 16137504 159479651 420634812 1235249341
620	639117 16676780 167653890 404822342 1174576879
621	767699 17183945 150402089 400484928 1219368639
622	626439 14569744 150608889 372566372 1222031777
623	783403 17196863 152875862 392528518 1227402748
624	588705 13583961 161085112 389141300 1207300220
625	817924 15627170 156409620 410793016 1239820786
626	633570 16006898 137056311 400948210 1204437537
627	759890 14586153 135421046 366238619 1217792035
628	647029 14816387 144921224 388918949 1254302117
629	731751 15724035 142804771 387673871 1213875935
630	782048 16438086 148720152 355915991 1238508384
631	710932 16537609 153612870 381027234 1209853023
632	727402 16638485 133159845 377254733 1233248927
633	709515 18189099 137628821 376244948 1232968370
634	711106 15797485 142848803 384984759 1222227673
635	665518 17767001 147815250 390539245 1254899212
636	624402 18494133 153088103 376797276 1198750495
637	584018 14910944 148940958 392585767 1197978162
638	854492 16054043 144187558 370577292 1226027180
639	648820 15268156 135637827 383065272 1214375142
640	717117 15304377 138409076 386495352 1224266662
641	687251 17510500 167297014 371946944 1214583660
642	726511 16214707 204083203 419374661 1223438226
643	720324 18162235 174330719 392870246 1166369179
644	721862 15300827 147228262 392004652 1153129515
645	667185 16958225 159069558 423261293 1142541107
646	711123 16027621 150275510 383788090 1223436470
647	817238 15310082 160257464 392192720 1234667573
648	703048 15547255 144077235 429570211 1221652585
649	738517 15693642 161405308 447588797 1185083385
650	763275 15145782 158450264 388453544 1172276752
651	696121 15000126 154229232 393610000 1219521784
652	730638 14474566 157273421 364731259 1221286984
653	759934 16665054 154380590 394305141 1220024088
654	678407 15385620 142127431 385558896 1241684140
655	838909 15391837 156291595 395956756 1216612635
656	665093 13542655 137804372 365621993 1223155108
657	721383 14679818 147819609 367068788 1213517749
658	666936 16964164 137127218 372600516 1242802229
659	807358 14740490 142019859 358934788 1244928253
660	615689 15303887 159575786 356051712 1224988023
661	718643 14740412 148580352 377139704 1253858473
662	600355 13971123 158286101 388086463 1250393151
663	710200 14959902 140502715 372373005 1234232983
664	606038 17091922 136397389 377028820 1225760345
665	714286 15432857 146840139 390137403 1212775310
666	501528 17848672 159284378 367104919 1214464200
667	791637 15043387 161749905 380727227 1230062054
668	592742 14666817 126655931 372598931 1230350441
669	799036 15651553 151764217 375998059 1257444357
670	667950 14622922 156185486 399747297 1247076483
671	783483 17247254 152740799 369959935 1219906320
672	592471 14963988 141536599 377876308 1234812581
673	618844 15864357 156444879 376580007 1233766032
674	733761 16602622 167665308 392171929 1239421667
675	691792 16235733 142206612 420477405 1233877248
676	898951 14978492 150867549 377074763 1204691571
677	697241 16295556 149933617 377509144 1239075614
678	679942 15580021 145646628 416574742 1245842352
679	605513 14885698 165664266 382858555 1229681932
680	661010 17312225 166890654 412182932 1209991064
681	798254 16135272 159271946 366732779 1250293798
682	724827 17839921 157100027 383006821 1224179285
683	733680 16208737 150876951 412487778 1234194974
684	790446 15222748 159876197 385341382 1246066720
685	787624 16307125 179532828 385483100 1224868430
686	601042 15028444 189091531 400664272 1197862061
687	760505 15607616 165074975 434923242 1227658128
688	762855 15688626 166827752 432292600 1146109470
689	565553 19575458 171276286 407973696 1204716973
690	510049 13249612 152283106 431879493 1252421093
691	775786 20541265 151792934 393544539 1223188194
692	683713 16958493 186608551 417880090 1224320320
693	552551 15890894 174119550 442246336 1243415867
694	740351 16496742 160241466 421007743 1249457195
695	773624 14900426 154524338 402099608 1231647470
696	615217 16486087 155193846 461294297 1210578620
697	452153 15852600 147262967 425526168 1223619006
698	615082 15498923 156167327 409810521 1213834977
699	671882 17507332 144900422 364421261 1208085259
700	610290 16842315 153653082 378490770 1233010560
701	844474 17583950 161453603 391874695 1249354367
702	621830 17167705 176080757 384684520 1229403281
703	730277 15746022 158617312 424908428 1224629161
704	799004 16822954 176444338 402323185 1216755484
705	674230 16799072 165330086 421474420 1224891834
706	704257 16230253 164356656 419908014 1239611585
707	678876 15492305 153330415 411582261 1234535380
708	711949 13920841 140668341 436078150 1205182862
709	746381 16105291 141090567 403367442 1230015036
710	609898 14953209 148663497 398076858 1219245833
711	663233 17152915 159759391 388890347 1229218933
712	669417 15591339 152348614 371442608 1237776082
713	698404 17685360 138268337 396243037 1227815175
714	799296 14742129 134218970 405728912 1224326537
715	603310 16408546 137574575 379276120 1200202058
716	805650 17165011 159400889 372660308 1231791543
717	773079 18441985 151239837 379272875 1216268185
718	742448 15585278 157575956 379064670 1243607013
719	784047 14711047 159791064 381723424 1223489140
720	655174 16287386 163680384 405066441 1222011228
721	702002 17546744 150124814 415847737 1219562728
722	789298 17746828 162783545 389905223 1233113796
723	705108 16988937 162044965 439401085 1232063056
724	601451 18410890 143703299 408123278 1208365715
725	718336 16259803 144343440 367927717 1225729425
726	722931 16360745 147086245 420380524 1217675368
727	570959 14584391 155069397 379096787 1254743449
728	741675 14347346 157799203 395634982 1196692015
729	664827 16477281 147701350 399446156 1243473383
730	634312 16569401 139628330 401941532 1210306102
731	765420 15676270 141069107 393733029 1209654565
732	759573 20919990 136695638 387833833 1253570342
733	718604 13097496 132013243 368360786 1200001427
734	761341 17597918 136767172 346056472 1238944753
735	685510 16247408 154198269 404092361 1224172740
736	598591 17900684 146227336 416934057 1239116245
737	581840 16999786 167840175 422612597 1200198799
738	829262 15690850 150261760 433797735 1242094266
739	737320 15584141 141409887 439909701 1152221079
740	710920 17809973 143999990 361142532 1225742493
741	761289 16541707 153697863 409724316 1214021023
742	712980 14092573 144421560 401909373 1238371688
743	717616 15817652 151596285 373288232 1218004241
744	860383 14235773 138222743 393951525 1229649605
745	722448 14650736 146553834 379676151 1224871263
746	567347 15932824 150146992 364917928 1219202194
747	629723 16040275 153677565 371825382 1227488994
748	816222 13739717 149088302 370612316 1234118944
749	588503 17948884 151599451 360985213 1243717802
750	694121 16787012 133267846 368181443 1221926861
751	690739 17793979 140918944 405900463 1249382561
752	791640 17364716 149147569 354595691 1230277677
753	648719 16203508 149198674 379937327 1226171397
754	722654 15146667 154625047 413078191 1205614038
755	817840 16001999 156856733 368114634 1152366725
756	658383 16672701 149296938 429058887 1224692887
757	729427 18430880 133115614 419499605 1187141776
758	705466 16129390 151656489 384437022 1166768099
759	782333 16367875 145319643 413667629 1222136365
760	746617 15790144 143776694 368694653 1228075560
761	656123 18856106 146427661 357899426 1216768560
762	784277 17442261 137289302 355212626 1229927720
763	780657 15510253 151279277 379151350 1248029715
764	694310 17382493 157555754 402195011 1204806760
765	637110 15052798 150893063 424037591 1231182516
766	743785 15266766 160253878 411719998 1164012942
767	664949 16729849 148334218 408376296 1167918082
768	698073 17769667 149482977 388474227 1206724763
769	570089 16368509 173319936 379597753 1215266391
770	685267 16145123 159327230 438181602 1250782059
771	600395 16922418 155735337 392096523 1174829892
772	813848 19660923 146810353 365505539 1234191571
773	651014 16102999 153650882 409948266 1209330235
774	610591 18886799 156796046 397030252 1217642836
775	621019 18288544 160025341 430776881 1218041088
776	761585 17551049 152065172 383879300 1178649521
777	514711 16608887 139134619 405880159 1209066512
778	905741 16396278 153753805 408126537 1224244365
779	809836 16210780 162384000 406164961 1252578345
780	633749 17316928 152274027 413735966 1213557097
781	913985 15817222 155182768 419823078 1174306107
782	748163 18051292 150239362 389543786 1171569650
783	753702 17399263 155714248 380943994 1225979204
784	728049 16197058 144331913 409686878 1261871010
785	611095 16541377 156470465 369099383 1192224377
786	616199 20108662 163825702 369237180 1250604492
787	685840 16780162 148552977 384262148 1242706967
788	659749 19078525 162588759 370017159 1236131493
789	569211 15538767 143888778 400215790 1237151683
790	705740 16235518 158120436 361477042 1212939970
791	818588 17507617 153620981 413022847 1248884243
792	663012 13465824 151735336 414550892 1199711221
793	659074 13705442 153029649 404025805 1196747173
794	610690 19184245 150048295 392656454 1248807813
795	663468 13637210 153887856 401550246 1209830241
796	718949 13501074 167709965 393243881 1200615494
797	698919 14348760 141027820 405285448 1242457795
798	538832 13318915 135557061 374430623 1214329925
799	678845 14428621 132762888 385311462 1215099240
800	626457 14012935 137189709 384884006 1237665369
801	656282 13851491 130942432 456682904 1228219939
802	620506 15322631 141104758 439244973 1201547157
803	718135 14714592 133454003 478750103 1218860790
804	743220 13108454 130298268 476790137 1137860077
805	646448 14612153 123580521 472538334 1149470341
806	585134 12470971 122906927 513029180 1133382508
807	675324 14579215 129485061 485267235 1152665619
808	724483 13231511 141579560 472049956 1207999637
809	614984 13458514 131696726 460848478 1202861454
810	678599 13846732 131650012 428505634 1224377171
811	650065 13642825 130157934 468476526 1252988898
812	795883 12607253 129420796 497561972 1196365624
813	629567 13651767 125239013 479607146 1224530823
814	735695 14176538 123356628 494973540 1228444169
815	559613 13980174 135569128 492295315 1243488083
816	689070 14584633 120305842 468668372 1204770010
817	743348 15037918 126887821 455149383 1231686191
818	658625 15869666 121810520 431883257 1211342820
819	738524 14794334 124979174 502330600 1223524428
820	675893 19102815 136540363 436396675 1225437266
821	703722 17630273 134963042 419055807 1121621017
822	728209 17771552 128747525 461157587 1155501573
823	603503 16497737 125841432 455144662 1180731361
824	617664 19514006 118825690 469180759 1156235695
825	732289 16884038 136278183 479813009 1133091905
826	538573 19836481 132981081 457753244 1159358542
827	683435 15881247 139289639 470530474 1162177074
828	805887 18277150 136862604 398729574 1215569117
829	772679 17038024 151768292 398751875 1165894714
830	709348 16929965 156101057 406491893 1201748916
831	710096 17665051 148275494 393369721 1194411405
832	666677 17903367 152587314 400280601 1223039217
833	705201 14887635 152254805 388840263 1214850828
834	638602 18789123 136577799 397490782 1201373229
835	764517 17528056 153576967 386920096 1230768800
836	737948 16446762 153066601 352983247 1236641081
837	574482 17017437 149252758 392026046 1226645100
838	673283 16014964 145209741 372172535 1222516255
839	658824 16541202 138809537 465519185 1209148841
840	704970 16521096 133165922 454675173 1141442814
841	653236 20993913 131937032 434690494 1171995078
842	630167 14991285 148632499 391409916 1151664676
843	816194 16660154 147945266 368592162 1220046362
844	811374 15646073 153257240 381409299 1204216734
845	690955 20710655 148131120 430615466 1223271851
846	657143 16532857 158340162 374931417 1170961527
847	656568 15747772 143599335 419730967 1209737414
848	609356 15680509 134551994 404051078 1184170306
849	722560 16728170 147890109 391158125 1213158841
850	681931 13797941 140828243 403444647 1223259817
851	681855 14941228 144903644 368345002 1201814466
852	594340 13865684 126804864 385644824 1231886294
853	631442 15027038 136118484 339572104 1189745000
854	708793 15001200 125461548 333988378 1247267667
855	712333 14753884 142680753 350341320 1243073352
856	693456 15931687 133628626 376720140 1167672635
857	625907 14523713 115651669 354371971 1165628152
858	643083 13918957 127686043 463568228 1168785006
859	668637 13907329 136644461 477676893 1120235681
860	705461 14441807 128403982 459450719 1122745021
861	678824 15918770 113529325 403112675 1135538087
862	606625 14275243 121349453 439302139 1171258872
863	718209 17268130 110080568 465732927 1169427486
864	589251 15050219 106563545 467608930 1127419024
865	736217 13947087 116370374 419805766 1243097252
866	714422 14581867 114249400 434462375 1204823116
867	582497 14845391 97157601 382695151 1200725784
868	649935 14970591 111602633 391034911 1136367094
869	576051 14034794 118263414 400316532 1218258694
870	665277 13847237 125302025 409268132 1242771411
871	611583 13497207 128482346 363456013 1165288034
872	667766 14925291 130443156 395978629 1205742081
873	610127 15162384 120596896 398966081 1150192236
874	700803 13245261 120488058 436834532 1143927948
875	656125 15323401 121988773 417557353 1243164731
876	762673 14483043 123105034 470589750 1198389555
877	616451 15973824 120067625 423220686 1197882137
878	653327 13629298 131378094 430838929 1234408894
879	642855 14682278 125937649 450226542 1210229265
880	727370 14311407 116683336 438221228 1176309021
881	660825 14802594 128179333 446193460 1154289988
882	681650 14570854 128430019 460812668 1152283745
883	731040 17124839 123251421 434009786 1169752637
884	622187 14336466 130099568 402414287 1143050919
885	639958 15772495 130304677 431895365 1212792341
886	631300 13523478 125524729 467303100 1142534701
887	724002 14143312 116163230 454491516 1146920955
888	528262 14065677 117554333 456406273 1155307921
889	822805 13115141 122166942 466880154 1197282580
890	631618 15019110 116923445 459420754 1174302882
891	696618 16670812 122671248 400276670 1171926492
892	654644 13713270 112951898 404876942 1209096640
893	568658 13766447 107699178 437275165 1189695546
894	673257 13415494 109993980 410617959 1213864889
895	665905 13723657 116260653 424250401 1228624671
896	645719 12638400 122239349 331279995 1204573758
897	726206 13245084 120891080 313190741 1153930938
898	641448 16051747 124188381 311395822 1232784411
899	755677 14526697 129803651 349238673 1200058528
900	652059 15769834 124326916 332192614 1151670803
901	867756 14527962 120643115 323603544 1243068014
902	594404 14884355 126914867 360645888 1198715044
903	669649 17386310 136027182 460605586 1245976983
904	693795 15524012 148152071 447380124 1175719202
905	584814 14224763 119143788 450381622 1169874816
906	676462 15378062 127716301 473114419 1148512701
907	672084 15974110 120112047 475834904 1139435419
908	749165 13816705 117269699 497327616 1165428146
909	820603 13772571 117248455 436677991 1160151582
910	629494 14440640 118293498 453053236 1145229277
911	538747 14490804 122065567 432783574 1196634253
912	667940 12890531 113618038 412606805 1222616204
913	575090 15294690 116557782 419076195 1203148781
914	682320 15424709 141151201 403864066 1192916953
915	653837 13628762 121580563 431493672 1154350254
916	658854 14749220 111094638 402190254 1228844743
917	701776 14835018 121933526 427038367 1212856004
918	677254 14862203 114766554 454045458 1244985914
919	672990 14409517 111547819 432757010 1161118990
920	679837 14881846 109577713 406995837 1152118799
921	460525 11983258 116442958 433814922 1162407706
922	798761 14398933 118798408 426654169 1223901156
923	619118 14119734 114634875 385884012 1232881024
924	680501 13255059 117898652 375306028 1214272766
925	646156 13890779 123262567 413188822 1204180097
926	692339 16989904 117123979 439993733 1243408030
927	818703 14381324 115500005 400280046 1202962708
928	509036 15049114 120013420 430550505 1242569484
929	668931 13405131 122393398 422514111 1223233425
930	697995 15195213 132952306 418562055 1206158024
931	828001 13710694 114923087 397218680 1169592723
932	606771 15171947 124919407 429040244 1142688203
933	685019 12749021 129149202 318241454 1221003064
934	629866 16411330 114924734 368102686 1239697226
935	603576 13982089 120735706 422087671 1200958938
936	676012 14145456 124323360 441204653 1240539797
937	709154 14121037 121747259 461529536 1215375452
938	619574 13652260 136279476 451345985 1141581052
939	719366 14591295 122832205 452463627 1164603988
940	690408 15053161 121458113 421066037 1242677925
941	493461 14322025 121583962 436915607 1208773124
942	599688 14633702 128817289 474687920 1228177610
943	640050 14073789 124415517 457878396 1169540759
944	775335 16708121 105700376 432505082 1170265585
945	677406 14292414 105486987 418037113 1211162508
946	619469 13552533 113053289 452229660 1214140744
947	717030 14266244 123255632 416931471 1227096639
948	763084 14225124 123587289 363905351 1156775739
949	649528 16068765 113111466 384862771 1154897549
950	722221 14033631 109061077 404234072 1165436258
951	610655 16648897 122518883 428171074 1207598688
952	697542 17065132 126113058 429341414 1219420710
953	710889 17644155 122010778 398518692 1219654421
954	651165 22008899 121311275 380248997 1224864338
955	650555 15148896 133901997 420324972 1248645887
956	749846 16968411 159437988 425481709 1139968763
957	808710 16692397 150907467 431890175 1217573466
958	668266 15687067 125099655 442170543 1237371746
959	613341 16293408 148248587 428877751 1160835963
960	629599 15633195 146270442 391291403 1158265701
961	641560 15832155 148519461 379026628 1232356371
962	824294 15849718 148404896 386797247 1208604847
963	623419 15658243 147031660 381475078 1212849422
964	583753 14589816 146257396 367462248 1232141839
965	770718 18401618 146857589 383916356 1223691802
966	841683 15223985 157596082 436220760 1193592223
967	725082 17162659 176348155 369410798 1191731622
968	695985 17275124 144382459 408819283 1226072712
969	726084 17160864 133792468 370551407 1168891228
970	653653 15595654 151458351 411426682 1218912132
971	828957 15764399 146069120 397225577 1222805076
972	680551 16207678 168882873 360316351 1171861131
973	807974 16011005 145795979 425923268 1203820233
974	870553 16078599 140481553 370067732 1204155315
975	621829 19295855 143596473 381840101 1201182467
976	645062 14139467 155130319 368436651 1252310850
977	707605 15605985 140782912 394995165 1225402223
978	634053 16273975 163698836 374751616 1198266391
979	639840 15246316 149940529 392489512 1225655339
980	630343 15240251 167535206 376194691 1232739318
981	623837 16570502 147485621 384253572 1203429719
982	599076 14988750 138460108 388991810 1204742032
983	668191 16127427 151835521 366652476 1205572963
984	585852 15771544 143163007 394675514 1259682591
985	883522 15321428 145367035 390969651 1196084609
986	669664 19949151 134100678 372627469 1231295984
987	625060 17412617 148561911 361831508 1200877830
988	743476 19594750 142315745 352837284 1230097183
989	725350 21016316 137901271 363291834 1224680292
990	696472 16834217 140977353 392867588 1230145625
991	578114 17757287 174212281 441395065 1172534306
992	673035 16419634 178159543 377998887 1173670041
993	771299 17532606 142703423 372146576 1161610204
994	717382 17359313 149097570 413271769 1132253430
995	651227 17591840 161131980 435247359 1178407262
996	786658 17516852 150879822 408451057 1170289622
997	601039 16250785 154571270 404872118 1157878941
998	736892 15932907 148961934 365510111 1214454980
999	634674 16448048 147636183 393853937 1230197326
1000	775465 16233595 153241574 389056418 1212684704
1001	644371 19425850 151947461 418865278 1217636666
1002	765610 17273881 159598270 423751319 1207958275
1003	652460 16398941 159548390 370903493 1237056409
1004	665985 16027754 154147495 425606969 1206515009
1005	665676 16247411 174313131 418505173 1160717578
1006	737681 16351594 156019202 423047971 1168045659
1007	533973 15407571 143562657 394609180 1150525971
1008	760756 15829297 154501906 376283182 1217555605
1009	639194 15312362 148692534 405550770 1240055410
1010	752283 15853676 139016114 414593375 1243969373
1011	589928 15737453 147539843 382403225 1197825301
1012	674079 15523064 128363901 373089364 1223422565
1013	607956 16094928 141534865 370937196 1243272618
1014	722532 15819194 131977332 384362903 1205860471
1015	621008 16157748 138185191 357983964 1229806162
1016	694613 16366256 135661030 349631551 1240847524
1017	684332 15743288 122572694 381368991 1223791106
1018	539095 12746356 121031346 365699680 1222582319
1019	727789 15504380 129576718 370992465 1220660603
1020	698671 14233594 137705271 353504147 1190616074
1021	647003 13835838 120310731 336123274 1255926381
1022	744212 16217380 134419173 326288307 1231020991
1023	712613 13942735 120769201 338958253 1232996394
1024	723428 17385731 153585658 337781165 1245096176
1025	786570 14715028 136903561 415570408 1235550069
1026	617571 15742561 140855124 345442630 1175766064
1027	749293 15663501 138686064 342236675 1236796102
1028	753354 23233879 144526837 373735397 1242661917
1029	747652 13875323 138364493 375686870 1222630768
1030	739099 15715509 152502539 422697648 1203983521
1031	613612 18335281 135198343 364342211 1168756721
1032	678926 15034142 139419881 355471051 1235822619
1033	734047 20505559 166974443 410043604 1220188552
1034	648126 17542348 151057752 438028944 1230651661
1035	671260 16250871 146249194 406968801 1159665168
1036	661622 17990304 148095772 360771233 1194443240
1037	715144 17059900 152738697 429900613 1233340901
1038	796243 14556543 153841181 395197618 1154332561
1039	742709 17623609 154666812 387749349 1156135498
1040	731855 16500383 157122741 420085132 1179857655
1041	737184 16831290 141526923 406716552 1175208784
1042	665249 16588958 144323967 386228656 1216519834
1043	679660 17240829 141660594 394816584 1214941039
1044	734096 16207194 154847382 458438263 1232286693
1045	929175 16827847 139449511 418304812 1146443632
1046	654145 16325744 145610436 346823197 1162978123
1047	792806 15931368 146726810 390806212 1226331343
1048	779317 18880128 150522935 380384122 1214521755
1049	607422 16466893 168169972 401481913 1230377723
1050	624688 18517262 171178317 420705554 1254232108
1051	819184 16887944 137433536 374332141 1147084080
1052	584640 17416535 144231513 371731411 1233767119
1053	604904 17156296 161589649 384979212 1210975351
1054	694551 20196356 147821464 414760542 1226284088
1055	584198 15317185 146107188 396989546 1235426409
1056	789756 18177715 140605160 386822657 1233372279
1057	708500 17325754 155672024 413148831 1235386721
1058	636935 16412546 171470810 441955444 1217064270
1059	766099 16453509 148395953 409836020 1173061378
1060	729351 15682362 143026197 378950718 1207250926
1061	691061 17080178 158851742 379996734 1235552675
1062	668624 17051239 145848987 399369448 1226273387
1063	720221 17596374 146229722 370328976 1241366585
1064	656070 15796297 133894636 390661871 1240595122
1065	604628 19102479 151255212 381436038 1200391385
1066	657905 17879810 130420016 410263049 1242376359
1067	718400 14429739 132322587 372743233 1179445596
1068	719333 15698485 147531311 409349446 1221094363
1069	756361 14659216 140426734 406744834 1165703457
1070	770964 17771952 143129217 346294897 1225947399
1071	641472 16643775 145405524 354601514 1226533427
1072	727277 18583244 146853345 348727737 1246568645
1073	605330 15145635 173886910 421047157 1222584716
1074	659684 14932163 147358461 427228779 1157449229
1075	650939 14356206 143064665 372620187 1180144236
1076	631244 15105318 156016212 400224861 1228871470
1077	732519 11386198 151875680 395784275 1244819211
1078	632758 15527060 149542541 380413080 1245659580
1079	781213 12349213 128407019 354776159 1206107737
1080	606733 12637158 125084195 392806047 1170713820
1081	516073 13126139 119481113 375083921 1146385970
1082	670132 12931473 110677059 334499575 1206157898
1083	642694 15105970 116877803 294483544 1246063813
1084	717200 13528667 122244351 296345505 1235403460
1085	653856 14090850 123268838 274293612 1226617783
1086	757689 13243152 116771711 328943239 1204847315
1087	610044 13838347 126962931 310555813 1165771048
1088	723430 13148885 118731358 331333854 1187643738
1089	698788 13969386 106735090 311421679 1159562047
1090	598448 15888693 120054244 316757344 1239010508
1091	629340 17712337 119122369 346834753 1118899107
1092	718943 16856741 139401258 315002272 1172726570
1093	655232 16311695 155214330 299027796 1156836654
1094	719168 16345203 157819999 399779837 1133046588
1095	734257 17420153 157750764 414170789 1145264515
1096	710970 18203441 154508174 411610727 1155510816
1097	532243 15904985 138013408 413829544 1249394429
1098	719415 17029091 134640425 389599049 1177665274
1099	735513 17430978 164833605 385128774 1196595567
1100	685926 19606386 150483547 413144496 1194800081
1101	631127 17917479 149883357 438730018 1143000953
1102	671054 15014339 156674261 415186059 1181977504
1103	723691 15288078 162835198 407010201 1166488396
1104	806321 12767067 173866777 414019729 1208088092
1105	613274 17062990 176775593 433610432 1224735167
1106	839467 13785373 136699791 420180332 1170217298
1107	722993 14820196 144856481 386200062 1164482140
1108	639130 13227150 125664087 427292451 1218320626
1109	683458 13818418 137549469 425602208 1170109733
1110	734959 15199102 121554734 381115967 1215088410
1111	545854 16082321 129841244 506983291 1193316280
1112	582044 13417816 140638950 466550997 1240836317
1113	709148 14224901 133858338 484667215 1204826106
1114	623096 13911024 133890184 408402480 1178536419
1115	643414 15306603 134219446 457270387 1166380292
1116	590093 13234719 129230409 494219156 1149111679
1117	717032 13829602 127544098 499944495 1230583823
1118	806340 14572929 158501889 492818476 1204079373
1119	693035 14398731 134747191 470148742 1160576068
1120	699790 15772817 115802610 486165741 1169422214
1121	716369 15094764 140247359 453477808 1218977663
1122	651357 15653485 146974337 567514461 1218919945
1123	713596 18722017 133708881 496582011 1176522297
1124	846598 16852647 134130553 387667707 1127272884
1125	745197 16262965 165070653 501071276 1248476710
1126	575398 15524343 142966950 537164830 1208952980
1127	614762 14563013 163923269 494377570 1171980956
1128	630293 14482922 154160775 484387368 1225190787
1129	820048 12278251 180950884 428185570 1209108448
1130	626949 12839708 147941443 404764308 1232662122
1131	697670 14438153 155726766 429972998 1208026997
1132	657619 12678176 145364805 401251515 1201894073
1133	772928 13793733 141905603 428294727 1157597461
1134	683263 15440935 144293204 370259866 1159539389
1135	693989 13067397 126744860 368576456 1216563013
1136	570166 14442979 131976397 374035953 1184870396
1137	699550 14030999 136965716 343190706 1217063931
1138	687803 13647764 145572910 329969478 1148255850
1139	730288 15774263 131780185 329529499 1172162408
1140	770642 15523131 130856122 363651006 1258331589
1141	558983 17005692 130217278 328176489 1152187318
1142	687005 18515985 128860066 359454173 1229016630
1143	540807 18215961 178491907 358875045 1188629237
1144	775259 15505109 173847121 419991510 1220656909
1145	665960 17896811 181436718 433979427 1217447528
1146	705411 17202535 169440352 441866378 1166470716
1147	618105 18329018 170114205 443283122 1201305000
1148	769566 15524518 165398636 429049803 1180824959
1149	750648 16147516 164427572 436402478 1212540726
1150	871940 19270981 167538787 417298837 1211770568
1151	769242 16784667 185322725 428393824 1219994301
1152	721601 16339351 172592994 436738134 1229121633
1153	769183 19276428 153886171 411643563 1219602784
1154	698138 18013473 170604095 410647759 1163252511
1155	688478 21268185 177070267 430448364 1226049738
1156	723280 16094359 143031897 421709287 1214919401
1157	754846 19478337 156695375 394968869 1186643851
1158	625182 16276571 149920009 443398198 1205958306
1159	608705 19391322 179735228 437135966 1196601644
1160	663224 15801571 160780950 431997646 1225689354
1161	592648 14769340 168863576 390905871 1163352908
1162	785011 16944564 176884843 403514551 1241502309
1163	659408 17639021 156453708 444064837 1216452880
1164	672590 16858080 150621293 461585609 1244913243
1165	562079 16600402 175953978 409028130 1161471527
1166	675228 17293509 151039387 437110399 1211712261
1167	685733 17580693 159504456 413410533 1205236761
1168	759379 19221525 164488464 389707508 1221085090
1169	782851 16032501 193035102 428491943 1241695507
1170	701979 17604482 172432708 449264096 1226141468
1171	638626 16080530 184385109 418941042 1187831323
1172	663141 17923383 192932743 432823050 1215654398
1173	629960 20074787 166844962 452951318 1231078191
1174	703465 16289300 181465681 450509898 1251227163
1175	642113 16980078 192366841 454140234 1201663334
1176	726224 17229890 196377567 490798757 1187942091
1177	812235 16927825 197029806 464722302 1187499430
1178	625242 15850225 195015170 458635314 1151110172
1179	780633 19856542 187234800 498082574 1187403476
1180	615864 15795935 177891278 490943325 1157966325
1181	736616 16445183 176155721 488415807 1167018188
1182	620653 16763470 187752529 466409539 1170200533
1183	646924 16888978 168654134 473957915 1220997745
1184	715499 21501563 177094931 458444298 1224664853
1185	655473 20275938 193456656 436672371 1233646299
1186	706914 18352879 189916729 479693729 1209939547
1187	665245 18549331 184734480 434746073 1221244703
1188	592836 21944488 176020514 447098347 1229377483
1189	669853 20647523 162067428 461945494 1156161173
1190	660965 21688673 186444005 444821132 1241517133
1191	595377 21057400 168781078 471040672 1197804091
1192	639136 22738323 163905017 457553077 1167597028
1193	706955 934243 182138198 458429909 1200558013
1194	644318 825884 179554823 471842696 1248854813
1195	652903 832712 178149939 441889908 1229110679
1196	637667 836838 163862616 442470754 1167759441
1197	666863 797443 137479337 457127418 1209807069
1198	530585 793053 146196249 437914901 1221025199
1199	645835 781266 143544184 436409462 1245514412
1200	531752 749696 170254180 398477081 1203911277
1201	682895 783670 199408604 422111855 1240590212
1202	585279 696863 169129436 446343543 1201302431
1203	697249 758572 154612460 386336227 1148497705
1204	628080 751066 193538330 414697172 1226712187
1205	613076 743894 175185919 483589536 1254233149
1206	642046 741927 199822457 428907633 1228004634
1207	0 757309 187807972 445146275 1244712580
1208	602243 827407 219343795 471436082 1204100292
1209	630397 141509586 405058100 710171685 1214077370
1210	721975 143810351 385255112 708552872 1230408090
1211	793415 139222681 357510747 705779607 1234246214
1212	586309 157576353 387493224 726094170 1217093266
1213	590290 166072167 379227064 683193260 1236456404
1214	794956 87507539 369434288 1197066148 1208097608
1215	653646 150626553 435920607 519552123 672582703
1216	29939708 137978039 371021646 650509480 650509480
1217	367973 143998674 306844253 683725567 683725567
1218	0 0 158230303 170953279 170953279
1219	9008 191043 201842 42482313 42482313
1220	0 0 0 0 0
1221	0 7417 49855 223737 223737
1222	0 0 0 0 0
1223	0 0 0 6697 6697
1224	0 0 0 0 0
1225	0 0 0 0 0
1226	0 0 0 0 0
1227	0 0 0 0 0
1228	0 0 0 0 0
1229	0 0 0 0 0
1230	0 0 0 0 0
1231	0 0 0 0 0
1232	0 0 0 0 0
