1	0 0 0 0 94
2	0 2 15 49 151
3	0 4 17 63 115
4	0 5 18 51 97
5	0 0 13 55 100
6	0 2 13 42 106
7	0 4 42 71 147
8	0 7 47 69 3e+16
9	0 9 32 78 151
10	0 6 35 86 116
11	0 9 38 74 117
12	0 9 57 87 132
13	0 8 47 84 162
14	0 9 34 67 143
15	0 22 54 79 125
16	0 8 42 79 121
17	0 9 48 89 124
18	0 9 38 74 123
19	0 17 61 86 117
20	0 9 62 88 122
21	0 21 57 85 123
22	0 9 56 88 119
23	0 8 55 93 116
24	0 29 54 91 116
25	0 9 48 91 115
26	0 9 54 97 119
27	0 13 62 83 115
28	0 8 31 93 117
29	0 9 53 90 112
30	0 8 36 69 118
31	0 4 59 87 117
32	0 18 58 82 113
33	0 8 58 89 127
34	0 11 61 85 117
35	0 6 53 97 120
36	0 8 55 88 117
37	0 6 52 91 119
38	0 11 55 96 114
39	0 7 55 88 117
40	0 9 71 93 123
41	0 8 47 95 116
42	0 15 65 95 120
43	0 12 59 88 121
44	0 14 60 79 114
45	0 11 63 88 122
46	0 17 66 95 115
47	0 28 74 95 117
48	0 9 56 86 120
49	0 9 52 87 118
50	0 19 77 89 112
51	0 5 49 92 123
52	0 9 55 96 115
53	0 6 52 88 123
54	0 16 61 89 124
55	0 11 59 92 123
56	0 12 51 91 127
57	0 11 65 93 117
58	0 23 73 94 120
59	0 18 57 98 115
60	0 13 61 91 116
61	0 11 52 94 123
62	0 8 61 93 133
63	0 8 79 99 116
64	0 8 52 93 121
65	0 16 62 94 115
66	0 7 54 92 115
67	0 22 76 92 119
68	0 19 53 88 114
69	0 5 56 94 122
70	0 9 47 92 116
71	0 4 46 88 118
72	0 9 62 90 121
73	0 9 31 84 120
74	0 8 57 93 124
75	0 9 71 93 117
76	0 7 45 92 121
77	0 9 52 88 113
78	0 3 37 80 118
79	0 7 51 95 119
80	0 21 65 95 114
81	0 31 77 91 120
82	0 4 35 88 115
83	0 21 64 92 111
84	0 9 55 94 108
85	0 8 58 93 115
86	0 7 55 97 121
87	0 15 63 93 119
88	0 8 74 94 110
89	0 7 35 96 119
90	0 8 73 95 113
91	0 7 62 97 119
92	0 6 63 95 113
93	0 9 69 95 111
94	0 9 54 90 111
95	0 11 47 94 114
96	0 9 36 92 120
97	0 8 47 89 111
98	0 8 62 93 121
99	0 11 49 97 120
100	0 8 61 90 117
101	0 8 66 92 129
102	0 8 47 90 112
103	0 8 62 93 110
104	0 8 54 101 116
105	0 5 37 85 124
106	0 7 61 96 119
107	0 8 57 87 113
108	0 7 49 92 114
109	0 9 58 89 116
110	0 9 52 92 115
111	0 8 69 91 123
112	0 6 51 87 115
113	0 9 48 96 118
114	0 18 67 95 115
115	0 17 49 88 121
116	0 7 73 92 120
117	0 5 65 94 111
118	0 9 57 97 119
119	0 16 55 95 123
120	0 15 61 96 118
121	0 11 66 90 108
122	0 6 67 92 112
123	0 7 64 95 129
124	0 11 55 93 115
125	0 8 44 93 111
126	0 8 82 95 110
127	0 7 64 94 122
128	0 7 39 89 116
129	0 22 73 92 108
130	0 8 62 92 115
131	0 8 57 95 120
132	0 11 54 90 110
133	0 6 63 94 114
134	0 6 41 93 120
135	0 9 67 94 117
136	0 11 51 92 119
137	0 3 67 92 108
138	0 12 58 97 114
139	0 11 79 95 113
140	0 12 59 90 109
141	0 9 39 87 113
142	0 21 84 96 119
143	0 5 48 94 112
144	0 11 63 97 115
145	0 8 34 95 116
146	0 8 71 87 116
147	0 9 46 90 112
148	0 9 63 95 112
149	0 8 56 92 121
150	0 6 38 91 127
151	0 12 53 91 127
152	0 8 62 91 121
153	0 17 63 91 116
154	0 5 38 98 111
155	0 8 50 90 123
156	0 4 42 94 122
157	0 6 50 88 121
158	0 14 53 88 118
159	0 8 61 93 115
160	0 9 43 92 116
161	0 6 64 96 121
162	0 22 73 98 122
163	0 9 50 96 122
164	0 11 58 93 118
165	0 9 57 90 122
166	0 22 75 93 113
167	0 9 67 94 115
168	0 8 72 96 115
169	0 9 47 93 117
170	0 14 67 90 116
171	0 8 61 93 120
172	0 12 62 93 119
173	0 8 44 90 125
174	0 12 74 97 125
175	0 7 58 94 110
176	0 8 77 95 109
177	0 8 44 91 116
178	0 26 65 96 113
179	0 23 81 98 112
180	0 8 68 96 116
181	0 8 33 96 121
182	0 8 65 92 119
183	0 8 63 96 111
184	0 6 53 98 126
185	0 8 58 94 110
186	0 8 63 88 112
187	0 9 54 89 118
188	0 13 65 89 120
189	0 8 49 86 121
190	0 29 73 96 121
191	0 6 49 94 125
192	0 7 77 93 110
193	0 5 47 99 114
194	0 25 67 95 120
195	0 6 39 89 113
196	0 13 54 88 117
197	0 6 54 94 109
198	0 8 64 91 112
199	0 7 48 89 114
200	0 9 57 97 111
201	0 18 56 93 112
202	0 19 58 95 130
203	0 9 58 88 134
204	0 6 63 92 116
205	0 7 48 91 111
206	0 9 53 89 118
207	0 12 62 99 117
208	0 9 49 88 126
209	0 7 53 96 113
210	0 4 48 88 117
211	0 8 47 94 121
212	0 19 61 89 109
213	0 24 69 93 119
214	0 13 52 93 122
215	0 9 83 93 116
216	0 12 82 96 109
217	0 8 63 95 113
218	0 9 37 92 112
219	0 7 66 89 133
220	0 14 52 94 111
221	0 7 58 83 111
222	0 7 61 98 122
223	0 25 54 93 117
224	0 6 46 89 114
225	0 8 54 96 118
226	0 6 56 91 115
227	0 6 39 84 127
228	0 26 56 88 108
229	0 7 46 87 109
230	0 7 51 92 117
231	0 7 56 93 116
232	0 17 75 96 110
233	0 6 57 91 119
234	0 9 43 90 121
235	0 9 46 95 115
236	0 9 44 90 118
237	0 21 62 99 118
238	0 25 74 95 119
239	0 17 77 94 120
240	0 9 44 87 115
241	0 16 56 93 121
242	0 16 53 96 119
243	0 14 57 91 123
244	0 7 42 91 120
245	0 8 48 90 124
246	0 9 46 92 106
247	0 22 65 93 112
248	0 12 45 97 122
249	0 13 76 92 118
250	0 9 55 96 121
251	0 6 39 92 112
252	0 9 42 94 112
253	0 9 67 95 124
254	0 4 38 94 124
255	0 26 69 97 117
256	0 7 66 95 118
257	0 9 58 96 115
258	0 9 72 94 127
259	0 7 74 91 114
260	0 9 69 88 117
261	0 7 53 87 116
262	0 15 74 93 118
263	0 9 58 89 128
264	0 15 75 92 118
265	0 11 46 94 114
266	0 17 72 98 124
267	0 9 68 95 112
268	0 12 52 98 122
269	0 9 62 96 108
270	0 16 62 88 125
271	0 8 76 89 108
272	0 7 63 91 113
273	0 28 77 92 114
274	0 8 73 83 118
275	0 8 46 83 116
276	0 15 61 87 117
277	0 8 63 89 113
278	0 15 63 86 120
279	0 8 53 88 115
280	0 9 38 91 115
281	0 7 41 87 122
282	0 23 53 93 121
283	0 6 42 90 117
284	0 8 66 87 117
285	0 9 38 87 120
286	0 8 57 86 116
287	0 11 63 93 115
288	0 9 47 93 113
289	0 5 44 96 109
290	0 7 46 91 113
291	0 12 54 88 122
292	0 8 58 91 123
293	0 14 59 91 112
294	0 9 64 90 116
295	0 16 63 89 117
296	0 8 58 92 108
297	0 12 43 92 114
298	0 5 51 89 110
299	0 8 73 94 114
300	0 8 58 90 121
301	0 9 65 93 115
302	0 9 67 92 113
303	0 6 39 89 121
304	0 22 51 87 111
305	0 7 55 92 139
306	0 6 42 90 138
307	0 21 58 92 114
308	0 4 62 89 114
309	0 9 58 88 118
310	0 7 68 94 116
311	0 8 56 92 123
312	0 8 54 91 120
313	0 3 58 90 111
314	0 6 42 84 123
315	0 9 69 92 113
316	0 9 69 89 117
317	0 14 74 91 109
318	0 19 58 90 119
319	0 17 48 92 117
320	0 9 66 86 119
321	0 8 81 95 116
322	0 11 55 96 118
323	0 9 61 99 111
324	0 12 65 96 110
325	0 11 56 94 113
326	0 13 56 93 118
327	0 9 57 99 111
328	0 11 68 98 126
329	0 8 62 92 116
330	0 8 63 99 123
331	0 13 79 96 113
332	0 9 35 92 112
333	0 11 46 88 113
334	0 9 60 90 121
335	0 8 43 89 111
336	0 8 46 94 111
337	0 7 62 98 115
338	0 8 61 99 111
339	0 8 66 95 115
340	0 9 64 91 124
341	0 9 63 94 124
342	0 9 53 92 114
343	0 9 43 89 114
344	0 19 44 94 114
345	0 7 47 92 117
346	0 9 65 94 115
347	0 9 43 92 124
348	0 9 59 94 119
349	0 23 62 89 109
350	0 26 61 94 117
351	0 9 47 93 115
352	0 14 64 95 119
353	0 9 52 94 122
354	0 3 36 89 124
355	0 16 64 90 114
356	0 17 59 95 114
357	0 14 49 93 120
358	0 18 55 95 112
359	0 8 41 96 118
360	0 9 53 95 119
361	0 7 72 97 119
362	0 22 66 91 120
363	0 7 69 98 119
364	0 12 58 98 122
365	0 11 54 96 110
366	0 19 69 96 114
367	0 9 49 97 120
368	0 6 56 94 112
369	0 4 63 96 116
370	0 12 54 97 116
371	0 6 59 95 117
372	0 13 55 96 125
373	0 6 51 97 110
374	0 7 56 98 125
375	0 19 72 95 115
376	0 6 61 96 119
377	0 9 52 95 119
378	0 6 39 85 118
379	0 8 40 98 111
380	0 8 65 96 112
381	0 7 61 94 110
382	0 12 66 97 109
383	0 8 55 96 114
384	0 8 66 98 119
385	0 3 68 99 132
386	0 4 67 86 115
387	0 9 71 97 116
388	0 6 58 95 124
389	0 4 54 93 120
390	0 8 58 92 115
391	0 21 53 94 128
392	0 15 63 89 116
393	0 9 62 93 120
394	0 9 77 94 125
395	0 15 67 90 123
396	0 11 68 91 112
397	0 8 62 87 128
398	0 7 67 93 123
399	0 21 71 95 114
400	0 14 63 95 123
401	0 8 64 94 117
402	0 9 51 95 117
403	0 9 55 97 115
404	0 9 44 95 116
405	0 16 66 92 129
406	0 17 71 92 115
407	0 9 64 90 116
408	0 7 31 95 123
409	0 18 57 93 121
410	0 29 65 96 116
411	0 11 49 91 114
412	0 8 69 87 126
413	0 4 71 94 132
414	0 18 56 93 121
415	0 14 65 94 117
416	0 11 65 98 122
417	0 9 57 99 120
418	0 8 53 93 126
419	0 12 41 94 113
420	0 8 53 93 128
421	0 8 67 98 124
422	0 9 73 92 119
423	0 11 72 97 122
424	0 12 62 89 114
425	0 3 47 94 112
426	0 8 66 93 123
427	0 9 68 94 118
428	0 12 72 94 113
429	0 9 69 93 119
430	0 4 42 95 111
431	0 7 49 95 111
432	0 20 57 95 123
433	0 12 55 92 117
434	0 14 52 89 117
435	0 8 55 95 114
436	0 7 45 88 115
437	0 8 57 92 111
438	0 9 53 94 121
439	0 9 51 91 111
440	0 9 36 90 113
441	0 8 59 94 113
442	0 9 62 95 113
443	0 8 62 95 116
444	0 8 65 91 109
445	0 9 57 99 117
446	0 7 59 97 108
447	0 9 38 97 122
448	0 5 61 92 125
449	0 16 62 96 112
450	0 7 73 95 125
451	0 14 52 96 110
452	0 5 64 94 109
453	0 7 54 94 110
454	0 9 51 94 110
455	0 9 56 96 118
456	0 4 58 96 123
457	0 14 74 91 120
458	0 9 44 92 108
459	0 4 71 83 111
460	0 12 61 92 115
461	0 6 57 94 122
462	0 27 58 93 121
463	0 9 58 97 120
464	0 5 56 92 120
465	0 13 59 89 118
466	0 7 65 98 114
467	0 7 62 95 118
468	0 7 65 96 120
469	0 8 67 92 114
470	0 12 62 97 115
471	0 8 54 95 126
472	0 11 72 90 113
473	0 13 59 97 112
474	0 19 68 92 113
475	0 12 54 89 122
476	0 11 72 97 121
477	0 13 42 91 126
478	0 23 71 92 130
479	0 8 68 88 115
480	0 11 69 96 116
481	0 8 53 89 113
482	0 17 63 92 119
483	0 9 58 92 119
484	0 9 51 90 120
485	0 9 77 95 114
486	0 8 41 88 122
487	0 6 72 89 118
488	0 6 57 91 116
489	0 6 61 87 120
490	0 9 56 96 118
491	0 6 61 97 126
492	0 11 46 95 116
493	0 23 71 93 128
494	0 7 55 86 111
495	0 13 63 85 112
496	0 9 58 90 113
497	0 7 55 92 118
498	0 16 66 94 115
499	0 9 38 94 119
500	0 8 58 92 117
501	0 5 66 93 119
502	0 6 31 89 110
503	0 6 48 94 123
504	0 4 49 93 117
505	0 8 44 96 120
506	0 21 64 92 126
507	0 8 58 91 113
508	0 15 77 92 113
509	0 9 53 94 117
510	0 7 42 92 119
511	0 6 60 95 122
512	0 8 58 93 120
513	0 8 53 85 117
514	0 17 66 91 116
515	0 4 59 97 111
516	0 8 82 95 114
517	0 8 35 98 124
518	0 11 70 94 124
519	0 11 56 86 114
520	0 5 47 95 128
521	0 11 63 93 113
522	0 11 55 89 112
523	0 8 54 93 122
524	0 7 62 92 112
525	0 21 75 93 111
526	0 11 55 90 112
527	0 8 57 91 121
528	0 6 54 88 119
529	0 8 64 95 119
530	0 5 50 85 116
531	0 5 54 88 118
532	0 15 75 94 117
533	0 11 66 87 117
534	0 8 72 97 121
535	0 9 63 90 126
536	0 14 76 89 122
537	0 7 40 89 115
538	0 9 64 95 118
539	0 9 62 93 123
540	0 6 68 91 120
541	0 6 49 94 112
542	0 12 43 92 112
543	0 3 49 89 111
544	0 6 64 95 116
545	0 18 65 88 112
546	0 9 52 93 119
547	0 4 47 94 124
548	0 18 55 84 113
549	0 7 47 89 131
550	0 23 69 93 112
551	0 9 48 88 115
552	0 8 66 94 111
553	0 15 69 96 121
554	0 4 57 85 117
555	0 7 54 94 118
556	0 7 55 85 126
557	0 8 49 90 118
558	0 25 73 87 115
559	0 11 65 97 119
560	0 9 56 85 115
561	0 12 59 85 124
562	0 8 49 78 110
563	0 31 67 88 117
564	0 9 73 94 120
565	0 17 49 89 112
566	0 11 77 92 111
567	0 8 34 90 119
568	0 11 47 97 123
569	0 12 64 97 127
570	0 9 41 90 116
571	0 5 52 94 134
572	0 8 62 92 118
573	0 8 73 89 114
574	0 6 49 93 115
575	0 22 46 88 112
576	0 6 48 88 116
577	0 7 36 88 120
578	0 7 51 90 117
579	0 6 45 91 112
580	0 9 53 86 115
581	0 9 72 96 115
582	0 22 43 96 115
583	0 11 67 95 119
584	0 9 49 92 112
585	0 11 59 96 117
586	0 9 39 90 116
587	0 9 59 86 114
588	0 11 78 97 126
589	0 7 49 89 116
590	0 7 51 93 122
591	0 11 64 93 123
592	0 7 51 94 125
593	0 8 51 91 145
594	0 8 43 91 110
595	0 18 56 90 114
596	0 22 68 96 112
597	0 8 66 94 115
598	0 7 52 92 116
599	0 4 51 94 115
600	0 5 45 97 121
601	0 6 48 91 126
602	0 9 68 91 119
603	0 9 47 86 104
604	0 9 47 87 115
605	0 8 48 89 113
606	0 11 59 93 118
607	0 7 59 89 117
608	0 9 61 92 117
609	0 15 71 88 120
610	0 7 43 86 112
611	0 9 63 88 121
612	0 3 46 92 116
613	0 6 57 94 130
614	0 18 72 94 118
615	0 8 68 92 109
616	0 7 46 88 115
617	0 9 64 88 114
618	0 8 70 94 117
619	0 29 58 84 116
620	0 5 63 98 119
621	0 9 46 97 115
622	0 19 59 89 127
623	0 8 66 93 119
624	0 6 41 96 119
625	0 9 38 96 110
626	0 8 47 94 113
627	0 9 54 96 133
628	0 11 51 92 115
629	0 9 58 85 118
630	0 4 37 91 119
631	0 7 55 88 114
632	0 8 56 85 123
633	0 15 57 91 124
634	0 6 62 94 130
635	0 15 78 93 125
636	0 19 64 92 115
637	0 9 57 77 113
638	0 6 51 82 123
639	0 15 44 83 118
640	0 6 53 89 116
641	0 9 76 94 120
642	0 9 64 96 117
643	0 13 64 98 122
644	0 9 65 88 115
645	0 17 45 93 110
646	0 8 51 91 113
647	0 7 54 93 116
648	0 19 66 87 108
649	0 27 64 97 116
650	0 9 62 97 120
651	0 5 72 93 121
652	0 9 53 97 121
653	0 9 64 85 110
654	0 9 48 91 116
655	0 7 54 92 118
656	0 9 76 91 114
657	0 6 54 93 125
658	0 29 68 88 114
659	0 13 61 85 126
660	0 7 45 81 115
661	0 8 56 82 112
662	0 7 58 86 112
663	0 9 65 94 116
664	0 5 58 84 115
665	0 13 56 91 113
666	0 8 57 96 126
667	0 8 51 94 121
668	0 8 59 92 120
669	0 25 55 90 121
670	0 7 44 79 119
671	0 7 43 90 115
672	0 6 62 89 120
673	0 14 53 92 124
674	0 5 65 92 131
675	0 8 68 93 122
676	0 9 67 91 119
677	0 9 41 92 128
678	0 6 55 80 114
679	0 6 52 95 120
680	0 11 63 91 116
681	0 17 81 94 123
682	0 11 44 92 117
683	0 11 67 94 109
684	0 16 61 92 117
685	0 3 59 94 121
686	0 9 48 87 115
687	0 12 62 92 119
688	0 9 57 97 115
689	0 9 48 87 112
690	0 5 63 91 120
691	0 6 61 86 114
692	0 23 65 85 121
693	0 25 66 88 122
694	0 9 44 81 119
695	0 11 65 93 121
696	0 9 65 95 124
697	0 9 52 92 117
698	0 5 55 92 117
699	0 8 67 88 115
700	0 13 50 86 116
701	0 9 58 90 119
702	0 8 62 92 122
703	0 8 51 94 127
704	0 7 51 88 127
705	0 9 55 95 128
706	0 27 63 95 113
707	0 11 65 88 123
708	0 8 53 91 119
709	0 9 62 89 119
710	0 5 55 88 120
711	0 8 51 98 114
712	0 8 52 96 112
713	0 9 58 95 118
714	0 24 74 94 115
715	0 9 58 91 123
716	0 9 57 90 112
717	0 7 56 93 114
718	0 8 53 93 113
719	0 21 58 92 122
720	0 6 59 95 118
721	0 7 43 92 114
722	0 9 73 93 110
723	0 7 49 97 115
724	0 13 55 91 125
725	0 25 65 95 125
726	0 14 76 93 123
727	0 17 77 93 131
728	0 8 48 97 117
729	0 14 65 97 127
730	0 8 63 96 118
731	0 3 58 88 124
732	0 7 51 96 114
733	0 9 71 91 123
734	0 8 54 95 132
735	0 9 45 88 109
736	0 9 45 92 114
737	0 9 77 93 122
738	0 13 52 96 114
739	0 7 64 92 116
740	0 6 47 93 118
741	0 3 58 97 117
742	0 9 66 95 114
743	0 8 51 95 123
744	0 5 43 92 118
745	0 9 34 94 113
746	0 7 43 91 111
747	0 9 72 97 115
748	0 8 73 95 119
749	0 26 73 100 136
750	0 9 41 89 116
751	0 7 56 90 113
752	0 12 62 93 124
753	0 8 67 98 119
754	0 16 56 93 106
755	0 6 55 97 108
756	0 7 44 96 120
757	0 17 68 95 119
758	0 11 54 93 118
759	0 8 62 95 116
760	0 9 62 97 109
761	0 5 43 97 117
762	0 8 50 94 114
763	0 11 65 88 115
764	0 8 45 97 118
765	0 7 58 95 120
766	0 13 47 94 114
767	0 8 48 95 113
768	0 5 42 90 117
769	0 15 55 93 117
770	0 9 49 93 114
771	0 17 78 100 123
772	0 9 59 95 115
773	0 9 46 95 111
774	0 12 51 95 115
775	0 9 50 96 130
776	0 6 25 97 118
777	0 9 54 98 117
778	0 9 53 94 118
779	0 11 48 92 117
780	0 9 65 91 129
781	0 9 51 97 125
782	0 8 33 96 117
783	0 13 46 97 117
784	0 8 63 102 111
785	0 8 61 97 113
786	0 25 77 98 117
787	0 25 66 99 116
788	0 25 86 99 114
789	0 28 58 87 109
790	0 27 62 95 114
791	0 23 46 84 121
792	0 19 44 72 106
793	0 12 45 98 101
794	7 27 39 67 91
795	0 11 45 63 65
796	0 0 24 40 49
797	0 0 24 79 79
798	0 2 3 3 3
799	0 0 0 0 0
800	0 0 3 3 3
801	0 0 0 0 0
