1	1220608 1751040 2506752 4571136 4878336
2	1069056 1716224 4591616 282210304 284340224
3	1069056 1740800 282103808 283095040 285712384
4	1011712 1740800 283164672 285118464 287354880
5	1011712 1740800 284082176 285368320 289566720
6	1011712 1769472 283914240 285851648 289312768
7	1011712 1769472 284041216 285986816 289435648
8	1060864 1769472 284041216 285937664 290136064
9	1069056 1769472 283914240 285978624 290263040
10	1069056 1794048 283893760 285974528 290107392
11	1069056 1794048 283893760 285978624 290234368
12	1069056 1982464 283893760 285970432 290234368
13	1069056 1990656 284020736 285970432 290234368
14	1069056 2125824 283897856 286076928 290492416
15	1069056 1998848 284037120 286105600 290373632
16	1069056 1998848 284041216 286105600 290123776
17	1069056 1998848 284393472 286134272 290123776
18	1069056 1998848 284139520 286138368 290123776
19	1069056 1998848 284303360 286220288 290246656
20	1069056 1998848 284192768 286097408 290250752
21	1069056 1998848 284192768 286105600 290250752
22	1069056 1998848 284090368 286121984 290123776
23	1069056 1998848 284090368 286224384 290123776
24	1069056 1998848 284188672 286121984 290250752
25	1069056 1998848 284217344 286101504 290250752
26	1069056 1998848 284438528 286048256 290250752
27	1069056 1998848 284577792 286048256 290250752
28	1069056 1998848 284540928 286101504 290504704
29	1069056 1998848 284336128 286101504 290373632
30	1069056 1998848 284282880 286097408 290246656
31	1069056 1998848 284389376 286113792 290123776
32	1069056 2019328 284291072 285995008 290123776
33	1069056 2019328 284418048 286199808 290250752
34	1069056 2150400 284336128 286105600 290123776
35	1069056 2158592 284356608 286121984 290250752
36	1069056 2039808 284446720 286105600 290123776
37	1069056 2039808 284381184 286105600 290123776
38	1069056 2039808 284274688 286224384 290365440
39	1069056 2039808 284352512 286105600 290361344
40	1069056 2039808 284413952 286056448 290369536
41	1069056 2039808 284286976 286232576 290369536
42	1069056 2039808 284475392 286113792 290373632
43	1069056 2039808 284352512 286113792 290369536
44	1069056 2195456 284450816 286097408 290381824
45	1069056 2203648 284577792 286121984 290373632
46	1069056 2179072 284372992 286183424 290373632
47	1069056 2179072 284508160 286089216 290381824
48	1069056 2052096 284631040 286117888 290263040
49	1069056 2052096 284577792 286113792 290136064
50	1069056 2052096 284614656 286183424 290385920
51	1069056 2052096 284499968 286105600 290385920
52	1069056 2052096 284880896 285995008 290258944
53	1069056 2052096 284786688 286109696 290258944
54	1069056 2052096 284659712 286121984 290385920
55	1069056 2052096 284549120 286113792 290385920
56	1069056 2052096 284426240 286179328 290263040
57	1069056 2183168 284426240 286113792 290136064
58	1069056 2183168 284426240 286183424 290390016
59	1069056 2060288 284553216 286367744 290136064
60	1069056 2060288 284434432 286248960 290263040
61	1069056 2060288 284721152 286248960 290136064
62	1069056 2060288 284712960 286236672 290136064
63	1069056 2060288 284643328 286236672 290136064
64	1069056 2060288 284516352 285995008 290136064
65	1069056 2060288 284553216 286068736 290136064
66	1069056 2060288 284553216 286113792 290136064
67	1069056 2060288 284549120 286240768 290136064
68	1069056 2060288 284651520 286068736 290136064
69	1069056 2060288 284778496 286236672 290136064
70	1069056 2060288 284553216 286097408 290258944
71	1069056 2060288 284651520 286228480 290258944
72	1069056 2060288 284647424 286236672 290258944
73	1069056 2060288 284680192 286113792 290385920
74	1069056 2060288 284647424 286228480 290385920
75	1069056 2060288 284676096 286101504 290258944
76	1069056 2060288 284672000 286187520 290263040
77	1069056 2060288 284770304 286113792 290381824
78	1069056 2060288 284680192 286113792 290258944
79	1069056 2060288 284680192 286113792 290385920
80	1069056 2060288 284680192 286117888 290643968
81	1069056 2060288 284553216 286191616 290516992
82	1069056 2064384 284680192 286236672 290516992
83	1069056 2064384 284639232 286236672 290254848
84	1069056 2064384 284766208 286117888 290246656
85	1069056 2064384 284893184 286224384 290263040
86	1069056 2064384 284766208 286244864 290390016
87	1069056 2064384 284639232 286109696 290390016
88	1069056 2064384 284639232 286224384 290250752
89	1069056 2064384 284532736 286236672 290136064
90	1069056 2064384 284536832 286109696 290263040
91	1069056 2064384 284655616 286109696 290136064
92	1069056 2064384 284655616 286109696 290263040
93	1069056 2064384 284782592 286105600 290136064
94	1069056 2064384 284557312 286121984 290258944
95	1069056 2195456 284430336 286113792 290512896
96	1069056 2068480 284553216 286113792 290385920
97	1069056 2068480 284557312 286101504 290263040
98	1069056 2068480 284430336 286113792 290263040
99	1069056 2068480 284532736 286195712 290258944
100	1069056 2068480 284667904 286121984 290263040
101	1069056 2068480 284684288 286240768 290136064
102	1069056 2068480 284528640 286240768 290136064
103	1069056 2068480 284528640 286117888 290136064
104	1069056 2068480 284557312 286191616 290390016
105	1069056 2068480 284655616 286232576 290263040
106	1069056 2068480 284528640 286232576 290381824
107	1069056 2068480 284557312 286191616 290254848
108	1069056 2068480 284540928 286232576 290381824
109	1069056 2068480 284430336 286351360 290263040
110	1069056 2068480 284667904 286109696 290136064
111	1069056 2068480 284680192 286121984 290263040
112	1069056 2068480 284557312 286240768 290263040
113	1069056 2068480 284557312 286322688 290390016
114	1069056 2068480 284659712 286248960 290263040
115	1069056 2068480 284532736 286183424 290390016
116	1069056 2068480 284532736 286113792 290258944
117	1069056 2068480 284532736 286068736 290258944
118	1069056 2068480 284557312 286113792 290136064
119	1069056 2068480 284557312 286117888 290377728
120	1069056 2068480 284684288 286113792 290504704
121	1069056 2068480 284684288 286068736 290263040
122	1069056 2068480 284557312 285986816 290263040
123	1069056 2068480 284680192 286068736 290521088
124	1069056 2068480 284430336 286113792 290267136
125	1069056 2068480 284663808 286121984 290267136
126	1069056 2068480 284540928 286121984 290267136
127	1069056 2068480 284536832 286113792 290267136
128	1069056 2068480 284663808 286248960 290516992
129	1069056 2068480 284536832 286199808 290398208
130	1069056 2068480 284663808 286121984 290271232
131	1069056 2068480 284557312 286121984 290271232
132	1069056 2068480 284557312 286121984 290144256
133	1069056 2068480 284557312 286113792 290271232
134	1069056 2068480 284684288 286117888 290144256
135	1069056 2068480 284557312 286109696 290271232
136	1069056 2068480 284557312 286228480 290144256
137	1069056 2068480 284651520 286195712 290271232
138	1069056 2068480 284557312 286121984 290398208
139	1069056 2068480 284557312 286113792 290394112
140	1069056 2068480 284663808 286121984 290390016
141	1069056 2068480 284655616 286117888 290271232
142	1069056 2068480 284667904 286228480 290271232
143	1069056 2068480 284549120 286117888 290271232
144	1069056 2068480 284794880 286109696 290263040
145	1069056 2068480 284803072 286117888 290144256
146	1069056 2068480 284557312 286199808 290271232
147	1069056 2068480 284667904 286187520 290271232
148	1069056 2068480 284790784 286121984 290271232
149	1069056 2068480 284553216 286236672 290525184
150	1069056 2068480 284684288 286121984 290144256
151	1069056 2068480 284557312 286072832 290271232
152	1069056 2068480 284557312 286117888 290398208
153	1069056 2068480 284684288 286117888 290394112
154	1069056 2068480 284553216 286117888 290398208
155	1069056 2068480 284553216 286121984 290398208
156	1069056 2068480 284680192 286121984 290525184
157	1069056 2068480 284553216 286117888 290271232
158	1069056 2068480 284557312 286199808 290398208
159	1069056 2068480 284557312 286117888 290398208
160	1069056 2068480 284680192 286109696 290263040
161	1069056 2068480 284794880 286113792 290271232
162	1069056 2068480 284803072 286105600 290267136
163	1069056 2068480 284680192 286101504 290271232
164	1069056 2068480 284549120 286113792 290263040
165	1069056 2068480 284557312 286097408 290144256
166	1069056 2068480 284430336 286121984 290144256
167	1069056 2068480 284557312 286244864 290144256
168	1069056 2068480 284557312 286117888 290144256
169	1069056 2068480 284684288 286121984 290271232
170	1069056 2068480 284557312 286326784 290144256
171	1069056 2068480 284790784 286117888 290271232
172	1069056 2199552 284684288 286121984 290398208
173	1069056 2076672 284684288 286113792 290521088
174	1069056 2076672 284684288 286240768 290398208
175	1069056 2076672 284786688 286117888 290525184
176	1069056 2076672 284667904 285995008 290144256
177	1069056 2076672 284667904 286072832 290525184
178	1069056 2076672 284540928 286117888 290398208
179	1069056 2076672 284430336 286072832 290271232
180	1069056 2076672 284430336 286199808 290398208
181	1069056 2076672 284553216 286240768 290271232
182	1069056 2076672 284667904 286326784 290271232
183	1069056 2076672 284676096 286101504 290258944
184	1069056 2076672 284663808 286097408 290267136
185	1069056 2076672 284536832 286076928 290267136
186	1069056 2076672 284667904 286203904 290144256
187	1069056 2076672 284663808 286248960 290271232
188	1069056 2076672 284540928 286240768 290267136
189	1069056 2076672 284532736 286121984 290267136
190	1069056 2076672 284540928 286101504 290144256
191	1069056 2076672 284557312 286101504 290271232
192	1069056 2076672 284557312 286117888 290271232
193	1069056 2076672 284540928 286117888 290263040
194	1069056 2076672 284684288 286117888 290390016
195	1069056 2076672 284430336 286117888 290390016
196	1069056 2076672 284557312 286224384 290508800
197	1069056 2076672 284557312 286228480 290267136
198	1069056 2076672 284667904 286228480 290263040
199	1069056 2076672 284667904 286076928 290271232
200	1069056 2076672 284532736 286113792 290267136
201	1069056 2076672 284557312 286117888 290246656
202	1069056 2076672 284557312 286199808 290271232
203	1069056 2076672 284667904 286117888 290525184
204	1069056 2076672 284540928 286113792 290144256
205	1069056 2076672 284557312 286224384 290144256
206	1069056 2076672 284667904 286113792 290144256
207	1069056 2076672 284667904 286244864 290267136
208	1069056 2076672 284553216 286101504 290271232
209	1069056 2076672 284667904 286117888 290144256
210	1069056 2076672 284557312 286113792 290271232
211	1069056 2076672 284557312 286363648 290271232
212	1069056 2076672 284659712 286236672 290398208
213	1069056 2076672 284557312 286105600 290271232
214	1069056 2076672 284684288 286117888 290525184
215	1069056 2076672 284430336 286117888 290516992
216	1069056 2076672 284557312 286117888 290398208
217	1069056 2076672 284663808 286117888 290271232
218	1069056 2076672 284786688 286072832 290394112
219	1069056 2076672 284540928 286101504 290394112
220	1069056 2076672 284540928 286203904 290394112
221	1069056 2076672 284540928 286117888 290398208
222	1069056 2076672 284557312 286240768 290271232
223	1069056 2076672 284430336 286101504 290267136
224	1069056 2076672 284655616 286101504 290394112
225	1069056 2076672 284680192 286216192 290521088
226	1069056 2076672 284540928 285999104 290271232
227	1069056 2076672 284545024 286117888 290271232
228	1069056 2076672 284430336 286121984 290267136
229	1069056 2076672 284684288 286240768 290267136
230	1069056 2076672 284807168 286117888 290267136
231	1069056 2076672 284684288 286072832 290271232
232	1069056 2076672 284807168 286089216 290144256
233	1069056 2076672 284667904 286117888 290398208
234	1069056 2076672 284553216 286068736 290144256
235	1069056 2076672 284663808 286126080 290271232
236	1069056 2076672 284557312 286109696 290144256
237	1069056 2076672 284557312 286117888 290144256
238	1069056 2076672 284540928 286244864 290394112
239	1069056 2076672 284557312 286248960 290385920
240	1069056 2076672 284540928 286117888 290258944
241	1069056 2076672 284557312 286240768 290381824
242	1069056 2076672 284557312 286208000 290254848
243	1069056 2076672 284553216 286224384 290369536
244	1069056 2076672 284667904 286117888 290144256
245	1069056 2076672 284540928 286117888 290525184
246	1069056 2076672 284540928 285995008 290525184
247	1069056 2076672 284667904 286109696 290398208
248	1069056 2076672 284553216 286117888 290267136
249	1069056 2076672 284553216 286076928 290144256
250	1069056 2076672 284680192 286076928 290144256
251	1069056 2076672 284536832 286203904 290267136
252	1069056 2076672 284430336 286076928 290271232
253	1069056 2076672 284557312 286203904 290398208
254	1069056 2076672 284557312 286203904 290398208
255	1069056 2076672 284557312 286236672 290271232
256	1069056 2076672 284643328 286171136 290144256
257	1069056 2076672 284540928 286195712 290271232
258	1069056 2076672 284557312 286113792 290144256
259	1069056 2076672 284557312 286105600 290254848
260	1069056 2076672 284684288 286244864 290394112
261	1069056 2076672 284528640 286117888 290144256
262	1069056 2076672 284557312 286199808 290390016
263	1069056 2076672 284684288 286117888 290394112
264	1069056 2076672 284557312 286236672 290258944
265	1069056 2076672 284663808 286244864 290385920
266	1069056 2076672 284790784 286212096 290267136
267	1069056 2080768 284790784 286121984 290271232
268	1069056 2080768 284790784 286117888 290271232
269	1069056 2080768 284540928 286244864 290271232
270	1069056 2080768 284557312 286117888 290271232
271	1069056 2080768 284667904 286228480 290271232
272	1069056 2080768 284663808 286121984 290267136
273	1069056 2080768 284557312 286117888 290271232
274	1069056 2080768 284811264 286212096 290390016
275	1069056 2080768 284553216 286117888 290394112
276	1069056 2080768 284667904 286081024 290275328
277	1069056 2080768 284684288 286126080 290402304
278	1069056 2080768 284684288 286109696 290275328
279	1069056 2080768 284667904 286126080 290258944
280	1069056 2080768 284540928 285999104 290275328
281	1069056 2080768 284663808 286126080 290398208
282	1069056 2080768 284659712 286117888 290394112
283	1069056 2080768 284659712 286244864 290267136
284	1069056 2080768 284778496 286248960 290148352
285	1069056 2080768 284663808 286244864 290148352
286	1069056 2080768 284667904 286236672 290275328
287	1069056 2080768 284667904 286191616 290148352
288	1069056 2080768 284794880 286191616 290275328
289	1069056 2080768 284667904 286109696 290275328
290	1069056 2080768 284667904 286121984 290148352
291	1069056 2080768 284786688 286253056 290148352
292	1069056 2080768 284524544 286212096 290258944
293	1069056 2080768 284524544 286248960 290381824
294	1069056 2080768 284684288 286121984 290508800
295	1069056 2080768 284557312 286109696 290271232
296	1069056 2080768 284557312 286208000 290402304
297	1069056 2080768 284540928 286121984 290267136
298	1069056 2080768 284663808 286138368 290275328
299	1069056 2080768 284778496 286134272 290525184
300	1069056 2080768 284778496 286117888 290398208
301	1069056 2080768 284663808 286134272 290648064
302	1069056 2080768 284540928 286126080 290275328
303	1069056 2080768 284663808 286121984 290394112
304	1069056 2080768 284663808 286117888 290275328
305	1069056 2080768 284663808 286232576 290275328
306	1069056 2080768 284540928 286138368 290275328
307	1069056 2080768 284794880 286126080 290148352
308	1069056 2080768 284540928 286121984 290148352
309	1069056 2080768 284540928 286117888 290275328
310	1069056 2080768 284536832 286244864 290275328
311	1069056 2080768 284667904 286126080 290148352
312	1069056 2080768 284684288 286232576 290521088
313	1069056 2080768 284667904 286121984 290398208
314	1069056 2080768 284663808 285999104 290148352
315	1069056 2080768 285016064 286208000 290398208
316	1069056 2080768 285802496 286126080 290525184
317	1069056 2080768 285982720 286253056 290398208
318	1069056 2080768 285990912 286138368 290398208
319	1069056 2080768 285872128 286085120 290521088
320	1069056 2080768 285978624 286367744 290648064
321	1069056 2080768 285872128 286248960 290521088
322	1069056 2080768 285872128 286248960 291307520
323	1069056 2080768 285982720 286265344 292225024
324	1069056 2080768 285982720 286126080 293142528
325	1069056 2080768 285995008 286388224 294060032
326	1069056 2080768 285962240 286253056 294846464
327	1069056 2080768 285855744 286244864 295763968
328	1069056 2080768 285962240 286248960 296550400
329	1069056 2080768 285962240 286126080 297467904
330	1069056 2080768 285855744 286261248 298385408
331	1069056 2080768 285855744 286261248 299302912
332	1069056 2080768 285962240 286248960 300220416
333	1069056 2080768 285962240 286121984 301006848
334	1069056 2080768 285872128 286253056 301924352
335	1069056 2080768 285872128 286232576 302841856
336	1069056 2080768 285872128 286117888 303628288
337	1069056 2080768 285872128 286261248 304676864
338	1069056 2080768 285872128 286261248 305463296
339	1069056 2080768 285999104 286330880 306511872
340	1069056 2080768 285978624 286453760 307298304
341	1069056 2080768 285872128 286449664 308215808
342	1069056 2080768 285855744 286445568 309002240
343	1069056 2080768 285982720 286445568 309919744
344	1069056 2080768 285872128 286134272 310706176
345	1069056 2080768 285974528 286126080 311623680
346	1069056 2080768 285872128 286248960 312541184
347	1069056 2080768 285872128 286216192 313327616
348	1069056 2080768 285872128 286134272 314245120
349	1069056 2080768 285982720 286261248 315031552
350	1069056 2080768 285962240 286261248 315949056
351	1069056 2080768 285999104 286134272 316997632
352	1069056 2080768 285978624 286134272 318046208
353	1069056 2080768 285999104 286117888 318701568
354	1069056 2080768 285962240 286248960 319619072
355	1069056 2080768 285855744 286248960 320667648
356	1069056 2080768 285995008 286216192 321454080
357	1069056 2080768 285995008 286244864 322240512
358	1069056 2080768 285872128 286224384 323158016
359	1069056 2080768 286105600 286261248 324075520
360	1069056 2080768 285872128 286216192 324993024
361	1069056 2080768 285855744 286253056 325910528
362	1069056 2080768 285855744 286466048 326828032
363	1069056 2084864 285855744 286466048 327745536
364	1069056 2084864 285982720 286371840 328663040
365	1069056 2084864 285855744 286240768 329449472
366	1069056 2084864 285999104 286240768 330235904
367	1069056 2084864 285855744 286240768 331415552
368	1069056 2084864 285855744 286261248 332070912
369	1069056 2084864 285872128 286138368 332857344
370	1069056 2084864 285962240 286257152 333774848
371	1069056 2084864 285982720 286126080 334692352
372	1069056 2084864 285855744 286232576 335609856
373	1069056 2084864 285855744 286261248 336396288
374	1069056 2084864 285982720 286253056 337313792
375	1069056 2084864 285855744 286371840 338231296
376	1069056 2084864 285982720 286130176 338886656
377	1069056 2084864 285995008 286339072 339935232
378	1069056 2084864 285995008 286216192 340721664
379	1069056 2084864 285982720 286240768 341639168
380	1069056 2084864 285855744 286138368 342687744
381	1069056 2084864 285872128 286232576 343605248
382	1069056 2084864 285855744 286134272 344391680
383	1069056 2084864 285872128 286232576 345178112
384	1069056 2084864 285872128 286138368 346095616
385	1069056 2084864 285872128 286105600 347013120
386	1069056 2084864 285872128 286334976 347930624
387	1069056 2084864 285872128 286461952 348717056
388	1069056 2084864 285995008 286363648 349634560
389	1069056 2084864 285872128 286244864 350420992
390	1069056 2084864 285999104 286138368 351338496
391	1069056 2084864 285872128 286121984 352256000
392	1069056 2084864 285995008 286138368 353173504
393	1069056 2084864 285855744 286212096 353959936
394	1069056 2084864 285872128 286134272 354877440
395	1069056 2084864 285978624 286240768 355663872
396	1069056 2084864 285978624 286134272 356581376
397	1069056 2084864 285872128 286126080 357629952
398	1069056 2084864 285872128 286138368 358416384
399	1069056 2084864 285872128 286388224 359333888
400	1069056 2084864 285978624 286138368 360120320
401	1069056 2084864 285872128 286265344 361037824
402	1069056 2084864 285999104 286183424 361955328
403	1069056 2084864 285872128 286138368 362741760
404	1069056 2084864 285978624 286261248 363659264
405	1069056 2084864 285872128 286261248 364576768
406	1069056 2084864 285995008 286388224 365494272
407	1069056 2084864 285999104 286388224 366542848
408	1069056 2084864 285872128 286318592 367329280
409	1069056 2084864 285872128 286261248 368377856
410	1069056 2084864 285872128 286453760 369164288
411	1069056 2084864 285872128 286351360 370081792
412	1069056 2084864 285999104 286486528 370999296
413	1069056 2084864 285966336 286265344 371916800
414	1069056 2084864 285966336 286482432 372834304
415	1069056 2084864 285966336 286248960 373751808
416	1069056 2084864 285966336 286248960 374538240
417	1069056 2084864 285872128 286248960 375455744
418	1069056 2084864 285872128 286240768 376111104
419	1069056 2084864 285872128 286142464 377159680
420	1069056 2084864 285966336 286269440 378077184
421	1069056 2084864 285982720 286367744 378863616
422	1069056 2084864 285872128 286126080 379781120
423	1069056 2084864 285999104 286216192 380698624
424	1069056 2084864 285855744 286339072 381616128
425	1069056 2084864 285872128 286220288 382402560
426	1069056 2084864 285872128 286384128 383320064
427	1069056 2084864 285982720 286142464 384237568
428	1069056 2084864 285872128 286343168 385155072
429	1069056 2084864 285872128 286498816 385941504
430	1069056 2084864 285872128 286392320 386859008
431	1069056 2084864 285855744 286392320 387645440
432	1069056 2084864 285872128 286392320 388562944
433	1069056 2084864 285990912 286142464 389349376
434	1069056 2084864 285982720 286183424 390397952
435	1069056 2084864 285855744 286269440 391184384
436	1069056 2084864 285982720 286269440 392101888
437	1069056 2084864 285872128 286142464 392888320
438	1069056 2084864 285966336 286265344 394067968
439	1069056 2084864 285855744 286265344 394985472
440	1069056 2084864 285978624 286265344 395513856
441	1069056 2084864 285872128 286265344 396431360
442	1069056 2084864 285855744 286265344 397479936
443	1069056 2084864 285872128 286220288 398135296
444	1069056 2084864 285982720 286220288 399052800
445	1069056 2084864 285872128 286142464 399970304
446	1069056 2084864 285999104 286220288 400756736
447	1069056 2084864 285995008 286142464 401805312
448	1069056 2084864 285999104 286142464 402722816
449	1069056 2084864 285990912 286224384 403509248
450	1069056 2215936 285990912 286244864 404295680
451	1069056 2215936 285995008 286216192 405213184
452	1069056 2088960 285970432 286265344 406130688
453	1069056 2088960 285995008 286248960 407048192
454	1069056 2088960 285999104 286265344 408096768
455	1069056 2088960 285990912 286248960 409014272
456	1069056 2088960 285990912 286248960 409931776
457	1069056 2088960 285872128 286334976 410718208
458	1069056 2088960 285872128 286265344 411504640
459	1069056 2088960 285966336 286367744 412422144
460	1069056 2088960 285966336 286265344 413470720
461	1069056 2088960 285970432 286502912 414257152
462	1069056 2088960 285999104 286375936 415305728
463	1069056 2088960 285970432 286248960 416092160
464	1069056 2088960 285970432 286248960 417009664
465	1069056 2088960 285855744 286248960 417796096
466	1069056 2088960 285999104 286347264 418844672
467	1069056 2088960 285872128 286244864 419631104
468	1069056 2088960 285855744 286253056 420548608
469	1069056 2088960 285855744 286212096 421597184
470	1069056 2088960 285855744 286253056 422514688
471	1069056 2088960 285982720 286502912 423170048
472	1069056 2088960 285982720 286380032 424087552
473	1069056 2088960 285855744 286248960 425005056
474	1069056 2088960 285982720 286257152 425922560
475	1069056 2088960 285872128 286253056 426840064
476	1069056 2088960 285958144 286253056 427757568
477	1069056 2088960 285855744 286248960 428675072
478	1069056 2088960 285872128 286142464 429461504
479	1069056 2088960 285872128 286359552 430379008
480	1069056 2088960 285999104 286265344 431165440
481	1069056 2088960 285872128 286261248 432082944
482	1069056 2088960 285872128 286138368 432869376
483	1069056 2097152 285872128 286375936 434049024
484	1069056 2097152 285999104 286126080 434573312
485	1069056 2097152 285855744 286126080 435621888
486	1069056 2097152 285855744 286142464 436408320
487	1069056 2097152 285999104 286126080 437325824
488	1069056 2097152 285966336 286126080 438243328
489	1069056 2097152 285982720 286126080 439160832
490	1069056 2097152 285966336 286142464 440209408
491	1069056 2097152 285855744 286253056 441126912
492	1069056 2097152 285855744 286126080 441913344
493	1069056 2097152 285982720 286343168 442830848
494	1069056 2097152 286003200 286392320 443748352
495	1069056 2097152 285966336 286392320 444665856
496	1069056 2097152 285986816 286269440 445583360
497	1069056 2097152 285859840 286142464 446631936
498	1069056 2097152 285986816 286269440 447549440
499	1069056 2097152 285986816 286236672 448598016
500	1069056 2097152 285974528 286363648 449515520
501	1069056 2097152 285876224 286269440 450170880
502	1069056 2097152 285859840 286142464 451219456
503	1069056 2097152 285876224 286261248 452136960
504	1069056 2097152 285876224 286384128 452923392
505	1069056 2097152 285966336 286257152 453840896
506	1069056 2097152 285876224 286121984 454758400
507	1069056 2097152 285876224 286208000 455544832
508	1069056 2097152 285999104 286236672 456462336
509	1069056 2101248 285876224 286142464 457379840
510	1069056 2101248 285966336 286363648 458297344
511	1069056 2101248 285876224 286363648 459214848
512	1069056 2101248 285876224 286232576 460132352
513	1069056 2101248 285966336 286232576 460918784
514	1069056 2101248 286003200 286228480 461836288
515	1069056 2101248 285966336 286261248 462753792
516	1069056 2101248 285876224 286359552 463671296
517	1069056 2101248 285876224 286248960 464588800
518	1069056 2101248 286003200 286142464 465506304
519	1069056 2101248 285859840 286248960 466292736
520	1069056 2101248 285876224 286269440 467079168
521	1069056 2101248 285982720 286396416 467996672
522	1069056 2101248 285876224 286220288 468914176
523	1069056 2101248 285876224 286257152 469831680
524	1069056 2101248 285999104 286216192 470749184
525	1069056 2101248 286003200 286203904 471535616
526	1069056 2101248 285876224 286248960 472584192
527	1069056 2101248 285876224 286248960 473632768
528	1069056 2101248 286003200 286244864 474550272
529	1069056 2101248 285859840 286126080 475336704
530	1069056 2101248 285859840 286347264 476385280
531	1069056 2101248 285986816 286392320 477433856
532	1069056 2101248 285986816 286347264 478220288
533	1069056 2101248 285859840 286253056 479137792
534	1069056 2101248 285876224 286216192 479924224
535	1069056 2101248 285859840 286253056 480841728
536	1069056 2101248 285859840 286212096 481759232
537	1069056 2101248 285986816 286142464 482676736
538	1069056 2101248 285876224 286265344 483594240
539	1069056 2101248 285999104 286257152 484511744
540	1069056 2101248 285966336 286142464 485429248
541	1069056 2101248 285859840 286371840 486346752
542	1069056 2105344 285859840 286142464 487395328
543	1069056 2105344 285876224 286126080 488181760
544	1069056 2105344 285876224 286142464 489230336
545	1069056 2105344 285859840 286142464 490147840
546	1069056 2105344 285859840 286216192 490934272
547	1069056 2105344 285859840 286248960 491851776
548	1069056 2105344 285859840 286097408 492638208
549	1069056 2105344 286003200 286265344 493817856
550	1069056 2105344 285986816 286265344 494473216
551	1069056 2105344 285876224 286269440 495521792
552	1069056 2105344 286003200 286138368 496439296
553	1069056 2105344 285970432 286375936 497356800
554	1069056 2105344 285876224 286142464 498405376
555	1069056 2105344 286003200 286257152 499191808
556	1069056 2105344 285986816 286244864 500109312
557	1069056 2105344 285970432 286269440 501026816
558	1069056 2105344 285876224 286142464 501944320
559	1069056 2105344 285859840 286269440 502992896
560	1069056 2105344 285859840 286392320 503779328
561	1069056 2105344 285876224 286257152 504827904
562	1069056 2105344 285876224 286351360 505745408
563	1069056 2105344 285876224 286220288 506793984
564	1069056 2105344 285876224 286248960 507711488
565	1069056 2105344 285876224 286248960 508497920
566	1069056 2105344 285999104 286253056 509415424
567	1069056 2105344 285876224 286146560 510201856
568	1069056 2105344 285876224 286240768 511250432
569	1069056 2105344 285876224 286269440 512167936
570	1069056 2105344 285876224 286269440 512954368
571	1069056 2105344 285986816 286392320 513871872
572	1069056 2105344 285859840 286269440 514789376
573	1069056 2105344 285859840 286351360 515706880
574	1069056 2105344 285859840 286367744 516755456
575	1069056 2105344 285859840 286478336 517804032
576	1069056 2105344 285982720 286273536 518459392
577	1069056 2105344 285876224 286257152 519639040
578	1069056 2105344 285876224 286474240 520425472
579	1069056 2105344 285859840 286146560 521474048
580	1069056 2105344 285876224 286220288 522522624
581	1069056 2105344 285859840 286347264 523309056
582	1069056 2105344 285859840 286347264 524095488
583	1069056 2105344 285859840 286347264 525144064
584	1069056 2105344 285876224 286220288 525930496
585	1069056 2105344 285986816 286228480 527110144
586	1069056 2105344 285876224 286220288 527896576
587	1069056 2105344 285876224 286253056 528683008
588	1069056 2105344 285859840 286253056 529731584
589	1069056 2105344 285986816 286126080 530649088
590	1069056 2105344 285859840 286347264 531697664
591	1069056 2105344 285859840 286273536 532484096
592	1069056 2105344 286003200 286347264 533663744
593	1069056 2105344 286003200 286240768 534581248
594	1069056 2105344 285876224 286216192 535498752
595	1069056 2105344 285876224 286216192 536285184
596	1069056 2105344 285876224 286224384 537071616
597	1069056 2105344 285876224 286269440 538120192
598	1069056 2105344 285990912 286326784 539037696
599	1069056 2105344 285859840 286146560 539955200
600	1069056 2105344 286003200 286257152 540872704
601	1069056 2105344 285970432 286257152 541790208
602	1069056 2105344 285999104 286257152 542576640
603	1069056 2105344 285859840 286220288 543625216
604	1069056 2105344 285876224 286216192 544542720
605	1069056 2105344 285859840 286216192 545460224
606	1069056 2105344 285876224 286146560 546508800
607	1069056 2105344 285986816 286244864 547426304
608	1069056 2105344 285859840 286375936 548343808
609	1069056 2105344 285970432 286146560 549392384
610	1069056 2105344 285970432 286253056 550178816
611	1069056 2105344 285876224 286253056 551096320
612	1069056 2105344 286003200 286248960 552013824
613	1069056 2105344 286003200 286224384 553062400
614	1069056 2105344 286003200 286212096 553848832
615	1069056 2105344 285876224 286269440 554897408
616	1069056 2105344 285859840 286269440 555814912
617	1069056 2105344 285970432 286142464 556732416
618	1069056 2105344 285970432 286257152 557649920
619	1069056 2105344 286113792 286384128 558829568
620	1069056 2105344 286003200 286380032 559616000
621	1069056 2105344 285970432 286253056 560402432
622	1069056 2105344 285986816 286384128 561451008
623	1069056 2105344 285876224 286224384 562237440
624	1069056 2105344 285970432 286384128 563154944
625	1069056 2105344 285876224 286384128 564203520
626	1069056 2105344 285876224 286269440 565121024
627	1069056 2105344 285986816 286146560 566038528
628	1069056 2105344 285970432 286146560 567087104
629	1069056 2105344 285859840 286146560 567873536
630	1069056 2105344 285986816 286343168 568791040
631	1069056 2105344 285859840 286380032 569708544
632	1069056 2105344 285982720 286347264 570626048
633	1069056 2105344 285876224 286257152 571412480
634	1069056 2105344 285876224 286367744 572461056
635	1069056 2105344 285859840 286507008 573378560
636	1069056 2105344 285986816 286507008 574296064
637	1069056 2105344 285982720 286384128 575213568
638	1069056 2105344 285995008 286371840 576131072
639	1069056 2105344 285876224 286486528 577048576
640	1069056 2105344 285859840 286486528 577966080
641	1069056 2105344 285859840 286486528 578883584
642	1069056 2105344 285876224 286633984 579801088
643	1069056 2236416 285982720 286633984 580587520
644	1069056 2109440 285982720 286507008 581636096
645	1069056 2109440 285982720 286633984 582553600
646	1069056 2109440 285986816 286756864 583340032
647	1069056 2109440 285876224 286752768 584257536
648	1069056 2109440 285876224 286617600 585175040
649	1069056 2109440 285876224 286760960 586092544
650	1069056 2109440 285970432 286638080 587141120
651	1069056 2109440 285970432 286744576 587796480
652	1069056 2109440 285876224 286617600 588713984
653	1069056 2109440 285876224 286765056 589762560
654	1069056 2109440 285876224 286879744 590680064
655	1069056 2109440 285876224 286638080 591597568
656	1069056 2109440 285859840 286748672 592515072
657	1069056 2109440 285970432 286728192 593563648
658	1069056 2109440 285859840 286748672 594350080
659	1069056 2109440 285859840 286748672 595529728
660	1069056 2109440 285986816 286638080 596316160
661	1069056 2109440 285876224 286765056 597233664
662	1069056 2109440 285859840 286638080 598020096
663	1069056 2109440 285986816 286609408 598937600
664	1069056 2109440 285876224 286638080 599986176
665	1069056 2109440 285876224 286736384 600772608
666	1069056 2109440 285986816 286511104 601821184
667	1069056 2109440 286003200 286625792 602611712
668	1069056 2109440 286003200 286748672 603529216
669	1069056 2109440 285876224 286617600 604446720
670	1069056 2109440 285876224 286732288 605364224
671	1069056 2109440 285876224 286736384 606281728
672	1069056 2109440 285859840 286621696 607330304
673	1069056 2109440 285876224 286511104 608247808
674	1069056 2109440 285986816 286613504 609034240
675	1069056 2109440 285859840 286892032 610082816
676	1069056 2109440 285876224 286638080 610869248
677	1069056 2109440 285859840 286638080 611786752
678	1069056 2109440 285859840 286621696 612704256
679	1069056 2109440 285876224 286638080 613621760
680	1069056 2109440 285986816 286744576 614670336
681	1069056 2109440 285970432 286617600 615456768
682	1069056 2109440 285999104 286638080 616374272
683	1069056 2109440 285999104 286511104 617291776
684	1069056 2109440 286003200 286748672 618078208
685	1069056 2109440 285876224 286875648 618995712
686	1069056 2109440 285859840 286748672 620044288
687	1069056 2109440 285986816 286748672 620961792
688	1069056 2109440 285982720 286621696 622010368
689	1069056 2109440 285859840 286621696 622927872
690	1069056 2109440 285986816 286638080 623714304
691	1069056 2109440 285995008 286752768 624631808
692	1069056 2109440 285876224 286617600 625418240
693	1069056 2109440 285876224 286736384 626335744
694	1069056 2109440 285876224 286633984 627384320
695	1069056 2109440 286003200 286638080 628170752
696	1069056 2109440 285999104 286748672 629219328
697	1069056 2109440 286003200 286765056 630136832
698	1069056 2109440 285986816 286748672 631054336
699	1069056 2109440 286003200 286511104 632102912
700	1069056 2109440 286003200 286638080 633020416
701	1069056 2109440 286113792 286748672 634068992
702	1069056 2109440 286003200 286875648 634855424
703	1069056 2109440 286003200 286732288 635772928
704	1069056 2109440 285986816 286875648 636821504
705	1069056 2109440 285859840 286748672 637607936
706	1069056 2109440 285876224 286871552 638525440
707	1069056 2109440 285986816 286875648 639442944
708	1069056 2109440 285876224 286744576 640229376
709	1069056 2109440 285876224 286760960 641146880
710	1069056 2109440 285859840 286887936 642064384
711	1069056 2109440 285986816 286748672 643112960
712	1069056 2109440 285974528 286621696 644030464
713	1069056 2109440 285859840 286744576 644816896
714	1069056 2109440 285982720 286621696 645734400
715	1069056 2109440 285986816 286625792 646520832
716	1069056 2109440 285859840 286748672 647438336
717	1069056 2109440 285859840 286752768 648355840
718	1069056 2109440 285876224 286867456 649273344
719	1069056 2109440 285876224 286617600 650321920
720	1069056 2109440 285986816 286617600 651108352
721	1069056 2109440 285986816 286617600 652156928
722	1069056 2109440 285974528 286744576 652943360
723	1069056 2109440 285876224 286638080 653860864
724	1069056 2109440 285986816 286720000 654778368
725	1069056 2109440 285859840 286740480 655695872
726	1069056 2109440 285859840 286760960 656613376
727	1069056 2109440 285986816 286638080 657399808
728	1069056 2109440 285876224 286760960 658317312
729	1069056 2109440 285986816 286892032 659234816
730	1069056 2109440 285859840 286765056 660283392
731	1069056 2109440 285982720 286621696 661069824
732	1069056 2109440 286003200 286633984 661856256
733	1069056 2109440 285974528 286752768 662773760
734	1069056 2109440 285986816 286511104 663691264
735	1069056 2109440 285986816 286638080 664477696
736	1069056 2109440 285876224 286609408 665526272
737	1069056 2109440 285982720 286609408 666312704
738	1069056 2109440 285859840 286621696 667230208
739	1069056 2109440 285859840 286511104 668147712
740	1069056 2109440 285999104 286638080 668934144
741	1069056 2113536 285986816 286638080 669851648
742	1069056 2113536 285876224 286740480 670769152
743	1069056 2113536 285986816 286740480 671817728
744	1069056 2113536 286003200 286867456 672604160
745	1069056 2113536 285876224 286511104 673521664
746	1069056 2113536 285974528 286748672 674308096
747	1069056 2113536 285974528 286875648 675225600
748	1069056 2113536 285859840 286756864 676143104
749	1069056 2113536 285986816 286871552 677060608
750	1069056 2113536 285859840 286740480 677978112
751	1069056 2113536 285876224 286748672 678895616
752	1069056 2113536 285859840 286617600 679813120
753	1069056 2113536 285859840 286740480 680599552
754	1069056 2113536 286003200 286621696 681385984
755	1069056 2113536 285876224 286621696 682303488
756	1069056 2113536 286003200 286892032 683220992
757	1069056 2113536 285880320 286744576 684007424
758	1069056 2113536 286105600 286617600 684924928
759	1069056 2113536 285986816 286744576 685842432
760	1069056 2113536 285876224 286511104 686759936
761	1069056 2113536 285986816 286638080 687546368
762	1069056 2113536 285986816 286638080 688463872
763	1069056 2113536 285978624 286744576 689512448
764	1069056 2113536 285859840 286732288 690298880
765	1069056 2113536 285986816 286752768 691085312
766	1069056 2113536 285880320 286756864 691212288
767	1069056 2113536 285859840 286633984 691212288
768	1069056 2113536 285974528 286756864 691212288
769	1069056 2113536 285876224 286748672 691212288
770	1069056 2113536 285999104 286748672 691212288
771	1069056 2113536 285880320 286748672 691212288
772	1069056 2113536 285990912 286617600 691212288
773	1069056 2113536 285990912 286638080 691212288
774	1069056 2113536 285863936 286744576 691212288
775	1069056 2113536 285863936 286621696 691212288
776	1069056 2113536 285880320 286748672 691212288
777	1069056 2113536 285863936 286621696 691212288
778	1069056 2113536 285880320 286511104 691212288
779	1069056 2113536 285880320 286638080 691212288
780	1069056 2244608 285880320 286875648 691212288
781	1134592 2531328 285863936 286748672 691212288
782	1134592 2531328 285880320 288186368 691212288
783	1134592 2531328 286007296 288059392 691212288
784	1134592 2531328 285880320 288079872 689467392
785	49152 2117632 285880320 286613504 292610048
786	176128 2531328 285880320 286867456 292483072
787	49152 3862528 285880320 286740480 292487168
788	1134592 284434432 286007296 288026624 292610048
789	1134592 3862528 285863936 288026624 292487168
790	1134592 2551808 285863936 288055296 292487168
791	1134592 2424832 285863936 288186368 292487168
792	1134592 2408448 3862528 6598656 292360192
793	1134592 2117632 2535424 3850240 292487168
794	1228800 2117632 2535424 3850240 6455296
795	1359872 2117632 2646016 3854336 3854336
796	1359872 2248704 2646016 3854336 3854336
797	2248704 2248704 2646016 3854336 3854336
798	2248704 2248704 3854336 3854336 3854336
799	2248704 2248704 3854336 3854336 3854336
800	3854336 3854336 3854336 3854336 3854336
801	3854336 3854336 3854336 3854336 3854336
