1	0 0 0 1 27
2	0 1 2 11 93
3	0 0 1 14 94
4	0 1 9 39 95
5	0 0 8 55 111
6	0 0 8 52 124
7	0 0 11 75 126
8	0 0 8 71 126
9	0 0 10 67 116
10	0 0 21 66 111
11	0 0 13 73 113
12	0 0 11 57 109
13	0 2 19 55 110
14	0 2 28 75 109
15	0 5 34 87 113
16	0 6 25 75 111
17	0 6 26 74 111
18	0 4 32 82 111
19	0 5 20 58 118
20	0 2 20 69 117
21	0 6 20 81 111
22	0 5 31 88 116
23	0 5 29 84 118
24	0 6 35 87 115
25	0 3 35 81 116
26	0 6 48 72 116
27	0 6 58 87 115
28	0 4 33 75 116
29	0 6 35 76 117
30	0 4 35 85 112
31	0 3 37 71 118
32	0 6 25 71 116
33	0 1 9 56 116
34	0 5 23 61 113
35	0 1 6 68 115
36	0 1 35 81 114
37	0 2 23 66 113
38	0 3 16 62 113
39	0 1 33 77 116
40	0 5 18 81 116
41	0 1 8 67 115
42	0 1 33 64 113
43	0 4 25 81 114
44	0 2 17 69 115
45	0 4 21 73 116
46	0 6 35 81 118
47	0 2 13 45 119
48	0 1 18 69 116
49	0 3 8 77 114
50	0 2 23 52 114
51	0 2 21 71 114
52	0 2 24 73 116
53	0 1 23 96 115
54	0 6 24 81 119
55	0 4 11 86 119
56	0 2 22 69 115
57	0 4 26 56 114
58	0 1 34 81 114
59	0 1 29 80 112
60	0 7 29 81 114
61	0 1 25 82 114
62	0 6 36 75 115
63	0 6 26 67 122
64	0 1 7 47 117
65	0 2 26 88 122
66	0 6 13 74 113
67	0 5 28 67 115
68	0 7 27 79 113
69	0 1 31 82 114
70	0 4 8 69 114
71	0 1 29 64 117
72	0 6 36 87 117
73	0 7 36 92 115
74	0 1 33 69 117
75	0 2 22 92 120
76	0 3 14 79 119
77	0 1 34 89 113
78	0 5 18 53 120
79	0 3 24 63 114
80	0 1 16 88 115
81	0 4 30 73 114
82	0 2 11 77 121
83	0 6 27 67 123
84	0 1 41 81 113
85	0 5 20 91 110
86	0 2 36 83 113
87	0 1 15 43 109
88	0 6 21 57 114
89	0 6 23 58 111
90	0 1 13 75 117
91	0 1 14 35 115
92	0 2 9 44 114
93	0 1 9 81 115
94	0 6 48 81 116
95	0 3 37 92 112
96	0 3 13 79 114
97	0 1 26 68 120
98	0 1 12 67 114
99	0 3 11 85 117
100	0 5 36 87 119
101	0 4 35 83 118
102	0 2 35 86 113
103	0 3 9 69 116
104	0 4 34 71 114
105	0 4 17 84 114
106	0 3 24 83 118
107	0 4 20 84 115
108	0 2 9 75 118
109	0 6 14 67 116
110	0 5 34 83 116
111	0 5 35 80 121
112	0 2 13 63 115
113	0 8 32 52 116
114	0 4 8 78 115
115	0 2 23 77 114
116	0 4 13 48 116
117	0 6 23 89 116
118	0 1 33 85 116
119	0 6 12 74 117
120	0 5 19 78 113
121	0 3 8 42 115
122	0 2 26 59 117
123	0 6 28 72 114
124	0 6 35 65 116
125	0 1 30 98 114
126	0 1 8 78 115
127	0 3 8 69 123
128	0 1 30 77 116
129	0 5 26 82 116
130	0 1 34 87 117
131	0 4 16 84 114
132	0 1 19 67 114
133	0 6 21 35 115
134	0 1 14 57 115
135	0 3 11 36 115
136	0 1 23 71 115
137	0 3 27 87 116
138	0 1 33 91 114
139	0 1 21 97 113
140	0 3 8 74 116
141	0 1 13 78 112
142	0 1 9 73 116
143	0 3 8 51 115
144	0 1 16 48 116
145	0 6 36 96 113
146	0 1 7 88 114
147	0 3 30 87 116
148	0 6 15 79 114
149	0 6 15 57 114
150	0 5 27 76 114
151	0 1 11 45 124
152	0 2 8 75 119
153	0 1 8 71 119
154	0 6 15 49 114
155	0 3 8 61 115
156	0 4 29 81 113
157	0 7 36 91 115
158	0 6 16 75 114
159	0 1 25 75 115
160	0 1 9 75 114
161	0 1 9 49 116
162	0 2 21 84 113
163	0 6 23 98 116
164	0 5 25 93 114
165	0 7 28 68 117
166	0 1 35 82 116
167	0 0 26 84 116
168	0 6 35 79 113
169	0 4 22 61 119
170	0 5 35 89 120
171	0 7 34 93 115
172	0 1 12 95 114
173	0 6 24 81 115
174	0 5 27 73 115
175	0 2 15 46 114
176	0 6 19 81 116
177	0 3 26 74 113
178	0 7 34 82 113
179	0 5 12 86 113
180	0 4 21 85 114
181	0 5 32 73 114
182	0 1 23 84 120
183	0 3 21 95 126
184	0 1 12 48 117
185	0 1 34 91 115
186	0 6 35 94 121
187	0 1 23 41 116
188	0 2 12 69 115
189	0 6 17 76 117
190	0 6 32 92 115
191	0 1 19 69 116
192	0 1 14 86 115
193	0 1 8 44 114
194	0 1 8 52 114
195	0 3 9 34 115
196	0 6 28 79 114
197	0 7 32 75 116
198	0 2 19 86 114
199	0 4 32 89 115
200	0 1 29 96 112
201	0 4 36 93 116
202	0 4 36 76 115
203	0 6 36 88 113
204	0 5 17 81 115
205	0 1 29 76 114
206	0 3 16 86 117
207	0 6 16 82 114
208	0 4 17 46 115
209	0 2 14 82 115
210	0 4 42 76 115
211	0 8 23 86 115
212	0 1 15 62 112
213	0 2 55 87 115
214	0 1 26 85 115
215	0 1 21 81 121
216	0 6 26 94 115
217	0 2 28 51 115
218	0 4 15 74 114
219	0 2 28 61 119
220	0 5 28 86 116
221	0 1 14 72 115
222	0 4 16 84 115
223	0 7 21 76 116
224	0 7 42 93 114
225	0 1 25 83 115
226	0 1 8 88 116
227	0 3 21 74 116
228	0 5 20 73 114
229	0 5 24 76 116
230	0 6 36 87 116
231	0 3 28 88 117
232	0 6 15 41 116
233	0 7 32 81 113
234	0 3 21 78 114
235	0 7 35 89 115
236	0 6 30 83 114
237	0 4 11 83 114
238	0 2 22 64 116
239	0 1 13 36 115
240	0 1 24 83 114
241	0 5 8 75 114
242	0 4 22 56 115
243	0 2 25 71 114
244	0 3 25 95 114
245	0 6 27 69 116
246	0 3 26 62 116
247	0 6 26 87 116
248	0 3 35 82 116
249	0 6 27 91 115
250	0 3 32 76 113
251	0 3 14 66 115
252	0 2 26 82 115
253	0 6 35 83 114
254	0 1 9 56 113
255	0 1 8 85 115
256	0 3 9 72 115
257	0 4 19 79 115
258	0 6 23 83 116
259	0 1 8 44 115
260	0 6 32 88 116
261	0 1 32 81 115
262	0 5 17 77 114
263	0 1 19 65 116
264	0 2 25 93 113
265	0 6 9 72 115
266	0 2 27 59 116
267	0 7 25 83 116
268	0 3 31 94 115
269	0 2 32 85 114
270	0 4 19 67 116
271	0 5 34 83 114
272	0 7 26 88 115
273	0 1 19 79 114
274	0 4 24 83 115
275	0 1 26 56 115
276	0 5 34 91 113
277	0 1 29 86 116
278	0 2 33 94 114
279	0 5 35 92 116
280	0 1 15 57 113
281	0 7 35 92 117
282	0 7 34 85 116
283	0 5 28 89 112
284	0 1 15 87 116
285	0 6 25 81 119
286	0 1 31 94 115
287	0 6 35 86 113
288	0 6 32 81 117
289	0 2 7 41 115
290	0 7 31 82 116
291	0 4 14 62 115
292	0 7 48 71 116
293	0 6 33 93 116
294	0 6 18 86 113
295	0 6 31 93 116
296	0 1 34 77 115
297	0 2 33 84 113
298	0 6 34 89 116
299	0 7 27 64 116
300	0 4 27 81 113
301	0 1 30 83 116
302	0 2 24 71 113
303	0 7 37 84 116
304	0 1 32 75 114
305	0 5 32 84 115
306	0 1 46 88 115
307	0 1 8 47 115
308	0 3 25 72 113
309	0 1 16 89 115
310	0 1 32 81 116
311	0 0 34 81 115
312	0 2 15 58 115
313	0 7 32 52 115
314	0 6 29 82 116
315	0 7 44 87 115
316	0 7 35 87 117
317	0 2 9 81 117
318	0 6 31 74 113
319	0 1 22 76 117
320	0 1 18 74 112
321	0 3 35 86 114
322	0 6 28 91 115
323	0 2 19 86 113
324	0 2 31 81 116
325	0 3 29 87 117
326	0 1 30 84 115
327	0 6 33 93 113
328	0 6 19 78 117
329	0 1 8 85 115
330	0 2 30 71 116
331	0 2 9 43 117
332	0 7 36 87 114
333	0 4 19 71 115
334	0 1 9 53 114
335	0 2 29 76 116
336	0 3 26 84 113
337	0 7 35 86 114
338	0 5 24 43 115
339	0 4 9 67 114
340	0 1 19 88 114
341	0 4 35 86 115
342	0 6 35 92 115
343	0 7 32 73 113
344	0 6 33 93 114
345	0 2 12 74 118
346	0 2 23 42 114
347	0 5 14 83 115
348	0 3 17 74 115
349	0 1 33 81 116
350	0 1 30 79 116
351	0 1 8 63 119
352	0 4 35 94 115
353	0 6 21 65 121
354	0 1 23 82 117
355	0 1 9 81 119
356	0 2 8 56 116
357	0 4 27 91 114
358	0 1 11 76 116
359	0 1 9 59 115
360	0 5 27 82 115
361	0 1 34 91 113
362	0 4 34 86 117
363	0 1 22 87 115
364	0 1 7 81 119
365	0 1 62 86 121
366	0 1 24 82 113
367	0 7 12 68 122
368	0 4 22 92 117
369	0 4 29 79 115
370	0 1 25 81 118
371	0 1 26 76 116
372	0 2 9 41 112
373	0 2 9 63 115
374	0 3 26 88 115
375	0 1 21 66 116
376	0 1 8 57 116
377	0 1 21 94 114
378	0 2 21 79 115
379	0 3 23 89 115
380	0 4 34 82 115
381	0 3 25 76 116
382	0 1 30 49 114
383	0 2 9 62 117
384	0 2 17 78 115
385	0 6 17 66 114
386	0 8 30 76 114
387	0 1 65 95 113
388	0 2 11 86 116
389	0 2 8 69 115
390	0 6 37 63 115
391	0 7 21 82 123
392	0 1 9 65 122
393	0 0 19 67 118
394	0 1 24 71 116
395	0 1 26 67 116
396	0 7 24 82 116
397	0 3 23 91 118
398	0 4 11 69 117
399	0 2 8 69 114
400	0 3 27 75 113
401	0 0 22 92 115
402	0 5 24 91 114
403	0 4 26 55 115
404	0 1 27 53 112
405	0 3 11 78 124
406	0 6 21 76 119
407	0 6 18 88 115
408	0 7 36 89 114
409	0 4 25 92 115
410	0 6 21 72 115
411	0 5 22 48 116
412	0 7 28 81 113
413	0 2 21 83 115
414	0 4 11 78 114
415	0 7 36 86 114
416	0 1 7 79 114
417	0 6 30 85 116
418	0 2 28 76 114
419	0 2 29 88 116
420	0 7 22 85 115
421	0 2 25 84 113
422	0 3 21 87 114
423	0 4 33 77 115
424	0 1 13 84 115
425	0 2 26 89 114
426	0 2 9 39 117
427	0 6 35 89 115
428	0 7 30 81 121
429	0 2 32 95 116
430	0 1 11 52 114
431	0 3 9 55 117
432	0 6 17 87 113
433	0 6 36 89 117
434	0 3 27 86 113
435	0 1 11 83 115
436	0 0 21 86 122
437	0 6 29 66 112
438	0 6 41 82 118
439	0 2 9 85 118
440	0 2 29 68 116
441	0 5 9 78 114
442	0 5 29 75 115
443	0 6 31 76 115
444	0 4 22 85 113
445	0 2 12 75 118
446	0 1 16 66 114
447	0 2 27 64 115
448	0 2 32 74 116
449	0 5 17 71 113
450	0 6 25 59 114
451	0 5 19 59 117
452	0 2 28 79 114
453	0 7 34 71 116
454	0 6 23 86 115
455	0 2 31 88 115
456	0 4 26 63 113
457	0 6 21 77 115
458	0 2 18 61 114
459	0 3 24 86 116
460	0 1 27 68 115
461	0 2 15 56 116
462	0 1 25 77 116
463	0 5 35 91 113
464	0 1 13 84 115
465	0 1 32 96 113
466	0 5 29 83 116
467	0 7 34 84 115
468	0 6 27 76 114
469	0 2 29 69 114
470	0 3 27 88 116
471	0 1 21 69 113
472	0 6 23 89 115
473	0 1 24 67 115
474	0 6 27 93 113
475	0 4 16 58 117
476	0 3 32 76 114
477	0 2 17 77 113
478	0 6 36 87 115
479	0 4 48 95 115
480	0 6 33 84 113
481	0 1 25 82 115
482	0 1 19 46 116
483	0 1 26 82 113
484	0 1 24 75 115
485	0 1 16 56 116
486	0 1 36 78 111
487	0 1 28 86 117
488	0 1 7 66 115
489	0 2 45 84 114
490	0 1 9 85 114
491	0 6 62 83 115
492	0 4 30 88 114
493	0 4 14 72 114
494	0 1 33 69 116
495	0 1 31 49 115
496	0 3 29 88 114
497	0 1 8 52 117
498	0 7 35 74 113
499	0 4 11 76 114
500	0 1 35 85 116
501	0 2 17 62 113
502	0 3 17 77 116
503	0 1 31 79 115
504	0 1 22 68 113
505	0 5 26 89 114
506	0 0 16 72 115
507	0 6 55 91 111
508	0 2 9 57 120
509	0 1 34 84 118
510	0 1 29 88 118
511	0 3 29 92 113
512	0 1 11 85 115
513	0 2 21 79 114
514	0 5 24 88 117
515	0 4 18 78 114
516	0 6 27 89 119
517	0 3 17 85 119
518	0 3 20 58 116
519	0 3 9 87 119
520	0 1 8 47 115
521	0 3 8 77 115
522	0 1 33 96 115
523	0 2 36 86 116
524	0 2 32 81 116
525	0 7 57 95 113
526	0 1 22 63 116
527	0 3 35 79 116
528	0 2 19 86 114
529	0 0 32 88 114
530	0 4 31 84 112
531	0 5 28 82 118
532	0 6 21 75 114
533	0 7 23 79 116
534	0 1 22 82 115
535	0 2 15 63 115
536	0 3 8 44 115
537	0 5 18 75 114
538	0 6 28 86 114
539	0 1 16 58 115
540	0 5 15 84 115
541	0 3 23 75 114
542	0 1 9 71 115
543	0 3 9 58 116
544	0 4 33 85 114
545	0 1 32 84 116
546	0 1 14 71 117
547	0 6 35 85 116
548	0 1 9 87 116
549	0 3 9 45 116
550	0 2 26 76 114
551	0 4 27 91 114
552	0 1 29 94 118
553	0 4 22 77 112
554	0 1 9 49 116
555	0 2 35 81 114
556	0 1 9 44 117
557	0 3 34 82 117
558	0 2 24 94 114
559	0 5 26 81 114
560	0 1 27 81 116
561	0 1 25 76 113
562	0 6 16 78 113
563	0 1 19 88 115
564	0 4 26 88 115
565	0 6 62 76 116
566	0 6 9 69 117
567	0 2 57 92 117
568	0 6 26 58 118
569	0 1 8 73 116
570	0 3 39 91 116
571	0 6 34 87 114
572	0 1 44 84 115
573	0 3 22 81 115
574	0 1 14 78 113
575	0 2 15 77 115
576	0 7 25 93 115
577	0 2 26 91 116
578	0 1 28 89 113
579	0 1 12 57 117
580	0 6 25 88 114
581	0 1 13 91 114
582	0 5 46 85 114
583	0 3 26 85 115
584	0 1 25 85 117
585	0 1 13 45 114
586	0 1 24 89 116
587	0 2 24 79 115
588	0 6 16 36 115
589	0 1 18 76 115
590	0 2 6 57 114
591	0 1 8 92 117
592	0 2 8 53 113
593	0 1 24 88 116
594	0 2 37 88 115
595	0 2 9 36 114
596	0 3 24 73 115
597	0 3 17 91 114
598	0 5 37 78 115
599	0 0 12 78 114
600	0 6 32 84 120
601	0 2 28 82 112
602	0 3 12 56 116
603	0 6 26 87 114
604	0 1 29 87 112
605	0 5 17 71 115
606	0 7 24 87 118
607	0 1 27 83 114
608	0 2 14 73 114
609	0 5 35 71 114
610	0 7 41 85 115
611	0 7 36 93 113
612	0 1 19 78 114
613	0 6 25 75 115
614	0 6 22 79 116
615	0 6 35 84 116
616	0 5 35 82 117
617	0 1 24 83 114
618	0 2 19 89 119
619	0 3 27 91 118
620	0 1 21 88 116
621	0 6 19 74 118
622	0 2 10 55 115
623	0 2 24 84 115
624	0 4 22 63 115
625	0 2 11 86 117
626	0 1 14 34 114
627	0 1 26 73 113
628	0 2 26 76 115
629	0 4 9 76 115
630	0 2 23 86 115
631	0 1 23 85 115
632	0 1 8 45 115
633	0 3 24 92 120
634	0 7 37 79 113
635	0 2 26 74 118
636	0 4 30 87 114
637	0 2 35 87 113
638	0 7 29 78 112
639	0 1 15 61 114
640	0 4 33 86 116
641	0 5 17 63 115
642	0 1 18 91 114
643	0 1 8 78 115
644	0 3 24 91 120
645	0 1 7 69 114
646	0 4 15 88 113
647	0 1 26 65 114
648	0 3 18 48 114
649	0 1 30 75 113
650	0 2 21 89 114
651	0 1 24 87 114
652	0 1 23 56 114
653	0 3 28 66 116
654	0 2 29 77 116
655	0 0 36 86 116
656	0 2 14 79 117
657	0 7 27 85 118
658	0 1 7 64 119
659	0 5 26 88 115
660	0 5 25 75 116
661	0 5 21 67 121
662	0 2 9 42 119
663	0 3 25 82 117
664	0 4 14 68 114
665	0 7 18 87 123
666	0 6 35 69 116
667	0 3 24 76 115
668	0 4 22 55 116
669	0 4 24 85 115
670	0 1 17 72 116
671	0 1 9 59 116
672	0 6 22 69 114
673	0 0 21 85 114
674	0 2 25 88 115
675	0 1 24 76 114
676	0 4 15 65 122
677	0 2 34 81 115
678	0 6 31 87 116
679	0 1 44 93 114
680	0 7 25 76 116
681	0 6 7 77 115
682	0 2 21 76 115
683	0 1 18 88 115
684	0 2 26 71 116
685	0 3 34 87 115
686	0 1 19 85 113
687	0 1 22 74 115
688	0 4 26 69 116
689	0 3 24 96 114
690	0 1 9 63 117
691	0 1 8 47 115
692	0 5 33 94 117
693	0 0 20 83 114
694	0 2 30 89 116
695	0 4 35 86 116
696	0 1 13 75 114
697	0 1 9 83 115
698	0 6 27 91 116
699	0 6 35 86 112
700	0 6 21 87 114
701	0 5 25 81 115
702	0 5 29 84 116
703	0 4 67 94 113
704	0 2 27 87 116
705	0 3 19 68 115
706	0 1 29 67 115
707	0 1 17 79 115
708	0 1 27 94 116
709	0 2 35 84 116
710	0 6 23 84 114
711	0 3 24 84 113
712	0 6 33 79 116
713	0 1 19 79 113
714	0 1 14 88 116
715	0 1 35 91 115
716	0 2 35 82 114
717	0 1 26 84 119
718	0 2 25 95 115
719	0 1 15 69 114
720	0 2 27 53 114
721	0 1 35 92 114
722	0 1 12 84 115
723	0 3 29 85 113
724	0 2 16 95 117
725	0 6 34 84 114
726	0 8 29 83 116
727	0 2 27 79 113
728	0 4 24 82 116
729	0 4 26 78 115
730	0 2 35 88 114
731	0 1 25 75 115
732	0 2 22 89 115
733	0 3 23 79 115
734	0 6 14 81 114
735	0 3 33 81 115
736	0 1 28 92 113
737	0 6 45 86 117
738	0 3 18 77 118
739	0 2 13 65 118
740	0 1 28 71 116
741	0 1 9 87 121
742	0 2 26 63 113
743	0 6 33 86 115
744	0 1 24 88 115
745	0 3 23 75 115
746	0 5 31 74 115
747	0 1 28 76 114
748	0 2 26 73 114
749	0 2 35 85 115
750	0 1 9 93 116
751	0 4 9 81 115
752	0 6 25 88 112
753	0 1 25 77 115
754	0 4 24 81 117
755	0 1 36 78 113
756	0 6 19 62 117
757	0 1 33 57 114
758	0 3 18 69 116
759	0 0 30 85 117
760	0 4 21 91 118
761	0 5 13 82 115
762	0 3 23 85 114
763	0 6 26 63 115
764	0 1 22 68 115
765	0 2 25 94 113
766	0 2 19 79 116
767	0 1 8 67 113
768	0 6 33 84 115
769	0 5 49 88 118
770	0 6 27 93 116
771	0 5 22 72 115
772	0 1 13 59 115
773	0 0 8 75 115
774	0 7 21 87 113
775	0 1 12 63 116
776	0 3 8 67 114
777	0 7 33 73 115
778	0 2 25 71 118
779	0 5 9 83 115
780	0 2 36 81 115
781	0 6 27 48 115
782	0 4 28 72 114
783	0 3 9 58 115
784	0 2 12 76 116
785	0 5 26 82 116
786	0 1 8 81 115
787	0 2 18 54 116
788	0 1 23 94 115
789	0 6 24 82 113
790	0 1 24 79 125
791	0 2 12 69 117
792	0 6 24 79 115
793	0 2 26 82 119
794	0 1 9 85 117
795	0 2 12 73 115
796	0 8 32 84 117
797	0 3 36 96 114
798	0 6 9 85 114
799	0 4 20 76 114
800	0 2 35 86 116
801	0 4 11 91 119
802	0 2 7 68 116
803	0 1 9 55 114
804	0 1 28 81 114
805	0 1 12 95 115
806	0 2 9 36 114
807	0 1 8 72 116
808	0 1 7 55 120
809	0 1 8 46 114
810	0 6 36 76 115
811	0 3 23 72 115
812	0 7 26 87 115
813	0 1 9 76 116
814	0 5 19 51 118
815	0 1 12 79 116
816	0 3 23 87 114
817	0 2 21 79 115
818	0 1 7 72 114
819	0 1 24 78 115
820	0 6 36 83 114
821	0 2 9 85 115
822	0 0 9 93 117
823	0 1 22 68 115
824	0 7 36 85 113
825	0 2 23 78 114
826	0 1 36 86 120
827	0 5 9 58 117
828	0 1 15 66 114
829	0 1 34 88 114
830	0 5 35 74 114
831	0 7 24 84 113
832	0 1 22 74 115
833	0 5 57 86 117
834	0 5 21 75 115
835	0 3 22 85 116
836	0 6 37 74 113
837	0 6 46 93 115
838	0 6 25 54 114
839	0 4 32 85 116
840	0 5 25 93 113
841	0 4 22 69 116
842	0 7 14 66 115
843	0 1 32 88 113
844	0 5 16 94 116
845	0 5 18 77 115
846	0 5 25 94 113
847	0 1 21 83 115
848	0 2 27 83 114
849	0 1 19 86 115
850	0 1 27 89 116
851	0 4 29 97 113
852	0 1 8 57 116
853	0 3 13 57 113
854	0 3 16 72 114
855	0 1 26 83 114
856	0 6 32 89 116
857	0 1 14 37 116
858	0 1 24 78 115
859	0 5 24 65 120
860	0 7 36 82 116
861	0 3 15 78 117
862	0 7 11 83 118
863	0 5 26 74 114
864	0 1 21 41 119
865	0 1 7 49 118
866	0 4 22 62 120
867	0 3 21 93 116
868	0 4 24 83 116
869	0 3 23 78 115
870	0 2 26 94 114
871	0 2 21 76 115
872	0 3 34 82 115
873	0 5 24 86 115
874	0 3 23 89 115
875	0 5 19 77 115
876	0 2 9 79 115
877	0 1 17 39 113
878	0 2 35 88 118
879	0 6 35 82 112
880	0 3 17 34 121
881	0 6 26 87 120
882	0 4 9 78 116
883	0 2 12 63 117
884	0 1 9 38 113
885	0 7 29 88 117
886	0 6 34 86 113
887	0 1 35 89 112
888	0 1 35 89 117
889	0 3 36 82 115
890	0 1 8 81 115
891	0 0 11 66 118
892	0 2 8 37 118
893	0 6 35 84 117
894	0 1 28 88 116
895	0 1 7 59 115
896	0 1 14 42 116
897	0 2 17 83 115
898	0 6 29 82 114
899	0 6 23 88 115
900	0 1 22 82 115
901	0 2 8 84 118
902	0 2 29 93 114
903	0 5 9 66 115
904	0 4 35 78 114
905	0 6 35 77 114
906	0 7 22 86 116
907	0 7 34 68 113
908	0 6 23 73 115
909	0 6 21 79 116
910	0 7 33 89 115
911	0 4 11 68 116
912	0 5 33 91 112
913	0 4 30 78 116
914	0 1 30 92 115
915	0 1 9 76 115
916	0 1 32 74 118
917	0 4 28 84 115
918	0 1 22 82 118
919	0 6 33 93 118
920	0 1 34 89 115
921	0 6 26 83 117
922	0 2 25 86 119
923	0 1 34 82 115
924	0 6 12 56 115
925	0 1 18 89 113
926	0 2 25 83 114
927	0 1 13 53 116
928	0 5 21 82 114
929	0 3 8 78 113
930	0 6 34 53 116
931	0 3 26 94 113
932	0 3 8 77 116
933	0 1 67 86 118
934	0 3 24 76 117
935	0 1 9 46 113
936	0 1 29 91 115
937	0 5 34 95 113
938	0 4 32 79 115
939	0 1 30 82 113
940	0 6 36 88 115
941	0 1 31 67 116
942	0 7 38 84 115
943	0 1 22 83 115
944	0 6 36 82 118
945	0 6 23 93 116
946	0 6 29 87 114
947	0 6 45 88 113
948	0 4 26 78 115
949	0 1 34 83 116
950	0 2 33 76 114
951	0 1 23 67 119
952	0 1 25 87 114
953	0 3 26 59 115
954	0 1 31 74 115
955	0 6 29 84 115
956	0 7 26 85 113
957	0 4 9 67 118
958	0 1 9 51 115
959	0 3 32 69 114
960	0 5 34 94 116
961	0 6 64 97 115
962	0 5 28 93 116
963	0 6 29 83 113
964	0 4 25 86 114
965	0 2 29 79 116
966	0 2 14 72 114
967	0 3 33 76 117
968	0 4 26 91 113
969	0 7 35 92 114
970	0 1 27 91 116
971	0 2 31 63 113
972	0 1 12 85 115
973	0 6 24 92 116
974	0 3 23 85 115
975	0 2 38 84 114
976	0 1 32 74 116
977	0 1 38 89 115
978	0 7 31 91 115
979	0 4 35 87 115
980	0 5 34 86 116
981	0 6 46 89 113
982	0 1 29 83 115
983	0 2 34 91 114
984	0 1 33 83 115
985	0 1 28 57 116
986	0 1 19 94 116
987	0 4 35 94 115
988	0 7 32 76 112
989	0 1 9 84 116
990	0 4 9 83 116
991	0 4 23 92 114
992	0 1 13 63 119
993	0 6 15 75 118
994	0 1 16 49 119
995	0 7 21 77 116
996	0 6 21 94 117
997	0 4 9 43 120
998	0 3 9 82 116
999	0 3 27 72 115
1000	0 2 11 52 114
1001	0 7 19 82 118
1002	0 1 29 85 116
1003	0 2 28 75 116
1004	0 0 9 87 115
1005	0 2 7 52 121
1006	0 1 20 67 115
1007	0 6 29 82 115
1008	0 1 11 52 115
1009	0 5 31 77 115
1010	0 1 26 73 115
1011	0 6 34 89 114
1012	0 2 9 69 115
1013	0 2 35 81 114
1014	0 4 8 38 114
1015	0 1 25 45 118
1016	0 2 23 75 115
1017	0 5 34 84 116
1018	0 4 21 59 115
1019	0 1 19 83 115
1020	0 3 11 71 117
1021	0 5 30 57 116
1022	0 5 30 81 117
1023	0 3 22 82 114
1024	0 5 23 83 114
1025	0 1 28 93 113
1026	0 6 35 89 114
1027	0 5 31 92 117
1028	0 3 45 84 112
1029	0 4 9 36 115
1030	0 1 8 57 116
1031	0 1 8 37 114
1032	0 1 27 86 119
1033	0 4 9 63 116
1034	0 3 27 73 114
1035	0 2 7 43 114
1036	0 1 16 68 116
1037	0 1 13 79 114
1038	0 4 13 58 115
1039	0 1 9 48 121
1040	0 5 15 57 116
1041	0 2 29 87 117
1042	0 2 9 66 113
1043	0 5 19 72 116
1044	0 7 28 81 114
1045	0 6 27 73 118
1046	0 4 35 74 115
1047	0 3 28 96 113
1048	0 5 23 36 114
1049	0 3 26 88 116
1050	0 6 26 85 115
1051	0 7 32 66 121
1052	0 6 12 75 121
1053	0 3 29 92 116
1054	0 6 29 84 116
1055	0 2 12 59 117
1056	0 4 30 82 116
1057	0 1 8 35 122
1058	0 2 22 84 115
1059	0 1 21 75 115
1060	0 1 21 91 115
1061	0 2 11 94 117
1062	0 3 25 65 115
1063	0 4 29 89 116
1064	0 7 41 89 113
1065	0 1 28 89 120
1066	0 6 44 84 115
1067	0 6 44 81 117
1068	0 0 29 94 117
1069	0 5 24 81 115
1070	0 6 46 86 118
1071	0 1 27 87 117
1072	0 2 24 87 119
1073	0 1 18 37 117
1074	0 3 21 87 123
1075	0 5 19 62 114
1076	0 1 17 59 115
1077	0 4 11 73 115
1078	0 6 17 89 113
1079	0 3 14 64 116
1080	0 1 8 69 115
1081	0 4 24 81 115
1082	0 6 25 75 116
1083	0 6 13 74 113
1084	0 3 7 56 116
1085	0 3 23 85 112
1086	0 2 14 92 116
1087	0 5 29 93 115
1088	0 3 25 84 114
1089	0 1 9 41 119
1090	0 7 30 87 116
1091	0 2 9 89 116
1092	0 8 27 84 117
1093	0 2 9 53 114
1094	0 6 15 81 115
1095	0 1 25 82 112
1096	0 7 27 96 116
1097	0 1 9 92 115
1098	0 4 9 77 112
1099	0 1 33 85 115
1100	0 5 31 82 115
1101	0 5 28 62 114
1102	0 3 31 97 116
1103	0 2 24 79 114
1104	0 4 16 91 115
1105	0 1 11 67 112
1106	0 4 15 82 116
1107	0 1 8 83 114
1108	0 5 26 71 115
1109	0 2 18 73 126
1110	0 1 23 86 117
1111	0 7 39 84 114
1112	0 5 29 72 123
1113	0 2 8 68 114
1114	0 6 27 73 118
1115	0 7 27 74 121
1116	0 3 26 75 116
1117	0 3 9 83 121
1118	0 1 8 36 114
1119	0 7 23 86 115
1120	0 2 17 77 116
1121	0 4 23 84 113
1122	0 1 24 85 115
1123	0 1 32 95 115
1124	0 2 12 59 116
1125	0 5 29 81 115
1126	0 3 28 88 114
1127	0 2 9 75 118
1128	0 6 28 86 115
1129	0 3 11 68 115
1130	0 2 23 78 111
1131	0 2 14 97 115
1132	0 3 18 89 115
1133	0 1 21 65 113
1134	0 2 34 89 112
1135	0 6 52 93 115
1136	0 1 11 72 114
1137	0 1 33 79 114
1138	0 1 8 41 117
1139	0 1 23 51 114
1140	0 8 32 85 114
1141	0 2 26 88 119
1142	0 7 41 84 122
1143	0 1 9 73 114
1144	0 3 19 67 114
1145	0 1 24 77 113
1146	0 6 37 84 116
1147	0 3 21 84 113
1148	0 2 21 83 114
1149	0 1 17 73 115
1150	0 3 11 71 114
1151	0 3 21 87 114
1152	0 2 12 95 115
1153	0 1 14 72 112
1154	0 6 34 88 115
1155	0 3 27 93 113
1156	0 2 13 79 119
1157	0 7 35 94 112
1158	0 1 37 81 114
1159	0 1 25 84 115
1160	0 4 35 91 116
1161	0 1 8 76 114
1162	0 4 14 93 117
1163	0 5 13 76 121
1164	0 7 32 86 119
1165	0 3 8 79 116
1166	0 1 17 69 113
1167	0 1 9 86 114
1168	0 4 27 85 113
1169	0 3 29 89 115
1170	0 4 21 73 114
1171	0 6 25 78 115
1172	0 7 25 71 112
1173	0 1 29 76 114
1174	0 1 26 81 121
1175	0 6 49 86 114
1176	0 2 19 59 119
1177	0 2 9 71 119
1178	0 1 16 52 115
1179	0 6 33 88 115
1180	0 3 14 86 114
1181	0 2 12 92 116
1182	0 1 25 79 114
1183	0 6 31 88 115
1184	0 3 23 83 114
1185	0 1 33 92 114
1186	0 3 26 83 116
1187	0 6 32 88 113
1188	0 1 25 88 111
1189	0 4 23 76 115
1190	0 6 24 86 114
1191	0 6 34 88 113
1192	0 6 34 84 115
1193	0 2 33 87 115
1194	0 1 21 82 116
1195	0 3 27 99 113
1196	0 5 28 88 113
1197	0 4 27 77 116
1198	0 2 27 85 112
1199	0 3 21 77 115
1200	0 2 31 82 115
1201	0 1 29 84 113
1202	0 5 26 67 113
1203	0 5 33 84 114
1204	0 7 33 82 114
1205	0 7 29 87 115
1206	0 1 9 69 114
1207	0 5 7 76 114
1208	0 1 9 93 113
1209	0 4 21 73 117
1210	0 1 28 64 114
1211	0 3 7 77 115
1212	0 1 29 74 111
1213	0 1 30 85 116
1214	0 3 9 75 113
1215	0 4 19 73 115
1216	0 1 12 66 112
1217	0 5 17 47 112
1218	0 1 13 83 114
1219	0 6 34 92 115
1220	0 5 14 53 114
1221	0 6 29 73 113
1222	0 7 34 85 116
1223	0 6 19 91 114
1224	0 1 11 55 123
1225	0 3 32 73 113
1226	0 6 54 94 114
1227	0 1 42 94 117
1228	0 5 12 59 116
1229	0 3 29 76 121
1230	0 7 36 91 114
1231	0 4 11 58 112
1232	0 4 26 73 115
1233	0 7 35 87 113
1234	0 1 12 91 114
1235	0 3 28 83 113
1236	0 1 15 51 117
1237	0 5 21 51 122
1238	0 6 25 94 116
1239	0 5 22 71 112
1240	0 6 14 66 118
1241	0 1 35 76 120
1242	0 4 35 84 117
1243	0 3 34 81 115
1244	0 8 37 95 115
1245	0 1 9 51 117
1246	0 2 21 68 115
1247	0 1 7 87 116
1248	0 3 13 85 113
1249	0 3 8 77 115
1250	0 2 27 87 115
1251	0 5 12 74 115
1252	0 1 26 74 114
1253	0 6 39 82 114
1254	0 7 22 73 116
1255	0 2 19 65 114
1256	0 3 44 96 114
1257	0 1 8 88 115
1258	0 6 28 91 116
1259	0 1 7 82 116
1260	0 7 21 66 117
1261	0 4 35 92 114
1262	0 2 25 88 120
1263	0 4 15 81 117
1264	0 1 12 67 114
1265	0 7 35 81 115
1266	0 1 26 97 115
1267	0 1 25 82 115
1268	0 1 17 77 116
1269	0 1 22 94 114
1270	0 2 24 65 114
1271	0 1 21 52 113
1272	0 1 36 88 114
1273	0 7 29 91 114
1274	0 2 24 74 116
1275	0 6 22 86 113
1276	0 2 17 85 115
1277	0 1 11 75 116
1278	0 2 23 94 115
1279	0 2 21 87 113
1280	0 1 16 78 115
1281	0 4 32 73 113
1282	0 2 21 72 115
1283	0 8 36 81 115
1284	0 2 26 79 115
1285	0 6 18 83 114
1286	0 6 29 86 116
1287	0 2 22 76 114
1288	0 6 29 85 114
1289	0 7 26 74 117
1290	0 3 8 76 115
1291	0 1 8 89 116
1292	0 3 17 66 115
1293	0 1 35 91 115
1294	0 7 22 87 116
1295	0 4 28 85 115
1296	0 2 8 85 118
1297	0 1 9 78 114
1298	0 1 17 68 114
1299	0 7 29 73 116
1300	0 1 23 74 117
1301	0 2 29 79 120
1302	0 2 20 75 116
1303	0 3 22 91 121
1304	0 3 34 83 120
1305	0 6 14 56 118
1306	0 2 13 91 118
1307	0 1 8 86 117
1308	0 3 31 95 115
1309	0 1 18 44 117
1310	0 1 12 74 115
1311	0 5 38 78 115
1312	0 1 35 83 114
1313	0 1 9 73 117
1314	0 2 12 82 114
1315	0 2 17 61 114
1316	0 3 21 82 114
1317	0 1 13 75 115
1318	0 5 13 83 116
1319	0 7 21 73 114
1320	0 3 29 84 113
1321	0 1 8 81 116
1322	0 6 25 83 116
1323	0 3 9 35 111
1324	0 0 23 87 114
1325	0 1 26 89 116
1326	0 1 31 71 117
1327	0 6 32 88 116
1328	0 6 37 83 116
1329	0 1 27 77 114
1330	0 3 26 92 114
1331	0 1 9 82 113
1332	0 6 36 77 118
1333	0 1 33 81 112
1334	0 1 33 83 115
1335	0 8 18 67 115
1336	0 4 30 65 116
1337	0 1 9 88 115
1338	0 5 33 92 113
1339	0 6 56 89 118
1340	0 1 9 48 114
1341	0 4 28 75 116
1342	0 5 29 95 114
1343	0 6 26 85 113
1344	0 4 36 74 116
1345	0 2 21 86 114
1346	0 4 30 84 114
1347	0 3 33 88 116
1348	0 5 21 83 115
1349	0 2 34 93 115
1350	0 6 37 83 115
1351	0 7 35 95 115
1352	0 1 27 75 113
1353	0 1 16 62 114
1354	0 6 29 93 113
1355	0 3 26 84 115
1356	0 2 13 75 113
1357	0 7 34 88 115
1358	0 2 22 86 116
1359	0 2 26 91 115
1360	0 5 33 73 114
1361	0 5 36 92 113
1362	0 1 8 94 114
1363	0 7 18 91 114
1364	0 3 35 88 116
1365	0 1 16 78 116
1366	0 1 8 82 115
1367	0 2 32 78 117
1368	0 2 26 74 113
1369	0 3 27 97 116
1370	0 1 33 66 113
1371	0 5 22 82 118
1372	0 2 24 94 117
1373	0 5 29 89 120
1374	0 2 24 85 118
1375	0 2 18 79 115
1376	0 0 23 57 116
1377	0 6 16 69 115
1378	0 4 61 91 116
1379	0 1 11 63 115
1380	0 7 34 91 114
1381	0 2 9 77 116
1382	0 2 31 89 114
1383	0 1 14 81 114
1384	0 7 36 92 116
1385	0 5 7 83 118
1386	0 6 31 86 117
1387	0 2 31 72 116
1388	0 3 9 79 116
1389	0 4 29 86 117
1390	0 6 22 72 114
1391	0 1 25 66 117
1392	0 3 34 87 112
1393	0 7 26 84 116
1394	0 1 33 87 116
1395	0 7 34 86 112
1396	0 6 35 87 115
1397	0 6 17 73 117
1398	0 7 34 83 121
1399	0 2 22 64 116
1400	0 6 28 81 118
1401	0 6 37 93 119
1402	0 6 47 88 113
1403	0 3 26 84 118
1404	0 2 8 68 116
1405	0 6 21 89 115
1406	0 3 26 82 113
1407	0 2 16 88 118
1408	0 5 19 74 111
1409	0 5 32 87 115
1410	0 2 22 92 118
1411	0 2 20 77 116
1412	0 0 9 77 113
1413	0 5 22 83 116
1414	0 0 25 93 113
1415	0 6 27 89 115
1416	0 7 29 82 114
1417	0 5 32 61 115
1418	0 1 31 83 114
1419	0 6 17 75 115
1420	0 4 31 74 116
1421	0 0 32 92 114
1422	0 2 9 73 117
1423	0 2 13 89 113
1424	0 6 19 83 113
1425	0 7 34 85 116
1426	0 3 28 85 114
1427	0 6 29 95 117
1428	0 4 33 99 117
1429	0 1 32 87 113
1430	0 3 36 89 114
1431	0 1 7 91 116
1432	0 2 14 87 117
1433	0 1 16 85 116
1434	0 2 14 76 114
1435	0 1 12 88 116
1436	0 6 26 77 115
1437	0 3 23 93 113
1438	0 4 26 82 115
1439	0 4 29 93 117
1440	0 5 30 82 114
1441	0 1 14 35 114
1442	0 1 37 91 114
1443	0 1 23 75 114
1444	0 4 14 88 115
1445	0 0 30 78 113
1446	0 6 29 86 116
1447	0 4 34 86 118
1448	0 1 30 85 116
1449	0 2 23 82 118
1450	0 6 32 87 116
1451	0 1 29 93 114
1452	0 4 33 94 119
1453	0 3 30 78 118
1454	0 7 17 81 115
1455	0 2 18 82 117
1456	0 1 13 84 114
1457	0 6 33 68 116
1458	0 4 24 83 113
1459	0 5 38 93 115
1460	0 4 22 82 112
1461	0 4 23 81 116
1462	0 1 23 81 116
1463	0 2 27 87 115
1464	0 3 9 83 115
1465	0 1 9 87 117
1466	0 1 9 67 115
1467	0 1 8 34 114
1468	0 2 26 92 115
1469	0 3 14 51 113
1470	0 1 7 91 119
1471	0 3 27 78 113
1472	0 2 34 91 115
1473	0 2 14 59 114
1474	0 5 22 87 115
1475	0 3 25 87 114
1476	0 1 33 84 117
1477	0 2 16 79 116
1478	0 1 31 88 113
1479	0 0 16 79 115
1480	0 3 26 88 117
1481	0 1 9 88 113
1482	0 6 12 82 115
1483	0 2 8 76 117
1484	0 4 32 81 115
1485	0 3 32 85 115
1486	0 1 31 88 116
1487	0 6 33 78 114
1488	0 1 33 82 113
1489	0 6 32 78 118
1490	0 6 35 73 112
1491	0 7 34 74 116
1492	0 4 29 84 115
1493	0 3 17 82 115
1494	0 6 27 74 114
1495	0 6 33 84 115
1496	0 3 14 77 112
1497	0 1 28 86 115
1498	0 2 22 74 115
1499	0 4 61 88 115
1500	0 2 25 77 112
1501	0 4 30 81 114
1502	0 1 28 92 113
1503	0 6 34 81 116
1504	0 7 30 89 115
1505	0 3 31 84 116
1506	0 1 27 89 115
1507	0 3 29 92 113
1508	0 3 31 93 118
1509	0 3 34 84 116
1510	0 2 30 92 118
1511	0 5 24 75 116
1512	0 4 37 94 126
1513	0 3 24 81 117
1514	0 5 28 85 111
1515	0 6 36 84 117
1516	0 6 25 77 113
1517	0 2 31 77 116
1518	0 1 14 63 115
1519	0 1 18 86 116
1520	0 5 22 88 116
1521	0 0 19 89 115
1522	0 4 55 94 120
1523	0 2 19 57 114
1524	0 2 23 84 115
1525	0 6 25 87 113
1526	0 1 36 86 116
1527	0 1 9 52 116
1528	0 6 34 88 114
1529	0 2 16 65 114
1530	0 2 32 81 119
1531	0 4 19 72 114
1532	0 6 34 75 117
1533	0 4 31 81 114
1534	0 5 22 86 115
1535	0 4 23 71 113
1536	0 4 13 63 116
1537	0 2 9 35 114
1538	0 7 32 59 116
1539	0 1 18 65 113
1540	0 3 12 91 114
1541	0 3 37 85 117
1542	0 1 13 85 114
1543	0 1 37 94 114
1544	0 2 19 72 114
1545	0 3 34 87 116
1546	0 3 9 35 112
1547	0 3 29 78 116
1548	0 1 13 49 115
1549	0 7 15 73 114
1550	0 3 16 93 115
1551	0 1 8 52 116
1552	0 3 13 48 114
1553	0 1 8 55 117
1554	0 6 34 89 114
1555	0 1 8 44 114
1556	0 2 18 76 115
1557	0 1 8 53 114
1558	0 2 23 88 113
1559	0 1 36 79 116
1560	0 6 12 65 114
1561	0 5 27 55 112
1562	0 2 18 91 114
1563	0 0 25 84 115
1564	0 1 24 95 114
1565	0 1 26 89 115
1566	0 1 38 76 115
1567	0 2 37 83 114
1568	0 6 25 80 115
1569	0 7 34 96 114
1570	0 7 25 97 115
1571	0 2 24 85 116
1572	0 2 8 62 121
1573	0 1 26 59 116
1574	0 4 24 76 114
1575	0 3 34 87 115
1576	0 2 25 76 115
1577	0 3 19 89 114
1578	0 1 15 79 112
1579	0 1 9 55 114
1580	0 5 35 91 114
1581	0 1 7 54 114
1582	0 6 8 87 115
1583	0 7 26 71 117
1584	0 2 25 82 113
1585	0 1 9 67 115
1586	0 6 29 79 113
1587	0 2 22 83 116
1588	0 6 14 76 114
1589	0 1 9 51 117
1590	0 7 29 85 112
1591	0 6 36 85 114
1592	0 1 21 74 116
1593	0 6 46 92 118
1594	0 6 65 92 117
1595	0 6 17 69 113
1596	0 5 38 81 113
1597	0 7 35 87 116
1598	0 4 19 77 117
1599	0 1 9 55 112
1600	0 1 33 83 116
1601	0 2 8 68 113
1602	0 1 9 49 115
1603	0 7 29 82 115
1604	0 4 9 46 113
1605	0 2 21 76 115
1606	0 3 8 67 116
1607	0 3 20 87 114
1608	0 4 22 78 117
1609	0 6 46 87 113
1610	0 1 19 81 114
1611	0 3 23 86 120
1612	0 1 25 85 114
1613	0 1 19 84 117
1614	0 1 28 77 117
1615	0 4 12 74 112
1616	0 7 36 85 115
1617	0 1 25 66 117
1618	0 1 26 78 117
1619	0 2 35 74 115
1620	0 1 8 59 116
1621	0 7 35 75 113
1622	0 2 18 36 116
1623	0 4 11 61 115
1624	0 1 17 63 116
1625	0 1 29 73 117
1626	0 5 28 83 121
1627	0 6 11 86 114
1628	0 3 28 86 114
1629	0 6 19 74 116
1630	0 1 19 81 115
1631	0 1 21 87 112
1632	0 1 12 85 120
1633	0 2 13 76 116
1634	0 7 29 79 115
1635	0 3 8 84 113
1636	0 5 19 58 115
1637	0 3 24 56 117
1638	0 1 25 77 118
1639	0 7 54 84 115
1640	0 7 35 72 117
1641	0 6 11 82 116
1642	0 7 35 81 115
1643	0 4 25 69 116
1644	0 3 25 62 116
1645	0 7 37 93 116
1646	0 1 34 71 116
1647	0 1 22 93 115
1648	0 6 41 87 118
1649	0 7 24 91 112
1650	0 1 7 74 118
1651	0 3 20 83 116
1652	0 5 25 75 118
1653	0 4 26 77 120
1654	0 6 25 68 114
1655	0 1 15 78 114
1656	0 6 20 75 116
1657	0 6 32 78 116
1658	0 0 9 79 112
1659	0 2 35 69 118
1660	0 5 35 68 117
1661	0 1 14 36 117
1662	0 0 36 97 115
1663	0 6 23 73 112
1664	0 1 27 95 115
1665	0 3 20 48 116
1666	0 1 10 75 117
1667	0 1 17 85 115
1668	0 1 8 59 113
1669	0 4 28 89 116
1670	0 5 27 64 119
1671	0 2 9 51 117
1672	0 3 19 75 113
1673	0 2 9 75 115
1674	0 6 24 72 113
1675	0 1 37 92 115
1676	0 5 26 93 116
1677	0 1 22 78 113
1678	0 0 21 85 115
1679	0 6 35 93 116
1680	0 2 16 53 114
1681	0 1 11 55 114
1682	0 7 45 91 119
1683	0 2 16 51 117
1684	0 8 43 62 112
1685	0 3 9 78 116
1686	0 3 24 80 115
1687	0 0 36 77 121
1688	0 2 19 76 117
1689	0 1 9 88 115
1690	0 2 11 59 118
1691	0 6 36 86 117
1692	0 4 22 76 113
1693	0 6 27 69 116
1694	0 1 34 93 115
1695	0 7 45 91 115
1696	0 1 8 68 113
1697	0 1 21 88 118
1698	0 6 35 85 114
1699	0 4 31 89 115
1700	0 5 19 94 116
1701	0 4 33 89 113
1702	0 3 26 88 116
1703	0 3 7 79 117
1704	0 2 14 84 115
1705	0 1 23 72 115
1706	0 6 35 85 114
1707	0 5 23 77 113
1708	0 1 17 55 115
1709	0 2 23 96 117
1710	0 1 35 95 114
1711	0 2 35 88 113
1712	0 3 22 82 115
1713	0 2 13 89 117
1714	0 1 24 87 113
1715	0 4 9 37 114
1716	0 6 22 75 128
1717	0 2 7 57 117
1718	0 7 31 88 114
1719	0 3 31 77 114
1720	0 3 18 73 113
1721	0 6 33 89 115
1722	0 1 18 87 116
1723	0 0 8 89 113
1724	0 3 26 92 116
1725	0 3 21 69 117
1726	0 4 35 92 114
1727	0 1 13 67 113
1728	0 2 22 72 116
1729	0 5 13 37 113
1730	0 4 22 66 117
1731	0 6 33 94 114
1732	0 7 33 87 115
1733	0 5 22 84 121
1734	0 5 34 91 114
1735	0 2 16 74 116
1736	0 6 24 62 116
1737	0 7 20 74 115
1738	0 5 21 73 117
1739	0 4 26 80 117
1740	0 2 26 87 117
1741	0 5 25 86 115
1742	0 5 24 86 116
1743	0 1 9 93 116
1744	0 4 16 81 114
1745	0 6 49 90 113
1746	0 1 29 89 116
1747	0 5 18 87 113
1748	0 2 11 46 119
1749	0 4 16 87 113
1750	0 1 19 77 115
1751	0 1 19 84 114
1752	0 6 23 87 116
1753	0 3 26 86 114
1754	0 5 12 75 116
1755	0 3 27 81 115
1756	0 0 30 87 114
1757	0 7 22 96 117
1758	0 2 8 88 117
1759	0 2 21 53 115
1760	0 1 22 87 114
1761	0 6 27 71 118
1762	0 7 24 83 118
1763	0 1 18 69 114
1764	0 4 26 89 115
1765	0 1 16 49 118
1766	0 6 33 88 114
1767	0 1 11 69 117
1768	0 6 25 77 112
1769	0 1 33 79 117
1770	0 6 15 79 112
1771	0 5 22 76 115
1772	0 2 13 56 114
1773	0 1 28 84 114
1774	0 2 8 85 117
1775	0 5 29 62 116
1776	0 2 9 64 111
1777	0 1 9 78 116
1778	0 1 11 75 116
1779	0 6 23 93 113
1780	0 7 34 86 113
1781	0 2 9 53 115
1782	0 2 13 93 116
1783	0 5 35 85 120
1784	0 5 11 92 115
1785	0 1 13 73 113
1786	0 1 27 82 116
1787	0 4 26 78 117
1788	0 3 28 93 115
1789	0 4 8 88 112
1790	0 3 16 71 116
1791	0 2 21 76 112
1792	0 4 8 41 118
1793	0 1 25 79 114
1794	0 6 42 84 114
1795	0 1 14 73 116
1796	0 6 9 91 114
1797	0 2 19 91 119
1798	0 4 36 88 117
1799	0 1 17 86 115
1800	0 6 22 77 115
1801	0 2 22 67 114
1802	0 2 29 83 113
1803	0 2 8 32 114
1804	0 7 15 43 121
1805	0 3 16 77 114
1806	0 1 24 66 114
1807	0 3 24 77 115
1808	0 1 27 77 120
1809	0 2 9 48 117
1810	0 3 15 78 113
1811	0 7 26 84 115
1812	0 4 22 86 111
1813	0 6 36 79 116
1814	0 2 17 65 114
1815	0 1 8 76 115
1816	0 1 25 92 120
1817	0 7 26 79 117
1818	0 3 21 85 117
1819	0 1 8 49 114
1820	0 3 8 68 115
1821	0 5 37 92 113
1822	0 2 26 83 115
1823	0 1 8 71 116
1824	0 1 22 83 113
1825	0 6 36 84 116
1826	0 1 20 82 113
1827	0 1 35 88 113
1828	0 4 14 55 119
1829	0 6 21 82 116
1830	0 7 35 79 114
1831	0 2 8 57 116
1832	0 4 13 75 115
1833	0 3 35 87 114
1834	0 3 27 88 114
1835	0 7 34 95 116
1836	0 4 22 98 113
1837	0 5 44 89 114
1838	0 1 32 76 114
1839	0 2 9 53 116
1840	0 1 26 87 114
1841	0 7 21 83 118
1842	0 3 28 89 114
1843	0 3 32 81 117
1844	0 4 34 79 113
1845	0 3 30 68 115
1846	0 3 30 74 114
1847	0 0 24 76 116
1848	0 1 8 47 115
1849	0 7 56 84 115
1850	0 2 33 86 114
1851	0 6 34 95 114
1852	0 2 35 75 115
1853	0 1 35 94 115
1854	0 6 37 84 118
1855	0 1 27 86 116
1856	0 5 24 77 113
1857	0 1 8 67 118
1858	0 4 14 77 113
1859	0 6 27 93 114
1860	0 1 16 92 117
1861	0 6 37 89 115
1862	0 1 35 87 116
1863	0 5 27 86 117
1864	0 7 14 72 113
1865	0 5 16 84 115
1866	0 6 21 78 114
1867	0 7 53 89 113
1868	0 6 20 75 116
1869	0 1 8 89 114
1870	0 3 9 86 114
1871	0 1 9 71 114
1872	0 6 27 94 112
1873	0 1 36 93 116
1874	0 4 20 89 113
1875	0 1 8 53 119
1876	0 6 22 68 115
1877	0 7 32 86 117
1878	0 3 24 77 113
1879	0 6 35 84 117
1880	0 3 38 82 118
1881	0 7 26 86 119
1882	0 3 18 84 114
1883	0 2 20 85 116
1884	0 4 22 51 116
1885	0 4 17 89 117
1886	0 6 24 91 115
1887	0 3 12 84 115
1888	0 1 20 85 113
1889	0 7 34 83 116
1890	0 4 20 87 112
1891	0 2 8 89 116
1892	0 5 19 83 114
1893	0 1 19 71 115
1894	0 1 24 82 116
1895	0 6 34 79 116
1896	0 1 21 75 116
1897	0 2 18 68 114
1898	0 6 18 79 115
1899	0 2 32 75 117
1900	0 4 17 35 116
1901	0 8 34 78 119
1902	0 7 28 83 118
1903	0 2 11 74 117
1904	0 6 35 95 116
1905	0 1 25 82 115
1906	0 3 27 75 113
1907	0 3 21 75 117
1908	0 5 24 86 114
1909	0 4 18 78 116
1910	0 1 33 75 114
1911	0 5 24 87 113
1912	0 5 28 91 118
1913	0 6 28 75 116
1914	0 4 35 83 117
1915	0 6 37 89 112
1916	0 3 17 82 115
1917	0 7 36 94 114
1918	0 3 21 44 125
1919	0 5 28 83 115
1920	0 6 26 87 115
1921	0 6 24 83 115
1922	0 4 26 87 115
1923	0 7 21 83 113
1924	0 3 28 88 116
1925	0 2 20 81 115
1926	0 1 32 86 113
1927	0 1 22 77 116
1928	0 1 35 78 113
1929	0 3 9 49 115
1930	0 6 21 71 113
1931	0 1 13 49 116
1932	0 7 24 94 114
1933	0 6 52 89 113
1934	0 7 24 83 116
1935	0 1 25 85 123
1936	0 1 30 92 115
1937	0 2 25 79 115
1938	0 2 7 82 115
1939	0 1 21 79 115
1940	0 7 32 79 115
1941	0 1 9 48 114
1942	0 2 8 86 116
1943	0 1 8 69 116
1944	0 2 27 74 116
1945	0 2 28 92 113
1946	0 5 12 81 115
1947	0 4 17 41 118
1948	0 7 43 94 121
1949	0 2 24 52 115
1950	0 7 39 78 113
1951	0 5 26 72 120
1952	0 1 23 71 115
1953	0 6 26 81 120
1954	0 1 29 81 118
1955	0 1 26 88 114
1956	0 6 35 85 117
1957	0 5 26 86 114
1958	0 2 16 86 114
1959	0 6 34 76 114
1960	0 6 34 77 115
1961	0 1 7 54 118
1962	0 0 35 78 114
1963	0 1 26 93 117
1964	0 5 21 66 117
1965	0 4 25 85 119
1966	0 5 11 75 117
1967	0 1 13 84 118
1968	0 1 17 65 116
1969	0 7 25 81 115
1970	0 6 17 82 117
1971	0 1 11 84 117
1972	0 5 23 87 117
1973	0 1 35 84 119
1974	0 7 20 88 117
1975	0 1 13 71 114
1976	0 1 26 95 113
1977	0 1 21 54 116
1978	0 1 29 96 117
1979	0 3 27 84 113
1980	0 7 30 86 116
1981	0 7 34 89 115
1982	0 2 26 89 115
1983	0 4 34 88 112
1984	0 3 30 85 114
1985	0 6 18 73 116
1986	0 3 9 85 115
1987	0 0 29 88 114
1988	0 4 9 48 116
1989	0 1 23 48 114
1990	0 6 26 85 117
1991	0 7 45 81 113
1992	0 2 34 76 116
1993	0 2 15 43 114
1994	0 6 34 89 118
1995	0 1 27 77 113
1996	0 7 34 92 116
1997	0 1 28 79 113
1998	0 1 29 72 117
1999	0 4 28 69 112
2000	0 7 37 78 117
2001	0 6 21 92 113
2002	0 6 36 87 114
2003	0 1 25 85 116
2004	0 1 8 78 115
2005	0 1 15 53 123
2006	0 5 14 69 114
2007	0 7 36 84 115
2008	0 2 20 79 114
2009	0 1 19 83 114
2010	0 1 34 88 118
2011	0 3 25 82 117
2012	0 4 9 91 114
2013	0 1 8 75 116
2014	0 6 36 94 112
2015	0 2 33 93 115
2016	0 2 11 59 115
2017	0 1 13 74 112
2018	0 7 31 92 117
2019	0 6 32 96 112
2020	0 2 7 81 116
2021	0 1 29 83 123
2022	0 1 10 77 112
2023	0 4 17 73 115
2024	0 6 25 84 115
2025	0 2 18 84 118
2026	0 5 27 84 122
2027	0 5 25 89 113
2028	0 2 12 88 124
2029	0 1 34 91 116
2030	0 7 34 85 114
2031	0 3 25 87 116
2032	0 4 23 72 117
2033	0 1 32 86 114
2034	0 3 34 89 114
2035	0 1 35 92 113
2036	0 2 9 53 114
2037	0 5 36 78 114
2038	0 2 21 77 115
2039	0 1 19 81 116
2040	0 4 36 79 118
2041	0 5 8 68 120
2042	0 3 23 75 117
2043	0 1 9 86 122
2044	0 1 28 66 117
2045	0 1 32 75 117
2046	0 4 24 66 114
2047	0 5 19 53 117
2048	0 1 27 82 112
2049	0 7 34 78 117
2050	0 1 8 55 113
2051	0 6 66 89 116
2052	0 5 21 85 111
2053	0 0 29 86 117
2054	0 6 16 84 114
2055	0 7 35 85 114
2056	0 1 24 82 115
2057	0 6 31 75 115
2058	0 1 34 88 116
2059	0 5 19 74 115
2060	0 2 44 87 111
2061	0 7 37 96 116
2062	0 6 33 95 114
2063	0 4 18 87 116
2064	0 3 9 78 113
2065	0 0 11 58 115
2066	0 6 39 86 117
2067	0 3 21 39 114
2068	0 6 30 89 114
2069	0 1 29 93 116
2070	0 3 37 97 113
2071	0 6 27 89 116
2072	0 2 33 86 113
2073	0 7 18 85 115
2074	0 1 15 89 116
2075	0 1 6 64 114
2076	0 5 35 81 112
2077	0 1 14 77 117
2078	0 8 25 53 113
2079	0 5 23 73 118
2080	0 1 8 77 114
2081	0 2 11 91 116
2082	0 1 34 85 114
2083	0 1 9 71 115
2084	0 7 25 84 118
2085	0 0 25 84 112
2086	0 5 34 88 115
2087	0 2 29 74 115
2088	0 2 26 88 115
2089	0 0 9 81 114
2090	0 1 28 88 113
2091	0 6 43 91 116
2092	0 6 29 88 113
2093	0 7 34 96 113
2094	0 1 31 81 115
2095	0 6 29 87 115
2096	0 3 23 86 116
2097	0 6 31 83 114
2098	0 0 34 81 114
2099	0 1 29 84 114
2100	0 1 32 84 118
2101	0 1 31 87 115
2102	0 4 11 89 114
2103	0 4 23 84 116
2104	0 6 35 94 113
2105	0 6 13 77 113
2106	0 7 21 85 115
2107	0 6 22 77 115
2108	0 4 34 89 114
2109	0 3 12 91 119
2110	0 3 9 78 116
2111	0 7 35 94 116
2112	0 1 28 78 122
2113	0 1 11 84 118
2114	0 2 35 88 115
2115	0 3 34 93 115
2116	0 1 31 89 123
2117	0 3 9 65 119
2118	0 0 29 84 118
2119	0 0 28 87 120
2120	0 6 35 91 116
2121	0 1 7 68 114
2122	0 1 26 71 118
2123	0 4 17 67 115
2124	0 1 11 35 115
2125	0 5 21 71 116
2126	0 4 22 74 117
2127	0 1 31 87 113
2128	0 1 8 76 113
2129	0 3 34 96 115
2130	0 2 27 79 116
2131	0 2 9 81 115
2132	0 2 8 57 115
2133	0 1 23 87 113
2134	0 1 24 84 129
2135	0 2 8 38 116
2136	0 1 22 83 118
2137	0 1 7 35 115
2138	0 7 37 94 115
2139	0 3 34 68 115
2140	0 6 19 75 117
2141	0 2 26 78 117
2142	0 3 25 75 113
2143	0 1 35 77 121
2144	0 2 22 82 119
2145	0 1 24 76 116
2146	0 2 31 93 115
2147	0 1 8 91 118
2148	0 6 26 89 116
2149	0 2 34 81 115
2150	0 6 28 86 113
2151	0 4 32 74 114
2152	0 1 35 79 121
2153	0 1 8 69 116
2154	0 2 15 39 114
2155	0 3 12 56 118
2156	0 6 34 92 116
2157	0 6 26 76 117
2158	0 2 23 68 117
2159	0 5 16 81 118
2160	0 1 32 66 119
2161	0 2 8 74 115
2162	0 5 29 94 116
2163	0 1 11 63 114
2164	0 1 31 86 115
2165	0 6 34 94 113
2166	0 7 19 64 115
2167	0 1 16 56 115
2168	0 2 17 41 115
2169	0 1 23 78 115
2170	0 4 36 93 117
2171	0 5 30 93 113
2172	0 5 15 62 112
2173	0 1 8 79 115
2174	0 3 12 57 115
2175	0 1 27 76 116
2176	0 6 22 79 116
2177	0 3 18 61 115
2178	0 1 25 79 119
2179	0 4 31 65 117
2180	0 2 13 45 115
2181	0 3 12 48 117
2182	0 3 8 45 113
2183	0 6 30 76 115
2184	0 1 8 65 115
2185	0 2 29 57 117
2186	0 3 12 76 114
2187	0 5 31 74 114
2188	0 8 29 71 119
2189	0 5 15 63 112
2190	0 5 11 54 114
2191	0 1 22 62 115
2192	0 1 11 36 114
2193	0 2 26 51 115
2194	0 3 32 78 114
2195	0 1 23 57 117
2196	0 3 25 69 120
2197	0 4 29 63 126
2198	0 1 9 56 116
2199	0 2 9 73 113
2200	0 2 9 85 117
2201	0 1 29 83 117
2202	0 3 9 59 117
2203	0 2 7 62 116
2204	0 6 8 47 117
2205	0 6 11 72 114
2206	0 6 24 74 116
2207	0 5 9 74 116
2208	0 5 12 65 116
2209	0 6 28 75 116
2210	0 6 14 88 118
2211	0 6 8 59 115
2212	0 6 9 76 115
2213	0 5 9 53 115
2214	0 5 8 69 113
2215	0 5 8 59 114
2216	0 5 7 46 116
2217	0 5 7 46 112
2218	0 6 12 73 120
2219	0 5 8 35 115
2220	0 1 8 52 118
2221	0 5 11 86 115
2222	0 5 9 74 128
2223	0 7 21 63 118
2224	0 5 11 77 118
2225	0 2 33 63 123
2226	0 7 13 55 116
2227	0 6 12 43 118
2228	0 1 7 87 117
2229	0 1 12 69 117
2230	0 0 12 61 115
2231	0 7 16 54 114
2232	0 1 12 35 116
2233	0 1 16 36 99
2234	0 0 14 37 100
2235	0 1 18 30 100
2236	0 2 17 31 99
2237	0 6 23 32 69
2238	0 6 13 36 61
2239	0 8 11 31 48
2240	0 7 13 36 41
2241	0 3 9 48 59
2242	0 0 2 13 69
2243	0 0 3 9 34
2244	0 0 1 7 43
2245	0 0 2 12 67
2246	0 0 0 1 9
2247	0 0 0 1 12
2248	0 0 0 2 14
2249	0 0 0 0 1
2250	0 0 0 0 2
2251	0 0 0 0 0
2252	0 0 0 0 0
2253	0 0 0 0 0
2254	0 0 0 0 0
2255	0 0 0 0 0
2256	0 0 0 0 0
2257	0 0 0 0 0
2258	0 0 0 0 0
2259	0 0 0 0 0
2260	0 0 0 0 0
2261	0 0 0 0 0
