1	1298432 2154496 2650112 4481024 4866048
2	1007616 2187264 2351104 4808704 283629568
3	1007616 2211840 282116096 284160000 289208320
4	1007616 2211840 283000832 285806592 289525760
5	1011712 2199552 283717632 285945856 289603584
6	1011712 2203648 283844608 285814784 289992704
7	1011712 2203648 283594752 286322688 289996800
8	1056768 2203648 283660288 286199808 290336768
9	1105920 2203648 283787264 286097408 290123776
10	1110016 2203648 283906048 286208000 290086912
11	1110016 2211840 283910144 286097408 290250752
12	1110016 2211840 283783168 286208000 290250752
13	1110016 2211840 283860992 286097408 290164736
14	1110016 2232320 283754496 286085120 290123776
15	1126400 2232320 283828224 286203904 290344960
16	1134592 2232320 283885568 286097408 290336768
17	1134592 2211840 283758592 286085120 290418688
18	1134592 2211840 283885568 286093312 290291712
19	1134592 2215936 283885568 286093312 290340864
20	1134592 2215936 283885568 286220288 290480128
21	1134592 2228224 283766784 286220288 290394112
22	1134592 2236416 284037120 285970432 290394112
23	1134592 2236416 283951104 286343168 290357248
24	1134592 2236416 283951104 286216192 290357248
25	1134592 2236416 283955200 286220288 290230272
26	1134592 2260992 284106752 286220288 290230272
27	1134592 2236416 284000256 286216192 290230272
28	1134592 2236416 283873280 286162944 290226176
29	1134592 2236416 283774976 286183424 290103296
30	1134592 2260992 283918336 286220288 290357248
31	1134592 2236416 283901952 286339072 290230272
32	1134592 2236416 283897856 286216192 290304000
33	1134592 2232320 284016640 286212096 290177024
34	1134592 2224128 283906048 286339072 290226176
35	1134592 2224128 284016640 286212096 290344960
36	1134592 2224128 283910144 286212096 290222080
37	1134592 2224128 283910144 286224384 290222080
38	1134592 2224128 283992064 286089216 290230272
39	1134592 2232320 283910144 286089216 290394112
40	1134592 2228224 283865088 285970432 290394112
41	1134592 2301952 284114944 286085120 290480128
42	1134592 2347008 284168192 286212096 290394112
43	1134592 2232320 284045312 286347264 290357248
44	1134592 2232320 284045312 286117888 290295808
45	1134592 2232320 283918336 286232576 290430976
46	1134592 2232320 283918336 286105600 290304000
47	1134592 2232320 283996160 286220288 290172928
48	1134592 2297856 283860992 286089216 290426880
49	1134592 2248704 283918336 286208000 290172928
50	1134592 2248704 283992064 286199808 290353152
51	1134592 2248704 283803648 286347264 290361344
52	1134592 2215936 284057600 286470144 290275328
53	1134592 2297856 283918336 286257152 290271232
54	1134592 2297856 283869184 286257152 290344960
55	1134592 2285568 283873280 286220288 290344960
56	1134592 2220032 283811840 286253056 290533376
57	1134592 2224128 283938816 286236672 290529280
58	1134592 2224128 283885568 286216192 290529280
59	1134592 2228224 284000256 286212096 290402304
60	1134592 2228224 284000256 286085120 290271232
61	1134592 2228224 284065792 286367744 290349056
62	1134592 2228224 284069888 286208000 290410496
63	1134592 2228224 284065792 286257152 290172928
64	1134592 2228224 283815936 286248960 290299904
65	1134592 2228224 284065792 286257152 290426880
66	1134592 2228224 283938816 286130176 290304000
67	1134592 2228224 283942912 286208000 290168832
68	1134592 2359296 284024832 286113792 290295808
69	1134592 2236416 284024832 286216192 290222080
70	1134592 2236416 284147712 286236672 290222080
71	1134592 2236416 284016640 286363648 290283520
72	1134592 2236416 283942912 286363648 290160640
73	1134592 2236416 284024832 286236672 290177024
74	1134592 2236416 283942912 286220288 290160640
75	1134592 2236416 283815936 286330880 290349056
76	1134592 2236416 283906048 286253056 290471936
77	1134592 2310144 283942912 286253056 290344960
78	1134592 2236416 283942912 286126080 290471936
79	1134592 2236416 283906048 286003200 290361344
80	1134592 2236416 284033024 286212096 290353152
81	1134592 2236416 284073984 286121984 290304000
82	1134592 2236416 284069888 286089216 290349056
83	1134592 2236416 284065792 286130176 290283520
84	1134592 2236416 284041216 286257152 290226176
85	1134592 2236416 283914240 286257152 290226176
86	1134592 2236416 283926528 286257152 290275328
87	1134592 2236416 284073984 286208000 290353152
88	1134592 2236416 284073984 286244864 290349056
89	1134592 2236416 284008448 286126080 290361344
90	1134592 2236416 284266496 286154752 290365440
91	1134592 2236416 284213248 286277632 290426880
92	1134592 2236416 284139520 286269440 290160640
93	1134592 2236416 284139520 286306304 290287616
94	1134592 2236416 284020736 286146560 290365440
95	1134592 2236416 284147712 286240768 290177024
96	1134592 2310144 284139520 286228480 290177024
97	1134592 2334720 284147712 286355456 290230272
98	1134592 2326528 283893760 286224384 290177024
99	1134592 2240512 284020736 286240768 290238464
100	1134592 2240512 283963392 286187520 290238464
101	1134592 2240512 284086272 286363648 290361344
102	1134592 2326528 284016640 286113792 290488320
103	1134592 2240512 284143616 286490624 290238464
104	1134592 2240512 284262400 286363648 290177024
105	1134592 2326528 284127232 286371840 290304000
106	1134592 2240512 284016640 286212096 290304000
107	1134592 2236416 284143616 286117888 290238464
108	1134592 2236416 284123136 286117888 290365440
109	1134592 2293760 284127232 286183424 290414592
110	1134592 2236416 283893760 286310400 290492416
111	1134592 2236416 284020736 286429184 290521088
112	1134592 2236416 284020736 286298112 290402304
113	1134592 2236416 284000256 286183424 290275328
114	1134592 2236416 284139520 286117888 290525184
115	1134592 2236416 284262400 286113792 290385920
116	1134592 2236416 284385280 286195712 290304000
117	1134592 2236416 284385280 286367744 290177024
118	1134592 2236416 284012544 286224384 290230272
119	1134592 2314240 283893760 286224384 290349056
120	1134592 2314240 284020736 286216192 290430976
121	1134592 2314240 284000256 286216192 290267136
122	1134592 2236416 284020736 286216192 290365440
123	1134592 2236416 284020736 286244864 290426880
124	1134592 2236416 284119040 286220288 290410496
125	1134592 2236416 284098560 286334976 290287616
126	1134592 2236416 284143616 286220288 290361344
127	1134592 2236416 283893760 286093312 290361344
128	1134592 2236416 284020736 286097408 290353152
129	1134592 2236416 284143616 286216192 290349056
130	1134592 2236416 284127232 286470144 290283520
131	1134592 2236416 284000256 286347264 290156544
132	1134592 2342912 284147712 286220288 290410496
133	1134592 2334720 284143616 286318592 290406400
134	1134592 2322432 284020736 286347264 290283520
135	1134592 2236416 284147712 286314496 290365440
136	1134592 2236416 284020736 286261248 290304000
137	1134592 2240512 284127232 286261248 290238464
138	1134592 2240512 283893760 286511104 290410496
139	1134592 2240512 284020736 286388224 290365440
140	1134592 2240512 284020736 286277632 290365440
141	1134592 2240512 284147712 286097408 290365440
142	1134592 2240512 284020736 286220288 290308096
143	1134592 2240512 284147712 286097408 290357248
144	1134592 2240512 284000256 286097408 290562048
145	1134592 2240512 283893760 286347264 290349056
146	1134592 2240512 284020736 286351360 290349056
147	1134592 2240512 284000256 286191616 290349056
148	1134592 2240512 283893760 286318592 290344960
149	1134592 2326528 284020736 286248960 290304000
150	1134592 2240512 283893760 286244864 290312192
151	1134592 2371584 284147712 286244864 290435072
152	1134592 2244608 284000256 286367744 290418688
153	1134592 2244608 284020736 286220288 290238464
154	1134592 2347008 284020736 286146560 290185216
155	1134592 2347008 283893760 286216192 290291712
156	1134592 2347008 283893760 286339072 290365440
157	1134592 2355200 284147712 286216192 290312192
158	1134592 2347008 284147712 286224384 290418688
159	1134592 2236416 284000256 286224384 290418688
160	1134592 2236416 284020736 286224384 290291712
161	1134592 2236416 283893760 286224384 290238464
162	1134592 2236416 284012544 286150656 290365440
163	1134592 2236416 284127232 286224384 290480128
164	1134592 2236416 284024832 286343168 290365440
165	1134592 2322432 284127232 286232576 290365440
166	1134592 2236416 283897856 286248960 290287616
167	1134592 2236416 283897856 286240768 290312192
168	1134592 2248704 283897856 286269440 290439168
169	1134592 2248704 284012544 286224384 290439168
170	1134592 2248704 284147712 286085120 290418688
171	1134592 2248704 284024832 286097408 290226176
172	1134592 2248704 284127232 286212096 290353152
173	1134592 2248704 284000256 286326784 290353152
174	1134592 2248704 284020736 286150656 290308096
175	1134592 2248704 284254208 286097408 290426880
176	1134592 2248704 284110848 286351360 290291712
177	1134592 2248704 284237824 286224384 290291712
178	1134592 2248704 284020736 286105600 290164736
179	1134592 2248704 284151808 286224384 290365440
180	1134592 2248704 284000256 286224384 290418688
181	1134592 2248704 284151808 286224384 290488320
182	1134592 2248704 284151808 286281728 290418688
183	1134592 2248704 284147712 286228480 290488320
184	1134592 2248704 284405760 286326784 290484224
185	1134592 2297856 284405760 286212096 290357248
186	1134592 2248704 284151808 286097408 290291712
187	1134592 2248704 284151808 286097408 290242560
188	1134592 2248704 284393472 286220288 290410496
189	1134592 2248704 284274688 286224384 290492416
190	1134592 2248704 284274688 286224384 290492416
191	1134592 2248704 284127232 286371840 290250752
192	1134592 2248704 284020736 286244864 290164736
193	1134592 2248704 284020736 286097408 290308096
194	1134592 2248704 284028928 286248960 290312192
195	1134592 2248704 284028928 286228480 290250752
196	1134592 2248704 284020736 286347264 290488320
197	1134592 2314240 284028928 286228480 290603008
198	1134592 2330624 284282880 286478336 290492416
199	1134592 2330624 284250112 286224384 290435072
200	1134592 2330624 284127232 286347264 290246656
201	1134592 2248704 284127232 286228480 290373632
202	1134592 2248704 283992064 286224384 290254848
203	1134592 2248704 284155904 286199808 290377728
204	1134592 2248704 284155904 286199808 290504704
205	1134592 2248704 284127232 286109696 290377728
206	1134592 2248704 284155904 286248960 290377728
207	1134592 2248704 284155904 286220288 290267136
208	1134592 2248704 283901952 286101504 290435072
209	1134592 2248704 284000256 286113792 290254848
210	1134592 2248704 284155904 286113792 290381824
211	1134592 2248704 284127232 286240768 290291712
212	1134592 2248704 284139520 286240768 290365440
213	1134592 2248704 284155904 286195712 290238464
214	1134592 2248704 284147712 286322688 290250752
215	1134592 2248704 284106752 286318592 290246656
216	1134592 2248704 284401664 286224384 290291712
217	1134592 2248704 284274688 286191616 290164736
218	1134592 2248704 284233728 286101504 290312192
219	1134592 2248704 284028928 286064640 290291712
220	1134592 2240512 284123136 286101504 290287616
221	1134592 2240512 284028928 286089216 290414592
222	1134592 2240512 284155904 286314496 290500608
223	1134592 2240512 284155904 286212096 290500608
224	1134592 2240512 284155904 286228480 290283520
225	1134592 2240512 284155904 286105600 290406400
226	1134592 2240512 284078080 286224384 290279424
227	1134592 2240512 284102656 286334976 290414592
228	1134592 2240512 284102656 286199808 290418688
229	1134592 2240512 283901952 286228480 290406400
230	1134592 2240512 283987968 286216192 290283520
231	1134592 2240512 284028928 286216192 290496512
232	1134592 2240512 284127232 286343168 290496512
233	1134592 2240512 284028928 286343168 290410496
234	1134592 2240512 284028928 286101504 290377728
235	1134592 2240512 284155904 286216192 290250752
236	1134592 2240512 284028928 286228480 290373632
237	1134592 2240512 284028928 286347264 290377728
238	1134592 2240512 284155904 286351360 290504704
239	1134592 2240512 284127232 286199808 290500608
240	1134592 2240512 284000256 286224384 290373632
241	1134592 2240512 284016640 286347264 290500608
242	1134592 2240512 284139520 286355456 290287616
243	1134592 2240512 283901952 286228480 290631680
244	1134592 2240512 283901952 286228480 290504704
245	1134592 2240512 284028928 286347264 290185216
246	1134592 2248704 283901952 286347264 290242560
247	1134592 2248704 283901952 286474240 290283520
248	1134592 2248704 284151808 286228480 290295808
249	1134592 2248704 283901952 286224384 290369536
250	1134592 2248704 284282880 286228480 290361344
251	1134592 2248704 284028928 286097408 290357248
252	1134592 2248704 284229632 286228480 290299904
253	1134592 2248704 284024832 286310400 290361344
254	1134592 2248704 284155904 286220288 290488320
255	1134592 2248704 284278784 286351360 290234368
256	1134592 2248704 284024832 286228480 290254848
257	1134592 2248704 283983872 286240768 290250752
258	1134592 2248704 284155904 286228480 290500608
259	1134592 2248704 284360704 286101504 290500608
260	1134592 2248704 284028928 286183424 290373632
261	1134592 2248704 284110848 286183424 290496512
262	1134592 2248704 284028928 286101504 290377728
263	1134592 2252800 284028928 286228480 290369536
264	1134592 2252800 283983872 286117888 290410496
265	1134592 2252800 284151808 286281728 290504704
266	1134592 2252800 284151808 286117888 290377728
267	1134592 2252800 283983872 286224384 290504704
268	1134592 2252800 284110848 286351360 290414592
269	1134592 2252800 284151808 286318592 290418688
270	1134592 2252800 284110848 286248960 290545664
271	1134592 2252800 284028928 286224384 290312192
272	1134592 2228224 283983872 286224384 290418688
273	1134592 2228224 283983872 286101504 290439168
274	1134592 2228224 284028928 286228480 290562048
275	1134592 2228224 284028928 286351360 290304000
276	1134592 2228224 284028928 286351360 290406400
277	1134592 2228224 284028928 286281728 290377728
278	1134592 2228224 284028928 286228480 290439168
279	1134592 2244608 284143616 286355456 290308096
280	1134592 2244608 284139520 286105600 290312192
281	1134592 2244608 284016640 286240768 290439168
282	1134592 2244608 284143616 286232576 290562048
283	1134592 2244608 283983872 286101504 290308096
284	1134592 2244608 284106752 286187520 290504704
285	1134592 2244608 284106752 286224384 290381824
286	1134592 2244608 284102656 286228480 290254848
287	1134592 2244608 284028928 286306304 290418688
288	1134592 2244608 284155904 286212096 290545664
289	1134592 2248704 284028928 286093312 290414592
290	1134592 2248704 284155904 286203904 290418688
291	1134592 2248704 284090368 286216192 290381824
292	1134592 2248704 284225536 286216192 290373632
293	1134592 2248704 284102656 286355456 290238464
294	1134592 2248704 284110848 286478336 290250752
295	1134592 2248704 284028928 286482432 290246656
296	1134592 2248704 283901952 286224384 290185216
297	1134592 2248704 283996160 286248960 290230272
298	1134592 2248704 284028928 286121984 290291712
299	1134592 2334720 283983872 286232576 290328576
300	1134592 2248704 284028928 286126080 290316288
301	1134592 2248704 284024832 286109696 290451456
302	1134592 2248704 284024832 286228480 290418688
303	1134592 2248704 284024832 286126080 290545664
304	1134592 2342912 284282880 286220288 290418688
305	1134592 2342912 284028928 286347264 290545664
306	1134592 2342912 284143616 286253056 290418688
307	1134592 2248704 284135424 286253056 290418688
308	1134592 2248704 284102656 286220288 290258944
309	1134592 2248704 284028928 286072832 290385920
310	1134592 2248704 284106752 286224384 290623488
311	1134592 2248704 284106752 286224384 290496512
312	1134592 2248704 284106752 286232576 290496512
313	1134592 2248704 284151808 286253056 290414592
314	1134592 2248704 284155904 286351360 290312192
315	1134592 2322432 284155904 286248960 290312192
316	1134592 2248704 284028928 286478336 290381824
317	1134592 2248704 284028928 286126080 290508800
318	1134592 2248704 284282880 286355456 290500608
319	1134592 2248704 284028928 286326784 290623488
320	1134592 2248704 284028928 286117888 290496512
321	1134592 2248704 284377088 286371840 290496512
322	1134592 2248704 284000256 286228480 290385920
323	1134592 2248704 284028928 286126080 290291712
324	1134592 2248704 284028928 286232576 290258944
325	1134592 2248704 284028928 286203904 290316288
326	1134592 2248704 284147712 286355456 290308096
327	1134592 2252800 284020736 286355456 290381824
328	1134592 2252800 284143616 286101504 290258944
329	1134592 2252800 283901952 286195712 290570240
330	1134592 2252800 284119040 286232576 290443264
331	1134592 2252800 284246016 286228480 290316288
332	1134592 2252800 284155904 286322688 290422784
333	1134592 2252800 284028928 286236672 290422784
334	1134592 2252800 283901952 286363648 290312192
335	1134592 2252800 284024832 286253056 290287616
336	1134592 2252800 284020736 286232576 290414592
337	1134592 2252800 283979776 286179328 290381824
338	1134592 2252800 283901952 286236672 290385920
339	1134592 2252800 284123136 286232576 290422784
340	1134592 2252800 284016640 286232576 290258944
341	1134592 2252800 284016640 286253056 290189312
342	1134592 2252800 284000256 286220288 290316288
343	1134592 2252800 284016640 286232576 290439168
344	1134592 2252800 284143616 286232576 290189312
345	1134592 2252800 284143616 286121984 290406400
346	1134592 2252800 284143616 286232576 290439168
347	1134592 2252800 284139520 286253056 290308096
348	1134592 2252800 284143616 286228480 290291712
349	1134592 2252800 284147712 286253056 290377728
350	1134592 2252800 284147712 286228480 290377728
351	1134592 2252800 284020736 286126080 290250752
352	1134592 2252800 284143616 286228480 290377728
353	1134592 2252800 283893760 286126080 290377728
354	1134592 2252800 284020736 286126080 290381824
355	1134592 2252800 284016640 286126080 290369536
356	1134592 2252800 284143616 286253056 290619392
357	1134592 2252800 284016640 286355456 290246656
358	1134592 2338816 284020736 286253056 290287616
359	1134592 2347008 284151808 286126080 290258944
360	1134592 2252800 284278784 286126080 290443264
361	1134592 2252800 284274688 286253056 290443264
362	1134592 2252800 284024832 286203904 290316288
363	1134592 2252800 284024832 286380032 290504704
364	1134592 2252800 284020736 286253056 290443264
365	1134592 2252800 284151808 286253056 290189312
366	1134592 2252800 284147712 286253056 290443264
367	1134592 2252800 284147712 286380032 290189312
368	1134592 2252800 284151808 286380032 290381824
369	1134592 2252800 284135424 286253056 290385920
370	1134592 2252800 284024832 286359552 290385920
371	1134592 2252800 284151808 286244864 290377728
372	1134592 2252800 284024832 286384128 290258944
373	1134592 2252800 284151808 286232576 290385920
374	1134592 2252800 284278784 286195712 290316288
375	1134592 2252800 284262400 286126080 290512896
376	1134592 2252800 284151808 286076928 290385920
377	1134592 2252800 284008448 286203904 290443264
378	1134592 2252800 283897856 286375936 290422784
379	1134592 2252800 284020736 286130176 290299904
380	1134592 2252800 284151808 286363648 290308096
381	1134592 2437120 284147712 286359552 290308096
382	1134592 2326528 284274688 286355456 290258944
383	1134592 2326528 284147712 286601216 290316288
384	1134592 2252800 284024832 286605312 290295808
385	1134592 2252800 284020736 286359552 290258944
386	1134592 2252800 284024832 286203904 290439168
387	1134592 2252800 284147712 286126080 290402304
388	1134592 2252800 284147712 286130176 290312192
389	1134592 2252800 284147712 286224384 290439168
390	1134592 2252800 284139520 286347264 290168832
391	1134592 2252800 284012544 286130176 290385920
392	1134592 2252800 284135424 286257152 290312192
393	1134592 2252800 284135424 286220288 290312192
394	1134592 2252800 284024832 286232576 290422784
395	1134592 2252800 284020736 286195712 290312192
396	1134592 2252800 284024832 286195712 290258944
397	1134592 2252800 284024832 286232576 290365440
398	1134592 2252800 284270592 286248960 290418688
399	1134592 2252800 284270592 286363648 290418688
400	1134592 2252800 284397568 286257152 290418688
401	1134592 2252800 284274688 286248960 290316288
402	1134592 2252800 284151808 286355456 290250752
403	1134592 2252800 284024832 286126080 290377728
404	1134592 2322432 284024832 286199808 290377728
405	1134592 2322432 284024832 286232576 290381824
406	1134592 2453504 284024832 286126080 290377728
407	1134592 2453504 284016640 286248960 290263040
408	1134592 2457600 284151808 286130176 290312192
409	1134592 2252800 284016640 286191616 290422784
410	1134592 2252800 284270592 286232576 290295808
411	1134592 2252800 284024832 286105600 290258944
412	1134592 2252800 284028928 286191616 290390016
413	1134592 2252800 284147712 286105600 290312192
414	1134592 2445312 284028928 286236672 290316288
415	1134592 2326528 283906048 286261248 290418688
416	1134592 2334720 284274688 286261248 290512896
417	1134592 2252800 283906048 286359552 290385920
418	1134592 2252800 284024832 286474240 290295808
419	1134592 2252800 283906048 286257152 290263040
420	1134592 2252800 284028928 286203904 290189312
421	1134592 2252800 284155904 286359552 290291712
422	1134592 2252800 284151808 286130176 290385920
423	1134592 2252800 284151808 286203904 290508800
424	1134592 2252800 284147712 286363648 290758656
425	1134592 2252800 284024832 286203904 290635776
426	1134592 2252800 284024832 286134272 290295808
427	1134592 2252800 284155904 286134272 290381824
428	1134592 2252800 284033024 286134272 290254848
429	1134592 2252800 284155904 286121984 290299904
430	1134592 2252800 284160000 286261248 290361344
431	1134592 2252800 284160000 286253056 290295808
432	1134592 2252800 284151808 286253056 290385920
433	1134592 2252800 284147712 286253056 290254848
434	1134592 2252800 284024832 286257152 290500608
435	1134592 2252800 284033024 286322688 290447360
436	1134592 2252800 284160000 286326784 290263040
437	1134592 2252800 284160000 286232576 290263040
438	1134592 2252800 284033024 286355456 290320384
439	1134592 2252800 284033024 286257152 290295808
440	1134592 2252800 284160000 286208000 290418688
441	1134592 2252800 284155904 286224384 290545664
442	1134592 2252800 284155904 286224384 290295808
443	1134592 2252800 284151808 286232576 290516992
444	1134592 2252800 284151808 286265344 290263040
445	1134592 2252800 283906048 286363648 290390016
446	1134592 2252800 284143616 286478336 290168832
447	1134592 2318336 284155904 286355456 290320384
448	1134592 2252800 284155904 286228480 290258944
449	1134592 2252800 284282880 286228480 290258944
450	1134592 2351104 284028928 286232576 290541568
451	1134592 2252800 284143616 286236672 290385920
452	1134592 2318336 284028928 286244864 290447360
453	1134592 2318336 284024832 286117888 290295808
454	1134592 2318336 284012544 286326784 290447360
455	1134592 2318336 284012544 286117888 290299904
456	1134592 2252800 284012544 286117888 290390016
457	1134592 2256896 284155904 286236672 290390016
458	1134592 2256896 284282880 286486528 290254848
459	1134592 2256896 284143616 286482432 290189312
460	1134592 2256896 284151808 286355456 290193408
461	1134592 2256896 284155904 286117888 290193408
462	1134592 2256896 283906048 286232576 290193408
463	1134592 2256896 284024832 286248960 290390016
464	1134592 2256896 284024832 286236672 290390016
465	1134592 2256896 284160000 286126080 290263040
466	1134592 2256896 284028928 286208000 290512896
467	1134592 2256896 284155904 286482432 290242560
468	1134592 2256896 284160000 286248960 290168832
469	1134592 2256896 284024832 286351360 290385920
470	1134592 2256896 284033024 286375936 290385920
471	1134592 2256896 284012544 286228480 290418688
472	1134592 2256896 284135424 286236672 290263040
473	1134592 2256896 284270592 286248960 290250752
474	1134592 2256896 284270592 286113792 290320384
475	1134592 2256896 284020736 286240768 290381824
476	1134592 2256896 284033024 286240768 290381824
477	1134592 2256896 284160000 286240768 290258944
478	1134592 2256896 284160000 286121984 290258944
479	1134592 2256896 284397568 286236672 290168832
480	1134592 2256896 284033024 286253056 290263040
481	1134592 2371584 284151808 286330880 290316288
482	1134592 2256896 284151808 286240768 290312192
483	1134592 2256896 284024832 286253056 290435072
484	1134592 2256896 284020736 286208000 290308096
485	1134592 2318336 284286976 286474240 290308096
486	1134592 2256896 284033024 286388224 290390016
487	1134592 2256896 284033024 286261248 290308096
488	1134592 2256896 284033024 286261248 290316288
489	1134592 2318336 284033024 286486528 290422784
490	1134592 2256896 284282880 286240768 290324480
491	1134592 2256896 284278784 286613504 290373632
492	1134592 2256896 284151808 286244864 290385920
493	1134592 2256896 284160000 286363648 290291712
494	1134592 2256896 284151808 286130176 290250752
495	1134592 2256896 284033024 286322688 290324480
496	1134592 2256896 284033024 286330880 290377728
497	1134592 2256896 284033024 286134272 290373632
498	1134592 2256896 284155904 286134272 290377728
499	1134592 2256896 284278784 286257152 290385920
500	1134592 2256896 284033024 286244864 290385920
501	1134592 2256896 284033024 286257152 290385920
502	1134592 2338816 284033024 286371840 290258944
503	1134592 2260992 284160000 286363648 290258944
504	1134592 2260992 284160000 286240768 290197504
505	1134592 2260992 284155904 286486528 290295808
506	1134592 2260992 284008448 286515200 290299904
507	1134592 2260992 284131328 286240768 290258944
508	1134592 2260992 284033024 286236672 290312192
509	1134592 2297856 284033024 286130176 290512896
510	1134592 2260992 284160000 286257152 290263040
511	1134592 2260992 284033024 286257152 290390016
512	1134592 2260992 284004352 286261248 290381824
513	1134592 2260992 283906048 286384128 290316288
514	1134592 2260992 284033024 286388224 290324480
515	1134592 2260992 284008448 286384128 290324480
516	1134592 2260992 284008448 286253056 290263040
517	1134592 2260992 284262400 286253056 290299904
518	1134592 2260992 284033024 286380032 290316288
519	1134592 2260992 284160000 286248960 290443264
520	1134592 2260992 284033024 286257152 290316288
521	1134592 2260992 284262400 286261248 290316288
522	1134592 2260992 284139520 286130176 290197504
523	1134592 2314240 284139520 286257152 290267136
524	1134592 2351104 284262400 286257152 290324480
525	1134592 2260992 284155904 286257152 290390016
526	1134592 2260992 284286976 286388224 290263040
527	1134592 2260992 284160000 286359552 290295808
528	1134592 2260992 284033024 286347264 290447360
529	1134592 2260992 284020736 286375936 290164736
530	1134592 2260992 284151808 286502912 290299904
531	1134592 2260992 284160000 286248960 290394112
532	1134592 2260992 284033024 286359552 290422784
533	1134592 2260992 284160000 286134272 290263040
534	1134592 2260992 284160000 286261248 290377728
535	1134592 2260992 284033024 286253056 290611200
536	1134592 2260992 284160000 286248960 290369536
537	1134592 2260992 284143616 286240768 290369536
538	1134592 2260992 283906048 286232576 290422784
539	1134592 2260992 283906048 286343168 290267136
540	1134592 2260992 284020736 286195712 290324480
541	1134592 2260992 283906048 286248960 290299904
542	1134592 2260992 284037120 286494720 290168832
543	1134592 2260992 284164096 286130176 290312192
544	1134592 2260992 284037120 286375936 290312192
545	1134592 2260992 284037120 286339072 290185216
546	1134592 2260992 284037120 286253056 290394112
547	1134592 2260992 284164096 286380032 290418688
548	1134592 2260992 284164096 286134272 290390016
549	1134592 2260992 284151808 286253056 290320384
550	1134592 2260992 284147712 286253056 290320384
551	1134592 2260992 284266496 286253056 290312192
552	1134592 2260992 284286976 286371840 290197504
553	1134592 2260992 284286976 286261248 290193408
554	1134592 2260992 284037120 286261248 290295808
555	1134592 2260992 284037120 286117888 290267136
556	1134592 2260992 284164096 286371840 290267136
557	1134592 2260992 284037120 286248960 290394112
558	1134592 2260992 284155904 286220288 290291712
559	1134592 2260992 284028928 286244864 290426880
560	1134592 2330624 284155904 286117888 290267136
561	1134592 2330624 283906048 286253056 290267136
562	1134592 2260992 284033024 286253056 290394112
563	1134592 2260992 284028928 286240768 290521088
564	1134592 2260992 284033024 286494720 290267136
565	1134592 2260992 284033024 286007296 290390016
566	1134592 2260992 284160000 286261248 290299904
567	1134592 2260992 284155904 286244864 290377728
568	1134592 2260992 284155904 286244864 290508800
569	1134592 2260992 284278784 286130176 290394112
570	1134592 2260992 284028928 286384128 290394112
571	1134592 2260992 284028928 286240768 290394112
572	1134592 2260992 284155904 286134272 290648064
573	1134592 2260992 284155904 286248960 290516992
574	1134592 2260992 284028928 286261248 290512896
575	1134592 2260992 284028928 286367744 290197504
576	1134592 2260992 284028928 286244864 290291712
577	1134592 2260992 284155904 286367744 290287616
578	1134592 2260992 284028928 286388224 290390016
579	1134592 2260992 284155904 286236672 290451456
580	1134592 2260992 284028928 286212096 290390016
581	1134592 2260992 284028928 286257152 290324480
582	1134592 2260992 284028928 286257152 290197504
583	1134592 2260992 284131328 286248960 290197504
584	1134592 2260992 284147712 286371840 290271232
585	1134592 2260992 284155904 286257152 290394112
586	1134592 2265088 284028928 286134272 290267136
587	1134592 2265088 284151808 286248960 290267136
588	1134592 2265088 284143616 286248960 290197504
589	1134592 2265088 284024832 286371840 290295808
590	1134592 2265088 284028928 286134272 290299904
591	1134592 2367488 284028928 286244864 290521088
592	1134592 2367488 284028928 286244864 290398208
593	1134592 2265088 284155904 286248960 290398208
594	1134592 2265088 284028928 286248960 290394112
595	1134592 2265088 284155904 286248960 290267136
596	1134592 2265088 284151808 286130176 290451456
597	1134592 2265088 286003200 288030720 290451456
598	1134592 2265088 285995008 288030720 290324480
599	1134592 2277376 286093312 288067584 290197504
600	1134592 2260992 285966336 288190464 290312192
601	1134592 2945024 285995008 288284672 290521088
602	1134592 4173824 286003200 288030720 290398208
603	1134592 283901952 286121984 288194560 290394112
604	1134592 284028928 286220288 288157696 290414592
605	1134592 4173824 286244864 288067584 290394112
606	1134592 4173824 286253056 290066432 290394112
607	1134592 2650112 286019584 288296960 290205696
608	1134592 2273280 4173824 288088064 290164736
609	1486848 2273280 2650112 4173824 4173824
610	1617920 2387968 2781184 4173824 4173824
611	1617920 2387968 2666496 4173824 4173824
612	1617920 2387968 2666496 4173824 4173824
613	1617920 2387968 2666496 4173824 4173824
614	1617920 2387968 2666496 4173824 4173824
615	1617920 2387968 2666496 4173824 4173824
616	1617920 2387968 2666496 4173824 4173824
617	1617920 2387968 2666496 4173824 4173824
618	1617920 2387968 2666496 4173824 4173824
619	1617920 2387968 2666496 4173824 4173824
620	1617920 2387968 2666496 4173824 4173824
621	1617920 2387968 2666496 4173824 4173824
622	1617920 2387968 2666496 4173824 4173824
623	2387968 2387968 2666496 4173824 4173824
624	4173824 4173824 4173824 4173824 4173824
