1	90 180 258 1382 897511
2	78 168 168 713958 1826882
3	90 250 250 1274722 3527042
4	0 0 90 1228416 2203216
5	0 0 0 1141396 1524266
6	0 0 70 1169852 1755182
7	0 70 70 1068712 1443872
8	0 0 0 986674 1682962
9	0 0 2592 987302 1752008
10	0 0 2538 1026494 1315624
11	70 70 2716 887902 1199734
12	0 0 27323 979948 1288348
13	0 0 212652 962984 1339905
14	0 0 205590 1011486 1441842
15	0 0 205392 955158 1368377
16	0 0 489050 959496 1768062
17	0 0 625812 1054968 2810681
18	0 0 667288 915888 2429005
19	0 2484 549656 985440 2501029
20	0 2646 782640 1102016 2692953
21	0 2484 880234 1239472 2341413
22	0 2592 910824 1110886 3482089
23	0 2538 868180 1154897 3561136
24	0 2592 858820 1156816 3575605
25	0 2538 862598 1303945 3583522
26	0 2430 922088 1242470 3527520
27	0 2592 886192 1171174 3484701
28	0 2484 915660 1475284 2700512
29	0 2430 923098 1213196 3026524
30	0 2430 918748 1120773 2744252
31	0 2484 867644 1211324 3628142
32	0 2592 932584 1553523 2438301
33	0 2376 854840 1097757 2106010
34	0 2592 829146 939412 2827194
35	0 2484 859772 1392838 3488013
36	0 252168 941556 1013182 3544253
37	0 246038 910975 1504780 3440377
38	518 267158 873702 1638177 3559742
39	444 743590 935150 2766659 3576862
40	518 625038 937328 2479684 3344033
41	444 775886 954516 2099662 3557274
42	444 644852 932818 2687478 3526105
43	518 763858 940218 2512556 3454546
44	592 904750 967030 2729212 3512974
45	518 775100 979942 2654839 3628480
46	518 679984 969504 3470531 3618276
47	444 695882 975302 3405681 3895000
48	518 680292 863768 2620688 3633520
49	592 571106 923090 2310749 3829482
50	518 622500 779966 2801358 3602097
51	444 665258 922744 2582850 3068887
52	518 693748 924276 2302909 3594557
53	444 633982 977976 2148040 3059260
54	518 655406 1051714 2291945 3276438
55	518 681958 853878 2231670 3677740
56	518 603036 873270 2242416 3446926
57	518 568970 920804 2166930 3516836
58	518 644746 929042 3202305 3823590
59	444 692202 936958 2999362 3478641
60	592 692588 989476 3223357 3417998
61	444 545598 955900 3548347 3849290
62	518 640684 932434 2629039 3719834
63	518 620758 824732 3116722 3602186
64	518 541144 866466 3080842 3793718
65	518 611084 934842 3386384 3716176
66	444 617342 991226 3025829 3690230
67	592 688298 982822 2591615 3790796
68	370 618156 864886 2758815 3504464
69	444 628310 934432 2916716 3683244
70	592 617854 741910 2787965 3685048
71	444 618320 748688 2523241 3674540
72	518 624728 702352 2839913 3562066
73	518 555338 706302 2757983 3715456
74	560 629682 779684 2410826 3476128
75	518 619822 804804 2806901 3505486
76	444 544766 784298 2609236 3339261
77	444 622074 763592 2492801 3436100
78	518 679414 886056 2200480 3558200
79	518 627424 995560 2684822 3727002
80	518 627820 925884 2768364 3715744
81	518 635522 788200 3237672 3688864
82	444 670320 707352 2839873 3677928
83	518 668858 707442 2682472 3599950
84	518 613528 798280 2615287 3768774
85	518 665332 937620 2558141 3565447
86	518 652292 927208 2754345 3593504
87	444 640026 940456 2209244 3488222
88	518 621196 830074 2256727 3792014
89	592 683820 963230 2221998 2759394
90	518 633162 844018 2400555 2733307
91	444 651788 917484 2691488 2806736
92	518 714568 1026280 2413049 3071678
93	444 592068 912960 2458770 2823946
94	518 676472 888928 2577201 2825680
95	518 609034 892872 2715099 3632302
96	444 596836 940426 2621706 3749076
97	518 594346 951956 2378789 3684764
98	518 667332 942556 2082514 3682152
99	444 601970 978594 2246513 2947254
100	518 772910 919664 2100202 2772503
101	518 712184 933874 2389154 3191301
102	518 617840 952974 2830503 3091426
103	444 778172 932852 2785668 3656167
104	518 852408 994930 2519914 3821280
105	518 572292 925738 2367038 3744550
106	444 689168 907666 2348737 3378018
107	444 700242 936156 2338469 3447213
108	444 766230 866074 2346183 3569747
109	518 757534 1246878 2227342 2990439
110	444 566304 927682 2189422 2751210
111	444 852798 994428 2224040 2669206
112	444 689544 935084 2331586 2742447
113	560 563548 982556 2502492 2832116
114	444 688260 909974 2309685 3518046
115	518 624396 895706 2201076 2690510
116	444 626452 875262 2448911 2567972
117	444 618298 858954 2132207 3502472
118	518 553436 793396 2758446 3234978
119	518 615638 908374 2309620 2855022
120	444 576534 900222 2571335 3744307
121	444 679894 896550 2341093 3645806
122	592 628752 953812 2342150 3110198
123	444 685658 795862 2480030 3580010
124	518 608638 781610 2179612 3370555
125	518 603842 766936 2446758 3389835
126	444 560894 832990 2593290 3513889
127	444 649768 742690 2796394 3418847
128	518 611788 923320 2722798 3462135
129	444 676684 871668 2834332 3561352
130	518 559474 1004448 2223954 3685728
131	444 683516 907756 2279286 3579572
132	518 607344 796990 2484507 3260825
133	444 522768 871448 2431435 3066356
134	518 634822 913732 1755960 2672360
135	444 555618 852506 2695696 3219365
136	518 648166 930762 2279589 2928908
137	518 464480 977672 2899222 3353730
138	518 635278 722880 2417480 2943712
139	444 607098 935012 2409543 2904038
140	518 370474 737152 2852200 3666728
141	560 597234 707624 2815651 3062153
142	444 625684 708640 2539305 3169556
143	518 674180 842714 2791889 3886796
144	518 622590 684744 3008493 3561664
145	444 520802 756562 2709493 3172508
146	444 625074 895002 2558234 3730436
147	518 624514 965154 2512200 3620310
148	444 549822 766594 2833822 3625896
149	518 616460 679228 3040823 3638288
150	444 684120 1069390 2911061 3636000
151	518 427694 957500 1598540 3646656
152	518 502656 966100 2815626 3779138
153	518 676226 886130 2807213 3666614
154	518 626310 1044936 2283113 3246216
155	444 683298 954160 2493164 3614910
156	444 628616 754778 2455951 2815478
157	444 560916 1017774 2442805 2768405
158	444 681230 934038 2486090 2673942
159	518 576914 987720 2509253 3034423
160	518 753052 1029992 2768216 3298000
161	444 624560 1189708 2175676 2566186
162	444 759716 932364 2416463 3186662
163	518 578486 996270 2250937 2884738
164	592 617778 878516 2652706 2788540
165	444 707724 877298 2405153 2741450
166	518 501042 939554 2360684 2862254
167	518 706788 930160 2171309 2919274
168	592 637062 997076 2358271 2716469
169	444 617900 939774 2364902 2799558
170	560 679196 876540 2677900 3679799
171	444 621720 736712 2739448 3051816
172	444 695906 923882 2567044 3595982
173	518 561622 793220 2480334 3597074
174	444 612036 824978 2397754 3353642
175	592 675582 925860 2318187 3382283
176	444 615146 781678 2300582 3463712
177	518 588662 729324 2334785 2822686
178	518 736904 833516 2284426 2572428
179	518 618162 949332 2159834 3313940
180	592 616068 665218 2688026 3377749
181	518 621474 837020 2035877 3375736
182	370 652396 897770 2289650 3366352
183	518 660718 840352 2086982 3469232
184	444 641768 1030612 2306888 3049926
185	518 630774 827766 2344450 3147166
186	444 604828 762688 2298863 3316798
187	518 518418 951392 2345560 2622620
188	592 664778 724796 2382236 2719835
189	370 544024 809740 2476627 3463955
190	518 662266 807470 2507646 2684077
191	444 663988 860186 2428785 3320394
192	444 541960 982382 2371087 2767220
193	518 673230 837490 2276946 2707306
194	518 604294 911722 2757787 2867870
195	518 572500 925274 2504470 3431461
196	444 555646 910480 2729244 2985830
197	444 652836 799624 2648898 3446854
198	518 601630 854578 2307378 3568076
199	560 508184 993202 2716805 3247292
200	592 664930 960192 2617928 3447584
201	444 618212 884646 2745298 2970855
202	444 555148 949834 2548918 3673636
203	518 563204 897062 2600985 3616486
204	444 609482 766612 1646824 3426922
205	518 616912 813306 2612328 3720790
206	444 607562 744120 2416309 3559980
207	592 663906 1299377 2904782 3313936
208	518 565000 819612 2459242 3673098
209	518 595450 979878 2531081 3188122
210	444 672702 1160128 2514790 3312538
211	518 569604 871716 2796133 3227890
212	444 605168 838718 2227247 3470343
213	518 638936 966030 2179494 3539110
214	444 698466 863728 2409696 3046404
215	592 637178 867660 1940057 2572690
216	518 703968 1008856 2236161 2756043
217	518 487112 944952 2312550 2917750
218	444 620298 864810 2378108 3268402
219	444 590388 738890 2480615 2676078
220	444 701160 804944 2376364 3005202
221	444 607174 925086 2497161 2838783
222	518 623642 755804 2454049 3176031
223	444 675710 795452 2462584 2804260
224	518 557246 929616 2305079 2614471
225	518 614756 733932 2388521 2713811
226	518 614548 646368 2127914 2716974
227	486 676604 709670 2324417 3043056
228	518 660052 878932 2228694 3630735
229	444 550170 701334 2737331 3336106
230	444 545578 771502 2576035 3506800
231	518 559072 673612 2795860 3532132
232	518 619302 749162 2588890 3146330
233	444 554450 696926 3064282 3294344
234	444 615186 837824 2764863 3441590
235	518 641596 693958 2150498 3693296
236	444 613776 872076 1898412 3536082
237	518 444280 702920 2264619 3466940
238	518 612376 874944 2119856 3391801
239	444 558674 830784 2352742 2611699
240	444 634954 964490 2619118 2735147
241	518 631516 904254 2364996 2814445
242	518 654730 848352 2568045 2696525
243	518 671008 714934 2425764 2661342
244	444 674924 742370 2410364 2934866
245	518 595870 699512 2187886 3028136
246	444 602182 785878 2342492 2608414
247	444 664160 921270 2437565 2663616
248	444 615112 939138 2399559 2928773
249	518 630408 815378 2760815 2910391
250	444 559958 734142 2785788 3353068
251	592 685530 806438 2740288 3537660
252	518 639480 953154 2687724 3742384
253	444 622338 940788 2447826 3737396
254	518 677414 845816 2473442 3674538
255	444 666170 940670 2282710 3135832
256	560 597816 940410 2272901 3065534
257	444 629838 908618 2679474 2818497
258	592 630276 903726 2627635 3628030
259	444 612788 751978 2665199 2870532
260	518 671958 751758 2296992 3794600
261	518 600472 639082 2308497 3179034
262	518 678066 812954 2224148 2713375
263	518 626170 860214 2356277 2786028
264	444 641178 923589 2404129 2785747
265	444 621356 900774 2469436 3273037
266	518 681636 992080 2552724 2868914
267	518 625018 804702 2561529 2757400
268	444 620138 872728 2431850 3562003
269	518 564600 858648 2376326 3619756
270	444 583738 881534 2347516 3261953
271	518 682506 925700 2348048 2704851
272	444 745114 905470 2308632 2701911
273	444 623262 884188 2310728 2673500
274	592 684588 932308 2626936 2957013
275	444 571242 937564 2310623 2687970
276	444 603460 786598 2589424 2853065
277	444 571328 799216 2444509 2673860
278	518 567864 931220 2403430 2680764
279	444 620484 982964 2542412 2873786
280	444 677438 895304 2384562 2999484
281	444 572746 917710 2311232 2704518
282	518 546584 882074 2399152 2798060
283	444 671800 883424 2409127 3427546
284	560 542564 832944 2516146 2965673
285	592 618488 778734 2573982 3377108
286	518 629988 745676 2575885 3415328
287	444 684968 960794 2312911 3116792
288	518 634158 875206 2778801 3445395
289	444 543724 712376 2572669 2770990
290	518 548890 942288 2798888 3214263
291	444 653042 963242 2475182 3698094
292	518 625696 973452 2404578 3790884
293	518 609918 966348 2312356 2954716
294	518 557974 873257 2568439 3315662
295	518 719468 909288 2197731 3205580
296	444 621840 890580 2455283 2746938
297	518 548930 1079066 2484778 2763046
298	444 673658 727272 2301088 2754430
299	518 713418 943670 2299726 2637418
300	444 663946 863012 2261689 3307298
301	518 607132 975380 2281846 3512882
302	444 741438 967080 2168186 2838243
303	370 676692 983066 2622588 3080163
304	518 622086 931588 2642166 3405212
305	592 751756 965724 2571313 2933225
306	444 627160 915886 2647616 3300876
307	518 714388 925064 2623057 3616100
308	518 630096 944098 2648255 3546110
309	444 677962 919648 2315878 3434108
310	592 750648 975790 2344251 3299514
311	444 723292 913770 2200778 2987160
312	560 640702 877950 2479836 3068525
313	444 709272 930480 2486807 2772862
314	518 680800 898294 2787578 2881706
315	444 626568 942932 2745812 3355096
316	518 635106 920422 2251100 3284042
317	518 628680 929198 2365315 3798412
318	518 682076 938502 2308887 2930124
319	444 683542 958776 2086593 3575845
320	592 632906 919598 2563430 3478319
321	444 748648 875150 2365248 3554218
322	518 566022 923774 2614590 3509989
323	444 565182 716842 2396411 3533374
324	518 618340 851184 2949514 3767010
325	444 634756 941260 2527922 3110034
326	444 637652 944140 2129318 3590244
327	518 577860 931460 2416204 3463720
328	518 576468 856896 2286832 2754646
329	518 556860 861944 2664716 3372046
330	518 609406 859442 2526702 3706335
331	444 558552 936244 2155528 3275060
332	518 616080 917760 2916875 3498326
333	518 682928 825946 2377153 3251667
334	444 617258 928046 2379788 3386362
335	518 544568 906334 2304289 3037830
336	518 571434 904354 2726693 2819942
337	444 534400 619644 2397698 2612240
338	518 537012 669460 2212754 3435271
339	592 564744 903852 2720518 3381981
340	444 568418 951384 2450500 3017141
341	560 603942 1031512 2880100 3070622
342	444 625362 1005272 2879046 3727732
343	444 512892 1035660 2703829 3721498
344	444 435366 1012764 2881307 3728992
345	444 670934 912832 2479932 3490923
346	518 551864 863336 2448263 3715204
347	518 645592 1037264 2527062 3886764
348	518 804630 895546 2580185 3418795
349	518 618986 923434 2700571 3388050
350	518 639932 939772 2574313 3035676
351	518 740354 1076482 2355414 3033604
352	444 688844 918150 2343067 3707366
353	518 618488 940790 2640816 3573033
354	518 721184 955720 2723144 3727566
355	444 691590 940418 2342924 3667792
356	518 698136 942904 2252545 3546324
357	518 826636 930454 2141242 2993426
358	444 708784 969018 2310717 3434740
359	518 630332 944004 2569688 3192427
360	518 669106 958322 2324172 3117556
361	592 660316 870100 2291373 3808260
362	444 603698 977428 1506234 3545027
363	518 707188 888516 2561658 3833916
364	518 684296 867092 2899762 3449528
365	444 677554 858614 2416470 3487874
366	444 553778 737622 2194655 3672168
367	518 615828 708358 2446960 2713365
368	518 634968 708400 2540396 3659507
369	486 672532 804410 2872010 3453324
370	444 658318 688074 2546444 3723936
371	518 689088 843868 2609952 3748687
372	444 694780 893366 2811458 3715177
373	444 591278 781316 2132818 3470368
374	518 624462 754432 2254160 3355943
375	518 616794 742298 2310982 3416379
376	444 671896 774270 2161050 3474714
377	444 678218 758098 1918482 3457980
378	518 604316 712050 2122636 3326243
379	518 664818 868670 2187354 3331418
380	518 646304 817118 2383530 2726837
381	444 679272 767426 2392956 2762026
382	444 612544 717722 2134946 3166735
383	592 619100 789644 2734618 2808436
384	518 644734 913632 2794445 2998876
385	444 636088 763068 2682307 3624750
386	518 643634 791090 2127939 3494828
387	518 631226 878454 2212249 3627744
388	518 657572 923744 2431344 3148401
389	444 503842 706632 2572180 2931048
390	518 672558 712130 2688853 3210068
391	592 652660 711864 2817417 3829336
392	518 658734 738216 2736660 3700856
393	518 622606 743428 2954567 3705602
394	444 657002 705522 2768165 3902044
395	518 606118 722050 2772294 3931590
396	518 609474 748996 2896274 4007320
397	444 654894 666488 2806509 3560054
398	518 646326 828138 2705885 3820442
399	518 606692 829592 2094635 3693212
400	518 618274 804960 3489130 3698724
401	518 629104 692780 2377710 3305384
402	518 589900 651068 1765472 3185340
403	444 553638 683354 2620048 2986577
404	444 578888 745406 2246275 2839896
405	518 574090 674224 2185610 3049320
406	444 675854 804536 2564240 2834198
407	444 604770 852766 2356415 2810604
408	518 670540 699500 2294778 3183826
409	518 609474 819616 2335379 3313687
410	444 566042 808102 2317403 2751886
411	518 553096 772586 2614020 2837218
412	518 553112 836602 2476393 2684076
413	518 562264 772318 2248503 2931344
414	518 549538 871342 2668789 2698522
415	444 571526 974044 2241860 2827418
416	518 569250 979986 2273022 3165378
417	560 547140 953500 2387899 2669085
418	444 548076 1025620 2332778 2723922
419	518 552964 908320 2316669 2791782
420	518 564012 890456 1502523 2744301
421	518 433810 944202 2599985 4250482
422	518 698262 994406 2365341 3022658
423	518 683412 899698 2395328 3459526
424	518 572570 963088 2023031 3094552
425	444 497722 938560 2609868 2895618
426	518 653690 922460 2298832 2596584
427	444 557856 1021722 2378750 3476463
428	518 566562 940786 2439848 3281634
429	518 653448 925882 1914542 2787758
430	518 699564 926758 2594429 3096414
431	444 642354 935250 2200444 2674352
432	518 709144 922830 2223256 3326514
433	444 763166 912292 2193082 2545742
434	518 828026 933032 2108440 2745540
435	444 763542 943412 2268965 3097933
436	444 687038 922884 2308997 3000071
437	444 604470 948028 2341773 3053065
438	518 709738 908820 2267843 3259524
439	518 693466 927304 2361433 2960073
440	518 684414 856718 2315115 2878486
441	444 589890 910080 2034784 2558256
442	444 648044 915318 2065788 2710426
443	518 642442 730090 2397593 3464753
444	592 627682 700818 2354481 3642881
445	444 670236 747176 2345400 3561942
446	444 615644 814136 2224854 3549098
447	518 627238 688272 2073253 3551440
448	518 647262 751450 2689144 3461649
449	444 626878 791008 2389250 3502326
450	592 618308 842370 2281562 3387289
451	444 676338 703236 2003168 3425894
452	518 669236 823832 2092393 3658972
453	518 691046 784166 2004045 3432125
454	444 631102 952526 1911281 3360076
455	518 633734 781404 2271092 3396146
456	444 673838 751388 2234926 3397203
457	592 637130 702878 2426274 2855835
458	518 619060 799784 2513611 2868284
459	444 639358 698184 2519369 2933266
460	518 622162 742632 2417542 3041542
461	518 678714 979554 1907360 3062354
462	518 605920 766788 1916306 2939960
463	518 552910 734572 1838979 3346143
464	486 675956 717212 1440915 2747146
465	518 685704 819318 2443462 4988285
466	518 562208 929452 2724875 3607714
467	518 660560 828728 2869626 3687376
468	518 612824 969716 2895094 3679678
469	518 572328 924866 2909791 3734664
470	370 615764 686446 2560715 3665686
471	518 623744 690468 2579237 3667246
472	444 629858 645418 2708260 3771476
473	518 598750 789922 2802253 3594642
474	444 614510 904360 2867799 3612842
475	518 615748 939098 3133842 3658976
476	444 680576 771120 2562352 3535590
477	518 626358 767588 2730531 3591804
478	518 615726 768130 2168893 3791036
479	444 615444 798682 2483551 3288583
480	518 622224 900938 2340437 2786820
481	518 608644 813650 2437708 2838766
482	518 535128 877536 2373222 3427958
483	444 654366 928008 2694246 3332848
484	518 535152 789455 2460917 2867908
485	444 628170 877878 2315481 3123070
486	518 613324 971208 2392913 3118922
487	518 516150 856178 2407399 2811982
488	444 669554 752432 2437369 2884704
489	518 649364 860684 2636259 2880846
490	518 707124 938208 2272067 2820073
491	444 665714 846378 2213097 3264306
492	518 656960 892986 2231906 2955824
493	518 718622 836664 2271860 2810825
494	444 654054 767022 2374321 2966571
495	518 536254 854678 2562117 2777704
496	444 665400 954242 2673787 3343701
497	518 623454 923014 2406581 3068005
498	518 750916 929160 2348522 2788872
499	444 554144 893260 2080647 2592338
500	518 625646 940182 2705569 2800535
501	518 682440 945090 2361541 2964744
502	444 485158 888348 2660755 3169190
503	592 653800 962218 2769640 3821927
504	444 609118 880832 2783607 3556434
505	518 666822 887478 2546556 3714734
506	518 677350 862750 2311789 3180558
507	444 737084 1007260 2228128 2726472
508	444 748236 947976 2321712 2969891
509	444 595060 949692 2513990 2769901
510	518 785836 949130 2361885 2727993
511	444 732246 949684 2220712 3465349
512	560 678630 954732 2348650 3243338
513	518 798062 932280 2287730 3221449
514	444 889244 927542 2103441 3368971
515	444 852918 969758 2321129 2820607
516	444 673904 953736 2292529 2987654
517	518 807834 959892 2685932 3731720
518	444 699836 998790 2524755 2867928
519	444 615114 870372 2712858 3924942
520	444 844320 938296 2345614 3401675
521	518 828398 948066 2299772 3479321
522	518 768866 944410 2328460 3090689
523	592 770268 928526 1934423 2559224
524	444 812678 1065598 2479926 4086257
525	518 752352 949096 2397778 3418392
526	518 615756 970678 2467889 3558160
527	518 874006 935616 2523031 3296558
528	592 706264 868354 2609120 3597768
529	444 696702 934288 3046689 3347532
530	444 732126 789521 2490858 3538274
531	444 656782 858850 2709053 3467796
532	444 760610 917754 2632447 3045485
533	444 676988 958720 2758614 2990784
534	518 678408 916556 3026158 3486066
535	518 729882 853274 3306640 3525152
536	518 636430 956640 2460696 3672544
537	592 679804 934660 2685684 3617976
538	444 708296 942618 2240391 3435655
539	518 704182 926140 2476603 3458324
540	444 683934 914742 2731108 3499240
541	592 690352 965676 2623034 3499948
542	518 671152 897028 2399227 3328832
543	444 680786 955496 2265812 3512390
544	444 671226 956222 2961807 3500330
545	518 677388 941800 2808520 3437370
546	444 621984 899710 2230257 3369548
547	444 739160 962754 2510283 3805854
548	592 883804 949726 2882196 4176194
549	444 685096 921810 2770054 3646438
550	444 686496 967922 2672506 3546348
551	518 696158 999534 2764184 3723796
552	518 748666 967536 2722174 3416762
553	518 624514 943414 2393437 3696528
554	518 688866 891824 2883826 3653376
555	592 672072 945132 2864430 3604596
556	444 721096 948478 2692510 3489926
557	518 693810 940438 2467156 3673514
558	444 780804 948576 2729610 3717994
559	560 632848 932142 3050268 3429034
560	518 693490 943006 3086243 3678572
561	444 692010 919280 2607520 3665906
562	518 640936 935300 3219562 3671992
563	518 687114 944074 2502188 3837074
564	444 655240 941926 3266458 3445358
565	592 678208 928562 2974473 3679536
566	518 659482 914590 2862616 3670070
567	444 662794 853736 2383785 3733068
568	444 669314 1028550 2427381 3615976
569	518 619282 683478 2941105 3394073
570	444 621570 724594 2568464 3585039
571	518 677974 707632 2647341 3529349
572	518 673616 760902 2550934 3506846
573	444 624680 666480 2708692 3392535
574	444 573370 860076 2921474 3448097
575	518 614554 876786 2658386 3385366
576	518 672030 940872 2913616 3850782
577	518 497972 769768 2689739 3672996
578	444 609788 771136 2482667 3657578
579	518 606438 851454 2305965 3429558
580	444 671382 915236 2622468 3390859
581	518 565342 971388 2679733 3133408
582	444 568110 894716 2696298 3227740
583	518 677134 962284 2140385 2923674
584	444 614842 894744 2730058 3560054
585	444 604794 820774 2704201 3052146
586	518 573978 727086 2774251 2998416
587	444 620404 780078 2378456 3773440
588	444 524320 953676 2317384 3634946
589	518 551258 883588 2535470 2710973
590	444 611178 936422 2641145 2770917
591	518 599446 903504 2483521 2907558
592	592 729294 911328 2679988 3768858
593	444 663248 879966 2525938 3612886
594	518 643982 912264 2619042 3640632
595	592 634260 874326 2901043 3672302
596	444 620128 908350 2898898 3687470
597	518 564806 856764 2514172 3643920
598	518 625614 909734 2659691 3567026
599	518 685462 903886 2921707 3702478
600	444 674206 916038 2833884 3697676
601	518 618886 713708 3002412 3724898
602	518 506214 669938 2335270 3767740
603	518 562880 748650 2215786 3597578
604	444 660564 930478 2325127 3078990
605	444 630204 726000 2443609 2907888
606	560 635244 817892 2333893 3124478
607	518 629598 866372 2420461 2655210
608	518 617530 914284 2416905 3077536
609	444 623832 928492 2372223 3174855
610	444 483600 964124 2348567 3408955
611	518 663722 950462 2627887 3526771
612	444 603098 978722 2370708 3519166
613	518 683568 755000 2309096 3232694
614	592 583338 834490 2366010 2724765
615	444 575920 868514 2547952 2741586
616	518 665292 866288 2550248 2812760
617	444 572114 930034 2523978 2974366
618	444 539194 922932 2266552 3408482
619	518 643848 931572 2311078 3599198
620	444 643766 842512 2445067 3265618
621	518 630850 936534 2491421 3499930
622	518 698330 929590 2015492 2914716
623	518 686540 870154 2008727 2877618
624	518 629320 931652 2286923 2609116
625	518 672636 926542 2361236 2691552
626	518 567624 867806 2257732 2905832
627	518 631098 922908 2329041 2803350
628	518 663888 747594 2113062 2790114
629	518 620204 739306 2825520 3670225
630	518 640510 738086 2513102 3341136
631	444 591634 772936 2110416 3243960
632	518 614786 665388 2550068 3614046
633	444 663936 704810 2708779 3677240
634	518 617532 699004 2472338 3547518
635	444 604524 705236 2389049 3678384
636	518 607100 831138 2604837 3305773
637	518 613186 962338 2332673 3442827
638	518 668174 899818 2388794 3557586
639	518 618684 886958 2501923 3439008
640	518 616326 905400 2505316 3652235
641	444 653696 702300 2875130 3224954
642	518 614454 837870 2439423 2722109
643	518 624304 955428 2498255 3624742
644	444 686024 993214 2486735 3126466
645	444 603142 913786 2377191 2701355
646	444 690442 968708 2191741 2532899
647	444 626872 953470 2363562 2704210
648	518 654236 902196 2404303 2494134
649	518 674692 879584 2198475 2726515
650	518 675404 918474 2498582 2711954
651	518 760622 1012946 2087467 2795837
652	370 643206 923712 2296914 2772728
653	518 695600 952256 2295619 2721518
654	708 704844 951104 2184448 2646967
655	444 765688 942096 2542790 2907809
656	444 690324 908464 2591074 2800046
657	518 619504 870462 2721992 3235314
658	518 641142 938730 2689903 3271236
659	518 563406 879686 2772884 3535534
660	518 642498 880112 2463817 3653226
661	444 684840 941712 2674546 3752908
662	592 696796 931752 2699710 3546996
663	518 668134 1028316 2638764 3732670
664	518 693370 892590 2336546 3185426
665	518 629430 948672 2327989 3373990
666	444 680858 897116 2187692 3437190
667	518 633610 959526 2234038 3491459
668	592 617142 955042 2408732 3408817
669	444 675114 773470 2404335 3149682
670	370 636152 864764 2255546 2551292
671	518 633734 938902 2367185 3474945
672	518 651888 913034 2314164 3510874
673	518 619880 893728 2245555 3411894
674	370 609634 921262 2322696 3342251
675	518 677768 985734 2345338 3493147
676	444 671206 942008 2629353 3622904
677	444 678174 1038258 2375675 3079319
678	518 622210 936316 2294961 2739350
679	518 623382 926626 2368771 3322536
680	592 616956 920670 2315981 2687124
681	518 688128 881746 2395419 2687258
682	444 678590 917100 2485776 2881086
683	518 608080 925920 2328449 3005020
684	444 591262 999010 2292249 2875116
685	518 655214 873514 2798530 2997324
686	518 621684 815074 2709966 2999321
687	518 618412 742898 2644917 3032658
688	592 623534 1004190 2517438 3809240
689	444 616564 924612 2663293 3560452
690	518 621882 924662 2344121 3505096
691	444 638606 956698 2782983 3510581
692	518 763960 979890 2719027 3476760
693	444 746248 894984 2959462 3471810
694	518 637246 972128 2888359 3735594
695	444 611424 986814 2856912 3657422
696	444 628326 934988 1633685 3630788
697	518 650066 891490 3499352 4050107
698	444 605852 942870 2260670 3680780
699	518 675292 898978 2709329 3518758
700	518 637110 1000700 2627924 3006502
701	560 609914 930276 2216307 2884192
702	444 598106 872510 2551562 3131386
703	518 664316 971896 2521392 2859125
704	444 662270 933678 2479128 2691670
705	444 768846 925784 2455239 3631367
706	518 760772 998324 2273650 3375029
707	518 563776 961982 2564290 3061905
708	518 695994 937014 2577516 2816756
709	444 580496 905854 2316830 3595076
710	518 573818 894982 2385778 2703579
711	444 575536 952524 2496886 2739267
712	518 626154 878464 2616786 2908450
713	444 628094 963226 2950277 3253463
714	592 600002 962612 3057357 3658388
715	444 663518 898158 2649334 3741854
716	518 550716 971948 2792945 3700218
717	444 545520 910872 2761032 3556440
718	518 503580 936798 2438483 3723126
719	444 617134 930164 2459468 3776679
720	666 734974 1010846 2256375 3475104
721	444 606286 1088676 2396824 3497771
722	592 560102 957214 2552640 3583658
723	518 564900 1021116 2304776 3420669
724	444 605650 897600 2342893 3640901
725	518 558218 948688 2550768 3517349
726	518 616082 951586 2992492 3447977
727	518 723278 991452 2809202 3055492
728	518 900200 957852 2269806 3723624
729	518 731992 1053930 2734663 3685228
730	518 651390 1066814 2498380 2746620
731	518 698738 928020 2274640 2991480
732	444 675886 916218 2299781 3544010
733	444 572244 1047494 2561856 3251447
734	518 714650 958596 2500880 3412040
735	518 723136 987268 2344847 3359528
736	592 634332 1032618 2311770 3428475
737	444 679340 924900 2186794 2677952
738	518 621922 925326 2319052 2552826
739	444 744768 878418 2162108 2869548
740	444 618556 866276 2552834 3522246
741	444 631832 982416 2983876 3242512
742	518 624128 860410 2763963 3919832
743	518 624596 859516 2974462 3574628
744	518 675396 762984 2467281 3727782
745	518 625154 730836 3357375 3658068
746	444 659094 818094 2680702 3800426
747	560 671132 773186 2645178 3739496
748	444 607904 896884 2237867 3614520
749	518 603292 963100 2358331 3812218
750	444 594870 963896 2223585 3804322
751	518 604138 767878 2407325 3786620
752	444 674558 753820 2495026 3277961
753	518 638388 794836 2439636 3359473
754	592 688976 1026038 3186122 3665505
755	518 613006 901456 3342264 3818197
756	518 591682 957124 3476744 3786610
757	518 724760 939578 2709397 3784992
758	444 626168 890264 2229314 3655034
759	518 691254 822404 2283454 3309918
760	518 626150 958136 2237347 2907775
761	592 686098 934692 2105378 3300168
762	444 745508 1021658 2330134 3559580
763	518 736366 938238 2680952 3144947
764	518 684072 1029372 2498818 3742702
765	518 689316 957378 2500089 3680746
766	518 632970 965106 2323336 3555802
767	518 754072 963864 2244512 3661974
768	518 666038 970514 2708394 3310288
769	444 878738 951578 2592443 3414141
770	518 686540 998912 2985980 3133935
771	518 800588 964812 2805832 3762768
772	444 839502 934476 2699091 4026908
773	518 647952 936534 2926884 3987298
774	444 698364 935480 2534485 3785186
775	444 774518 986258 2783802 3683804
776	518 913246 972246 2838318 3529578
777	518 856168 1028865 2712064 3733442
778	444 898738 991776 2326354 3673162
779	518 867078 934034 2291331 3669322
780	444 687432 936384 2298450 3119988
781	518 737990 956490 2361300 2888321
782	444 687320 930070 2104942 2913868
783	444 714692 1012514 2277928 3501187
784	518 737880 947064 2494000 3496119
785	592 742576 969960 2569298 3419293
786	518 681240 968912 2109756 2891359
787	444 680436 998004 2551330 3176490
788	592 645866 874188 2505636 3429279
789	444 635470 915046 2293066 3493297
790	518 711884 876376 2317328 3548626
791	370 677016 970904 2443928 3506207
792	518 905368 998226 2206114 3508912
793	444 845246 937344 2216930 3742112
794	486 858032 958036 2556730 3347164
795	518 702086 908240 2255437 3636536
796	518 486298 832238 2509126 3478551
797	444 620996 994044 2577086 3517613
798	518 664452 927670 2751652 3521538
799	444 852302 1017772 2799072 3560632
800	444 694194 992780 2438709 3766566
801	518 492242 934372 2272884 3692764
802	518 747534 911070 2413235 3333160
803	444 610292 892226 2879500 2939791
804	592 554560 928746 2765092 3121470
805	444 641202 941162 3372940 3581206
806	518 582858 938784 3266596 3632856
807	444 677256 947664 2809464 3681484
808	518 619530 895736 2604527 3747498
809	518 626014 878526 2750944 3543975
810	444 640900 880530 2449778 3091423
811	518 641174 929760 2966432 3730278
812	518 570104 878132 2817775 3708060
813	444 631834 900286 3192447 3689515
814	518 619734 952060 3044702 3826893
815	444 657448 976920 2920353 3718778
816	518 689754 855284 2512577 3776794
817	518 549116 865132 2261664 3851472
818	518 628120 918816 2316633 3671226
819	444 623160 766272 3215114 3667354
820	518 613784 916982 3443255 3829005
821	518 552874 921110 2756054 3718598
822	518 686342 922968 2416455 3828796
823	518 590828 813130 2332753 3282283
824	444 633916 792390 2006453 2857464
825	518 666080 926166 2416939 3415804
826	444 564858 849178 2617564 2789622
827	518 708662 942048 3109692 3553888
828	444 615776 941072 2955920 3605520
829	444 647916 842736 2772745 3786506
830	518 596164 983804 3314621 3687040
831	518 613696 701460 3386434 3694022
832	444 601804 706324 2491459 3532964
833	518 619316 756082 2311654 3460526
834	444 619782 709170 2498069 3192843
835	518 634564 759200 2518907 3030902
836	444 528286 965668 2900614 3873006
837	518 695338 889352 2747633 3810182
838	518 602364 845548 2610084 3680944
839	518 613060 970488 2758740 3187678
840	634 597796 764214 2082484 2926387
841	444 637468 697984 2814907 3481154
842	518 620680 835714 2895235 3631074
843	444 607132 943640 2823901 3683086
844	592 626812 788362 2765226 3591734
845	444 673280 862136 2533145 3711438
846	444 680068 881026 2241607 3125556
847	518 677760 870724 2361964 2675562
848	518 614990 948880 2471677 3023976
849	518 617300 879970 2519673 3466848
850	592 730482 933068 1971075 3607796
851	444 628318 952232 2605993 3783521
852	518 680468 887261 2697999 3497152
853	518 626140 818048 2740929 3475068
854	518 636296 935742 2571942 3547964
855	518 667096 825062 2704445 3064452
856	444 622448 1041278 2452940 2540729
857	444 687614 893454 2384592 2670672
858	518 687688 908152 2490766 2821299
859	518 686412 848733 2512474 2915676
860	592 674788 741496 2356436 2987982
861	444 615328 748270 2634730 3109210
862	444 642330 939284 2608076 2827620
863	444 717058 882034 2665458 4174608
864	518 725392 926020 3354623 3848628
865	518 673350 944922 2904717 3605540
866	444 609098 914720 2737565 3726598
867	518 726594 802160 2663043 3181859
868	518 622876 878732 2479046 3279917
869	518 610492 912340 2380831 2695855
870	518 607944 924264 2189497 2643105
871	444 670714 903526 2311112 3490561
872	592 613086 931374 2290206 2592040
873	518 679716 899886 2312706 2727018
874	518 597498 780800 2571184 3094179
875	518 672388 841862 2374494 2685416
876	444 607182 965296 2872118 2946164
877	444 623226 912648 2530177 3012117
878	444 649670 946250 2335308 3072041
879	592 683256 987698 2193496 3480207
880	518 600038 963040 2507714 3635618
881	444 686272 937504 2329281 2824492
882	444 707596 958474 2277896 2758252
883	518 739296 926373 2360583 2760286
884	518 752974 930440 2070476 3388106
885	518 786656 880382 2696324 3503523
886	560 668904 1005278 2706818 3787122
887	444 749218 972724 2633309 3643494
888	518 737740 934262 2794659 3736390
889	444 792278 951484 2476665 3256856
890	444 724158 965260 2238124 3693750
891	444 910722 961662 2560535 3198736
892	518 623812 935932 2484839 2907979
893	518 851286 888848 2353337 3004444
894	518 724960 949130 2409036 3502890
895	518 717944 937128 2356793 3027178
896	518 705826 951862 2389625 2874033
897	444 727568 934460 2432783 3225413
898	518 705136 913636 2538594 3613530
899	518 638556 929014 2081545 3011671
900	518 651998 980022 2820319 3222192
901	518 705592 877482 3378128 3409315
902	518 686176 947652 2196786 3622472
903	518 696394 939122 2299265 3420972
904	444 691992 993128 2595362 3135818
905	518 638076 871462 2613136 3505830
906	444 678704 967362 2615962 3311146
907	518 626302 924806 2756667 3747864
908	518 683116 960566 2184313 3667400
909	444 551982 848792 2279722 3826258
910	592 681712 836642 2258631 3124048
911	444 607324 913776 2303814 3477884
912	444 639594 1027200 2620252 3608881
913	592 668922 907666 2437548 2986437
914	518 579546 936376 2470951 3480374
915	444 610254 926418 2267506 3401371
916	444 703300 800128 2580164 3437475
917	444 623026 915424 2499145 2949618
918	444 689816 971452 3071571 3421630
919	444 673284 1007220 2557500 3343835
920	444 813500 994904 2464977 3804070
921	518 684298 930656 2734978 3505661
922	444 617934 916052 2717353 3085325
923	518 644936 945016 2510854 2869238
924	518 776912 991740 2902691 3304916
925	444 658610 916148 2768902 3047428
926	444 570274 925904 2751236 2997177
927	518 681176 961298 2723479 3812912
928	518 692482 946186 2502420 3675498
929	444 567880 807110 2802974 3554494
930	518 665532 952474 2681688 3739956
931	444 664986 922308 2786806 3750816
932	634 688434 939864 2118218 3509762
933	444 646372 925988 2802418 3582181
934	592 554992 925722 2927686 3677114
935	518 635096 934480 3422984 3562822
936	444 519624 799452 2822994 3921362
937	518 555848 633190 2889665 3641926
938	444 602802 743528 3082250 3755852
939	444 621892 763644 3115530 3836449
940	518 536152 696484 3644198 3734547
941	518 506010 766714 3105569 3699158
942	518 524826 704822 2659693 3521398
943	518 560688 712664 2304858 3797280
944	444 443124 715784 2185779 3756406
945	518 567306 698038 2272043 2805560
946	444 573336 689700 2336742 3503326
947	444 564926 724358 2503186 3601319
948	444 504858 904078 2297669 3485266
949	518 543038 843530 2262991 3489047
950	518 481834 904096 2326313 2954153
951	518 501578 792104 2298367 2656941
952	518 506504 701480 2381156 2998312
953	444 508876 661096 2263053 2974421
954	592 477298 644872 2238581 2791498
955	444 510780 1069394 2850434 3117045
956	518 489412 966388 2738917 3078418
957	444 511092 946016 3095558 3565324
958	518 530848 828232 2497589 3563720
959	444 619048 918314 2379252 3799822
960	444 565830 925042 2842584 3673841
961	592 547080 990848 2838823 2969333
962	592 615792 960036 2654343 3634558
963	444 694076 978544 2311388 3932714
964	592 697638 914702 2324645 3770020
965	518 619500 979386 1970357 2514412
966	518 616240 907538 2151440 2939027
967	518 671652 919166 2052623 2821246
968	444 631084 948600 2429868 4154566
969	518 545824 1002168 1910526 3706310
970	518 615528 952734 2177703 3691092
971	592 705322 929490 2191180 3707522
972	444 499954 933578 2345236 3774416
973	444 679022 933794 2281897 2706370
974	592 705294 905606 2015130 2704582
975	518 768460 896388 2105538 2887454
976	444 708218 1015748 2298488 3179937
977	518 718338 935192 1911142 2926098
978	560 698092 900200 2963100 3487788
979	518 674012 912926 2420857 3423657
980	444 634848 867716 2516734 3157816
981	444 676870 933780 2442006 2712607
982	518 706716 848548 2373390 2896558
983	444 644580 852446 2522179 2803626
984	518 651396 912296 2398124 3252516
985	444 683396 728048 2241292 2994727
986	444 613982 712774 2058194 2575130
987	592 684606 913380 2014191 3196098
988	444 634842 898252 2088768 3218629
989	518 614220 908618 1897747 3406101
990	518 678662 775780 1963141 3530657
991	518 637268 744364 1926618 3401037
992	518 618138 779614 1972566 3249187
993	444 675750 715456 1992423 3406432
994	444 644260 871986 1968879 3233216
995	518 630992 890048 2013325 3191968
996	444 669828 910480 2352086 3361504
997	518 624612 912262 2268842 3400216
998	444 668966 737470 2343010 3333915
999	518 623296 882462 2646893 3829106
1000	518 669284 813850 2527983 3028282
1001	518 645020 935366 2460847 3598184
1002	444 699564 867188 2292241 3245576
1003	518 691014 888578 2352555 2733168
1004	518 758938 974146 2511066 2949749
1005	518 673832 826948 2577964 2861626
1006	444 633226 782596 1959306 2666070
1007	518 671688 743250 2448523 3816794
1008	444 683222 857488 2478826 2757198
1009	444 628302 934242 2314094 2963186
1010	444 672796 806062 2605531 3489466
1011	592 652526 958574 2488201 3831874
1012	518 704296 873006 2761746 3634462
1013	444 649440 814850 2615897 3644294
1014	592 624686 731414 2533957 3784218
1015	444 628066 817782 2960367 3482202
1016	518 690582 922876 2763329 3724112
1017	518 671876 817086 2891578 3305556
1018	370 651452 826846 3290018 3572288
1019	592 564286 968556 2430822 3562378
1020	444 683674 901814 2342298 3758356
1021	592 676912 978166 2438573 3242538
1022	444 618124 898720 2360396 2820522
1023	518 635392 966312 2297105 2933152
1024	560 619690 897258 2533471 3293936
1025	518 626942 971750 2387999 3447383
1026	444 625860 970972 2303849 3167168
1027	444 671192 947164 2276120 2945942
1028	518 611398 1062434 2302748 2802099
1029	444 675762 958072 2261565 2844836
1030	518 614346 955358 2347396 2888084
1031	518 747064 962190 2297199 2790537
1032	592 688726 1004268 2324057 3434342
1033	518 684958 977374 2337405 3366081
1034	592 817958 974956 2273469 2832218
1035	444 703392 924064 2506136 3080450
1036	444 859708 936334 2580026 3660957
1037	592 808328 987606 2651286 2744820
1038	518 901508 946820 3049382 3836976
1039	444 922250 989578 2483711 3370130
1040	444 731238 963988 2276467 3718222
1041	444 780294 970250 2326817 3147312
1042	592 727588 939530 2238682 2910104
1043	444 720214 911756 2313236 2774720
1044	518 856676 972150 2449175 2904094
1045	518 917627 958108 2599364 2756510
1046	518 903526 933960 2712109 2833934
1047	444 830604 968098 2294200 3596342
1048	592 620412 946984 2388215 3704424
1049	518 759794 977544 2594788 3454430
1050	518 693728 927476 2233749 3468876
1051	592 698794 966262 2325279 3238204
1052	444 784048 973332 2652070 3345772
1053	518 766088 1013566 2759666 3694498
1054	444 693650 980040 3037652 3334760
1055	518 684660 1012110 2482503 3592930
1056	444 766774 963098 2382524 3530504
1057	518 749796 985964 2314769 3328345
1058	486 608602 1064336 2456601 3556142
1059	444 763132 958202 2390689 3471495
1060	444 833706 945374 2222178 3435020
1061	592 829606 890220 2292877 3508624
1062	444 823554 936768 2482085 3466338
1063	444 803284 954588 2384682 3084064
1064	518 894322 965344 2039848 3441006
1065	518 637112 921014 2622176 3299547
1066	444 700282 962484 2369391 3509034
1067	518 771466 911868 2383117 3495976
1068	518 775220 879438 2747662 3406457
1069	444 695940 922680 2691928 2996308
1070	444 845098 958668 2710779 3311538
1071	518 882546 963606 2700556 3722564
1072	518 746814 966486 2418649 3695750
1073	444 679856 897628 3135302 3472452
1074	518 739096 890910 3536879 3766460
1075	518 847866 919550 3316441 3733977
1076	444 720339 886092 2897640 3767396
1077	518 682948 969004 2552227 3715416
1078	518 689232 906746 2913696 3774526
1079	444 745014 956556 2853734 3423791
1080	444 626666 959776 3271677 3783388
1081	444 731846 948684 3119663 3854828
1082	518 743734 934362 3046387 3716544
1083	518 741810 905172 2690920 3836186
1084	518 761256 965514 2718419 3751716
1085	518 769230 937220 2656773 3775518
1086	444 648276 899684 2906002 3425953
1087	518 712596 1207862 2988564 3498044
1088	444 682364 955398 2906387 3776584
1089	518 875248 963954 2504890 3770584
1090	518 908252 955352 2264634 3717164
1091	560 830226 961278 2390833 3414368
1092	518 878592 938896 2384332 3429700
1093	370 688698 943748 2730936 2920022
1094	592 638888 961592 2729098 2857890
1095	518 648780 935352 2845604 2968724
1096	444 712688 887592 2908191 3793740
1097	518 643252 921462 2836852 3797426
1098	444 633418 944014 3198140 3554745
1099	518 658194 900294 2970662 3745426
1100	518 747658 953628 2944607 3388386
1101	592 682238 899570 2919487 3698950
1102	518 606258 931060 2852054 3621316
1103	518 627640 887846 3370493 3663380
1104	518 759776 926404 3539593 3867094
1105	444 571202 885372 2874747 3545642
1106	444 586952 924274 2848327 3665004
1107	518 516046 945222 2865697 3657108
1108	444 553760 865210 2785271 3511294
1109	592 560716 866432 2832153 3600384
1110	444 602840 737012 2836467 3554620
1111	518 655000 879742 2577770 3616687
1112	518 569926 899924 2954476 3390681
1113	518 558088 801500 2776605 3361428
1114	518 494008 869594 2312965 3675820
1115	518 586068 851908 2184613 3493920
1116	444 567856 789854 2641883 2820040
1117	444 496124 752314 1969592 3546079
1118	444 479176 736602 2874626 3470267
1119	444 497600 813900 2993994 3646082
1120	444 567836 778318 3369824 3946325
1121	592 498410 703384 3524948 3838182
1122	518 485618 696088 3317839 3678198
1123	592 570960 906062 2883108 3675544
1124	560 561536 763822 2711046 3559010
1125	444 565918 713892 2799182 3502490
1126	518 588640 685700 2539946 3694600
1127	518 557188 739978 1809121 3633794
1128	518 638442 685666 3436141 3711702
1129	444 623888 681908 2771555 3699530
1130	444 576314 854834 2916591 3578426
1131	518 692056 916304 2810684 3753468
1132	444 681298 967828 2792811 3648156
1133	592 631954 964808 2896653 3597844
1134	518 504576 1164318 2207033 3721618
1135	444 624354 1295224 2045013 3401768
1136	592 682480 1198798 2294035 3404254
1137	444 611860 1160934 2138751 2659092
1138	518 623338 1287650 2163406 2755649
1139	444 404394 872288 1831220 3044718
1140	518 258842 946984 2407158 3561226
1141	444 275532 1134735 2269880 3690750
1142	444 248018 1057024 2507418 3643442
1143	518 250840 1190126 2608912 3647240
1144	518 313160 1253354 2169576 3646942
1145	444 249710 1130190 2300035 3570396
1146	444 226238 1232037 2405474 2702386
1147	444 265038 1217883 2503396 3008550
1148	444 165654 1503697 2634100 2980485
1149	518 3348 1532026 2703871 3008698
1150	518 3618 1564299 2565072 3558022
1151	444 518 1382821 2506366 3701590
1152	444 592 973231 2707048 3555944
1153	444 518 1138749 2746984 2939642
1154	444 518 1114140 2597602 3248134
1155	66 518 1568547 2361529 3471172
1156	444 518 1833067 2443290 3067810
1157	486 518 1450032 2155190 2703405
1158	518 518 1803874 2220318 3072708
1159	444 518 1717567 2311000 3326272
1160	444 592 1620786 2150264 3553704
1161	444 592 2185331 2418741 3568820
1162	444 518 1436630 2448692 3375990
1163	444 518 2285684 2335068 3197002
1164	518 518 1337217 2147856 3482601
1165	444 518 1774970 2396853 3524777
1166	444 518 1349512 2461956 3412723
1167	444 518 1187304 2160687 3411490
1168	444 518 1175893 2397790 3218333
1169	444 281216 1863571 2451794 2728436
1170	444 231196 2176471 2394935 2642006
1171	518 243596 1758320 2364540 2947876
1172	444 298946 1577165 2721408 2844013
1173	518 252696 1988798 2701390 2780399
1174	592 301808 2021035 2749381 2987522
1175	444 247828 1593374 2793435 3476628
1176	518 252556 2020470 2851576 3305345
1177	444 294556 1405627 2536976 3063954
1178	444 108433 1845124 2457898 2735730
1179	444 1255808 2561482 2642954 2816609
1180	444 1122532 2605926 2646492 2919621
1181	518 1699314 2678390 2906262 3100080
1182	518 1475573 2605610 3064064 3531466
1183	444 1710320 2622905 2743945 3791714
1184	444 1331972 2791505 3137626 3581046
1185	518 1520644 1774613 2728406 3453438
1186	444 1216559 3140768 3796610 3796610
1187	304370 1237491 2881030 3655390 3655390
1188	66 1714413 3331735 3535962 3535962
1189	272 582575 2785904 3669240 3669240
1190	0 74 2810988 3719102 3719102
1191	0 206 2637466 2953520 2953520
1192	74 74 2372716 2411708 2411708
1193	0 0 2330164 2481940 2481940
1194	0 74 2421263 2437886 2437886
1195	0 0 2702348 2714019 2714019
1196	0 74 2626333 2743534 2743534
1197	0 0 2337306 2676500 2676500
1198	0 74 2269228 3079840 3079840
1199	0 0 2414858 3474752 3474752
1200	0 0 2710310 2772312 2772312
1201	0 0 2577624 2743356 2743356
1202	0 0 2270159 2823898 2823898
1203	2280874 2280874 3099816 3099816 3099816
1204	2253780 2253780 2620832 2620832 2620832
1205	2634442 2634442 3998532 3998532 3998532
1206	2713168 2713168 3584492 3584492 3584492
1207	0 0 2868534 2868534 2868534
1208	206 206 446324 446324 446324
1209	0 0 74 74 74
1210	0 0 206 206 206
1211	74 74 74 74 74
1212	0 0 0 0 0
1213	0 0 74 74 74
1214	0 0 0 0 0
1215	0 0 74 74 74
1216	0 0 0 0 0
1217	0 0 74 74 74
1218	0 0 0 0 0
1219	0 0 0 0 0
1220	0 0 0 0 0
1221	0 0 0 0 0
