1	1318912 1503232 2256896 3936256 4243456
2	1273856 1503232 2236416 3932160 6115328
3	1073152 1208320 2297856 3813376 6746112
4	1073152 1273856 2203648 4534272 7282688
5	1052672 1273856 2236416 4706304 8069120
6	1032192 1257472 2220032 4722688 8724480
7	1032192 1544192 2236416 4853760 9510912
8	1032192 1667072 2236416 4730880 10723328
9	1032192 1765376 2236416 4730880 11378688
10	1032192 1765376 2338816 4759552 12296192
11	1163264 1769472 2338816 4890624 13344768
12	1183744 2060288 2342912 5021696 14131200
13	1056768 2187264 2367488 4894720 15048704
14	1056768 2228224 2338816 4800512 15966208
15	1056768 2064384 2338816 4800512 16883712
16	1056768 2015232 2469888 4800512 17932288
17	1056768 2015232 2342912 4800512 18718720
18	1056768 2015232 2342912 4800512 19505152
19	1056768 2015232 2342912 4800512 20422656
20	1056768 2015232 2342912 4800512 21602304
21	1056768 2015232 2347008 4800512 22257664
22	1056768 2203648 2347008 4800512 23097344
23	1056768 2084864 2347008 4800512 24301568
24	1056768 2015232 2363392 4800512 25399296
25	1056768 2015232 2347008 4800512 26619904
26	1056768 2015232 2347008 4800512 27463680
27	1056768 2015232 2347008 4800512 28434432
28	1056768 2015232 2347008 4800512 29351936
29	1056768 2015232 2347008 4800512 30269440
30	1056768 2015232 2347008 4800512 31059968
31	1056768 2088960 2347008 4800512 32108544
32	1056768 2088960 2347008 4931584 33157120
33	1056768 2015232 2347008 4804608 34074624
34	1056768 2015232 2347008 4935680 34861056
35	1056768 2015232 2347008 4935680 35516416
36	1056768 2015232 2478080 4808704 36302848
37	1056768 2015232 2609152 4808704 37699584
38	1056768 2015232 2609152 4808704 38617088
39	1056768 2015232 2609152 4808704 39534592
40	1056768 2015232 2531328 4808704 40321024
41	1056768 2015232 2531328 4808704 41238528
42	1056768 2015232 2404352 4808704 42029056
43	1056768 2146304 2404352 4808704 42815488
44	1056768 2146304 2404352 4808704 43601920
45	1056768 2019328 2404352 4808704 44650496
46	1056768 2019328 2404352 4808704 45305856
47	1056768 2019328 2535424 4808704 46092288
48	1056768 2019328 2408448 4808704 47665152
49	1056768 2097152 2408448 4808704 48189440
50	1056768 2019328 2408448 4808704 49238016
51	1056768 2019328 2408448 4808704 50810880
52	1056768 2019328 2408448 4808704 51597312
53	1056768 2019328 2408448 4808704 52383744
54	1056768 2019328 2408448 4808704 53301248
55	1056768 2019328 2408448 4808704 54218752
56	1056768 2019328 2539520 4808704 55398400
57	1056768 2019328 2412544 4808704 55660544
58	1056768 2019328 2412544 4808704 56709120
59	1056768 2101248 2412544 4808704 57495552
60	1056768 2101248 2412544 4808704 58413056
61	1056768 2101248 2412544 4808704 59592704
62	1056768 2101248 2412544 4808704 59854848
63	1056768 2101248 2412544 4808704 60641280
64	1056768 2101248 2412544 4808704 61296640
65	1056768 2101248 2412544 4808704 62083072
66	1056768 2019328 2412544 4939776 62783488
67	1056768 2019328 2412544 4939776 63963136
68	1056768 2019328 2412544 4939776 64356352
69	1056768 2019328 2412544 4886528 65142784
70	1056768 2019328 2412544 4874240 66453504
71	1056768 2019328 2412544 4886528 66584576
72	1056768 2019328 2412544 4886528 67502080
73	1056768 2019328 2412544 4886528 68157440
74	1056768 2019328 2412544 4886528 68943872
75	1056768 2019328 2412544 4886528 69730304
76	1056768 2019328 2412544 4886528 70516736
77	1056768 2019328 2412544 4886528 71303168
78	1056768 2019328 2412544 4886528 72089600
79	1056768 2019328 2412544 4886528 73007104
80	1056768 2019328 2412544 4886528 73662464
81	1056768 2019328 2412544 4886528 74448896
82	1056768 2019328 2412544 4886528 75497472
83	1056768 2019328 2412544 4886528 76021760
84	1056768 2019328 2412544 4886528 76808192
85	1056768 2019328 2412544 4886528 77594624
86	1056768 2019328 2412544 4886528 78512128
87	1056768 2019328 2412544 4886528 79429632
88	1056768 2019328 2412544 4886528 80740352
89	1056768 2019328 2412544 4886528 81395712
90	1056768 2019328 2412544 4886528 82313216
91	1056768 2019328 2412544 4886528 83099648
92	1056768 2101248 2412544 4886528 84148224
93	1056768 2101248 2412544 4886528 85196800
94	1056768 2101248 2412544 4759552 86638592
95	1056768 2101248 2412544 4759552 87162880
96	1056768 2101248 2412544 4759552 88080384
97	1056768 2019328 2412544 4759552 88997888
98	1056768 2019328 2412544 4759552 90177536
99	1056768 2019328 2412544 4759552 90963968
100	1056768 2019328 2412544 4759552 91750400
101	1056768 2019328 2412544 4759552 92536832
102	1056768 2019328 2412544 4890624 93454336
103	1056768 2019328 2412544 4890624 94240768
104	1056768 2019328 2412544 4890624 95682560
105	1056768 2019328 2412544 4890624 96075776
106	1056768 2019328 2412544 4890624 96862208
107	1056768 2019328 2412544 4890624 97910784
108	1056768 2019328 2412544 4890624 98959360
109	1056768 2019328 2412544 4890624 99876864
110	1056768 2019328 2412544 4890624 100663296
111	1056768 2019328 2412544 4890624 101580800
112	1056768 2019328 2412544 4890624 102236160
113	1056768 2019328 2412544 4890624 103153664
114	1056768 2019328 2412544 4890624 104202240
115	1056768 2019328 2412544 4890624 104726528
116	1056768 2019328 2412544 4890624 105512960
117	1056768 2019328 2412544 4890624 106823680
118	1056768 2019328 2412544 4890624 107610112
119	1056768 2019328 2412544 4890624 108527616
120	1056768 2019328 2412544 4890624 109576192
121	1056768 2019328 2412544 4890624 110231552
122	1056768 2019328 2412544 4890624 111017984
123	1056768 2019328 2412544 4890624 111804416
124	1056768 2019328 2412544 4890624 112590848
125	1056768 2019328 2412544 4890624 113508352
126	1056768 2019328 2412544 4890624 114556928
127	1056768 2019328 2412544 4890624 115998720
128	1056768 2019328 2412544 4890624 116654080
129	1056768 2019328 2412544 4890624 117702656
130	1056768 2019328 2428928 4890624 118489088
131	1056768 2084864 2428928 4890624 119537664
132	1056768 2023424 2428928 4890624 120455168
133	1056768 2023424 2428928 4890624 121241600
134	1056768 2023424 2428928 4890624 122028032
135	1056768 2023424 2428928 4890624 123076608
136	1056768 2023424 2428928 4890624 123994112
137	1056768 2023424 2428928 4890624 124780544
138	1056768 2023424 2428928 4890624 125829120
139	1056768 2023424 2428928 4890624 126746624
140	1056768 2023424 2428928 4890624 127664128
141	1056768 2023424 2428928 4890624 128319488
142	1056768 2023424 2428928 4890624 129236992
143	1056768 2023424 2428928 4890624 130416640
144	1056768 2023424 2428928 4890624 131334144
145	1056768 2023424 2428928 4890624 132382720
146	1056768 2023424 2428928 4890624 133693440
147	1056768 2023424 2428928 4890624 134479872
148	1056768 2023424 2428928 4890624 135921664
149	1056768 2023424 2433024 4890624 136314880
150	1056768 2023424 2433024 4890624 137363456
151	1056768 2023424 2433024 4890624 138149888
152	1056768 2023424 2433024 4775936 138936320
153	1056768 2023424 2433024 4874240 139984896
154	1056768 2023424 2433024 4755456 140902400
155	1056768 2023424 2433024 4755456 141688832
156	1056768 2023424 2433024 4755456 142475264
157	1056768 2023424 2433024 4755456 143261696
158	1056768 2023424 2433024 4755456 144310272
159	1056768 2023424 2433024 4886528 145096704
160	1056768 2023424 2433024 4829184 146538496
161	1056768 2023424 2433024 4829184 147324928
162	1056768 2023424 2433024 4829184 147718144
163	1056768 2023424 2433024 4829184 149028864
164	1056768 2023424 2433024 4890624 150339584
165	1056768 2023424 2433024 4890624 150994944
166	1056768 2023424 2433024 4890624 152043520
167	1056768 2023424 2433024 4890624 152829952
168	1056768 2023424 2433024 4890624 154271744
169	1056768 2088960 2433024 4890624 155058176
170	1056768 2023424 2433024 4890624 155844608
171	1056768 2023424 2433024 4890624 157155328
172	1056768 2023424 2433024 4890624 158072832
173	1056768 2023424 2433024 4890624 158859264
174	1056768 2023424 2433024 4890624 159645696
175	1056768 2023424 2433024 4890624 160432128
176	1056768 2023424 2433024 4763648 161349632
177	1056768 2023424 2433024 4763648 162398208
178	1056768 2023424 2433024 4763648 163315712
179	1056768 2023424 2433024 4763648 164364288
180	1056768 2023424 2433024 4763648 165150720
181	1056768 2023424 2433024 4763648 166199296
182	1056768 2023424 2433024 4763648 167641088
183	1056768 2023424 2433024 4763648 167903232
184	1056768 2023424 2433024 4763648 168820736
185	1056768 2023424 2433024 4763648 169869312
186	1056768 2023424 2433024 4763648 171048960
187	1056768 2023424 2433024 4763648 171704320
188	1056768 2023424 2433024 4763648 172621824
189	1056768 2023424 2433024 4763648 173277184
190	1056768 2023424 2433024 4763648 174194688
191	1056768 2023424 2433024 4763648 175112192
192	1056768 2023424 2433024 4763648 176291840
193	1056768 2023424 2433024 4763648 177209344
194	1056768 2023424 2433024 4763648 177602560
195	1056768 2023424 2433024 4763648 178651136
196	1056768 2023424 2433024 4763648 179961856
197	1056768 2023424 2433024 4894720 180355072
198	1056768 2023424 2433024 4894720 181927936
199	1056768 2023424 2433024 4894720 182059008
200	1056768 2023424 2433024 4894720 182714368
201	1056768 2023424 2433024 4894720 183500800
202	1056768 2023424 2433024 4894720 184287232
203	1056768 2023424 2433024 4894720 184946688
204	1056768 2023424 2433024 4894720 186257408
205	1056768 2023424 2433024 4894720 186388480
206	1056768 2023424 2433024 4894720 187437056
207	1056768 2093056 2433024 4894720 188223488
208	1056768 2093056 2433024 4894720 189009920
209	1056768 2093056 2433024 4894720 190320640
210	1056768 2093056 2433024 4894720 191238144
211	1056768 2093056 2433024 4894720 192024576
212	1056768 2023424 2433024 4886528 192286720
213	1056768 2023424 2433024 4886528 193073152
214	1056768 2023424 2433024 4894720 193990656
215	1056768 2023424 2433024 4894720 194777088
216	1056768 2023424 2433024 4894720 195825664
217	1056768 2023424 2433024 4894720 196874240
218	1056768 2023424 2433024 4894720 197660672
219	1056768 2023424 2433024 4894720 198447104
220	1056768 2027520 2433024 4894720 199233536
221	1056768 2027520 2433024 4894720 200019968
222	1056768 2027520 2433024 4894720 200806400
223	1056768 2027520 2433024 4894720 201986048
224	1056768 2027520 2433024 4894720 202903552
225	1056768 2027520 2433024 4894720 203689984
226	1056768 2027520 2433024 4894720 204607488
227	1056768 2027520 2433024 4894720 205262848
228	1056768 2027520 2433024 4894720 206311424
229	1056768 2027520 2433024 4894720 206966784
230	1056768 2027520 2433024 4894720 208146432
231	1056768 2027520 2433024 4894720 209063936
232	1056768 2027520 2433024 4894720 209846272
233	1056768 2027520 2433024 4894720 211554304
234	1056768 2027520 2433024 4894720 212602880
235	1056768 2027520 2433024 4771840 213651456
236	1056768 2027520 2433024 4771840 214175744
237	1056768 2027520 2433024 4771840 215093248
238	1056768 2027520 2433024 4771840 215859200
239	1056768 2027520 2433024 4771840 217038848
240	1056768 2027520 2433024 4771840 217956352
241	1056768 2027520 2433024 4771840 218742784
242	1056768 2027520 2433024 4771840 219004928
243	1056768 2027520 2433024 4771840 219791360
244	1056768 2027520 2433024 4771840 220577792
245	1056768 2027520 2433024 4771840 221495296
246	1056768 2027520 2433024 4771840 222412800
247	1056768 2027520 2433024 4771840 223199232
248	1056768 2027520 2433024 4771840 223723520
249	1056768 2027520 2433024 4771840 224378880
250	1056768 2027520 2433024 4771840 225820672
251	1056768 2027520 2433024 4771840 226082816
252	1056768 2027520 2433024 4771840 226877440
253	1056768 2027520 2433024 4771840 227663872
254	1056768 2027520 2433024 4771840 229105664
255	1056768 2027520 2433024 4771840 230023168
256	1056768 2027520 2433024 4771840 230154240
257	1056768 2027520 2433024 4902912 231071744
258	1056768 2027520 2433024 4784128 232251392
259	1056768 2027520 2433024 4784128 233037824
260	1056768 2027520 2433024 4784128 234086400
261	1056768 2027520 2433024 4784128 235003904
262	1056768 2027520 2433024 4784128 236052480
263	1056768 2027520 2433024 4915200 237101056
264	1056768 2027520 2433024 4915200 238280704
265	1056768 2027520 2433024 4915200 239067136
266	1056768 2027520 2433024 4915200 240377856
267	1056768 2027520 2433024 4915200 241295360
268	1056768 2027520 2433024 4915200 241688576
269	1056768 2027520 2433024 4915200 242737152
270	1056768 2027520 2433024 4915200 243916800
271	1056768 2027520 2433024 4915200 245227520
272	1056768 2027520 2433024 4915200 246013952
273	1056768 2027520 2433024 4915200 247062528
274	1056768 2027520 2433024 4915200 247848960
275	1056768 2027520 2433024 4915200 248766464
276	1056768 2027520 2433024 4915200 249552896
277	1056768 2027520 2433024 4915200 250339328
278	1056768 2027520 2433024 4915200 251256832
279	1056768 2027520 2433024 4915200 252305408
280	1056768 2027520 2433024 4915200 253091840
281	1056768 2027520 2433024 4915200 254402560
282	1056768 2027520 2433024 4915200 255188992
283	1056768 2027520 2433024 4915200 256237568
284	1056768 2027520 2433024 4915200 257155072
285	1056768 2027520 2433024 4788224 257941504
286	1056768 2027520 2433024 4788224 258859008
287	1056768 2060288 2433024 4788224 259907584
288	1056768 2027520 2433024 4788224 260825088
289	1056768 2027520 2433024 4788224 261873664
290	1056768 2027520 2433024 4788224 262922240
291	1056768 2027520 2433024 4788224 263839744
292	1056768 2027520 2433024 4788224 264757248
293	1056768 2027520 2433024 4788224 265543680
294	1056768 2027520 2433024 4788224 266592256
295	1056768 2027520 2433024 4919296 267640832
296	1056768 2027520 2433024 4919296 269082624
297	1056768 2027520 2433024 4919296 269737984
298	1056768 2027520 2433024 4919296 270524416
299	1056768 2027520 2433024 4919296 271704064
300	1056768 2027520 2433024 4919296 272629760
301	1056768 2027520 2433024 4792320 273678336
302	1056768 2027520 2433024 4792320 274333696
303	1056768 2027520 2433024 4792320 275382272
304	1056768 2027520 2433024 4792320 276561920
305	1056768 2027520 2433024 4792320 276955136
306	1056768 2027520 2433024 4792320 278003712
307	1056768 2027520 2433024 4792320 278990848
308	1056768 2027520 2433024 4792320 280072192
309	1056768 2027520 2433024 4792320 280989696
310	1056768 2027520 2433024 4792320 281907200
311	1056768 2027520 2433024 4792320 282955776
312	1056768 2158592 2433024 4792320 283873280
313	1056768 2031616 2433024 4792320 284266496
314	1056768 2031616 2433024 4792320 285184000
315	1056768 2031616 2433024 4792320 286232576
316	1056768 2031616 2433024 4792320 287158272
317	1056768 2031616 2433024 4792320 288026624
318	1056768 2031616 2433024 4792320 289468416
319	1056768 2031616 2433024 4792320 290156544
320	1056768 2031616 2433024 4792320 291094528
321	1056768 2031616 2433024 4792320 292012032
322	1056768 2060288 2433024 4792320 292667392
323	1056768 2007040 2433024 4784128 293584896
324	1056768 2007040 2433024 4784128 294633472
325	1056768 2007040 2433024 4915200 295419904
326	1056768 2007040 2433024 4915200 296349696
327	1056768 2007040 2433024 4915200 297472000
328	1056768 2007040 2433024 4915200 297996288
329	1056768 2007040 2564096 4915200 299347968
330	1056768 2007040 2564096 4915200 300134400
331	1056768 2007040 2564096 4915200 301436928
332	1056768 2007040 2564096 4915200 302080000
333	1056768 2007040 2564096 4915200 302997504
334	1056768 2007040 2437120 4915200 303849472
335	1056768 2007040 2437120 4915200 304373760
336	1056768 2007040 2437120 4915200 305291264
337	1056768 2007040 2437120 4915200 306077696
338	1056768 2007040 2437120 4915200 306864128
339	1056768 2007040 2437120 4915200 308174848
340	1056768 2007040 2437120 4915200 308961280
341	1056768 2007040 2437120 4915200 309391360
342	1056768 2007040 2437120 4915200 310439936
343	1056768 2007040 2437120 4915200 311226368
344	1056768 2007040 2437120 4915200 312209408
345	1056768 2007040 2437120 4915200 312733696
346	1056768 2007040 2437120 4915200 314175488
347	1056768 2007040 2437120 4915200 314437632
348	1056768 2007040 2437120 4915200 315486208
349	1056768 2007040 2437120 4915200 316534784
350	1056768 2007040 2437120 4915200 317583360
351	1056768 2007040 2437120 4915200 318631936
352	1056768 2007040 2437120 4915200 320393216
353	1056768 2007040 2437120 4915200 321064960
354	1056768 2007040 2437120 4915200 321708032
355	1056768 2007040 2437120 4915200 322740224
356	1056768 2007040 2437120 5046272 323239936
357	1056768 2007040 2437120 5046272 324288512
358	1056768 2007040 2437120 4919296 325468160
359	1056768 2007040 2437120 4792320 326160384
360	1056768 2007040 2437120 4792320 326385664
361	1056768 2007040 2437120 4792320 327041024
362	1056768 2007040 2437120 4792320 327892992
363	1056768 2007040 2437120 4792320 328679424
364	1056768 2007040 2437120 4792320 329498624
365	1056768 2007040 2437120 4792320 330350592
366	1056768 2007040 2437120 4792320 331423744
367	1056768 2007040 2437120 4792320 332210176
368	1056768 2007040 2437120 4792320 332890112
369	1056768 2007040 2437120 4792320 333676544
370	1056768 2007040 2437120 4792320 334602240
371	1056768 2007040 2437120 4792320 336044032
372	1056768 2007040 2437120 4792320 336175104
373	1056768 2007040 2437120 4792320 336805888
374	1056768 2007040 2437120 4792320 337469440
375	1056768 2007040 2437120 4792320 338255872
376	1056768 2007040 2437120 4792320 339042304
377	1056768 2007040 2437120 4792320 339828736
378	1056768 2007040 2437120 4792320 340877312
379	1056768 2007040 2437120 4792320 341680128
380	1056768 2007040 2437120 4792320 342335488
381	1056768 2007040 2437120 4792320 343138304
382	1056768 2007040 2437120 4792320 343756800
383	1056768 2007040 2437120 4792320 344805376
384	1056768 2007040 2437120 4792320 345714688
385	1056768 2007040 2437120 4792320 346501120
386	1056768 2007040 2437120 4792320 347287552
387	1056768 2007040 2437120 4792320 348205056
388	1056768 2007040 2437120 4792320 349122560
389	1056768 2007040 2437120 4792320 350171136
390	1056768 2007040 2437120 4792320 351088640
391	1056768 2007040 2437120 4923392 351891456
392	1056768 2007040 2437120 4923392 352677888
393	1056768 2007040 2437120 4923392 353595392
394	1056768 2007040 2437120 4923392 355004416
395	1056768 2007040 2437120 4923392 355799040
396	1056768 2007040 2437120 4923392 356454400
397	1056768 2138112 2437120 4923392 356749312
398	1056768 2138112 2437120 4923392 357793792
399	1056768 2138112 2437120 4923392 358834176
400	1056768 2138112 2437120 4923392 359882752
401	1056768 2011136 2437120 4923392 360558592
402	1056768 2011136 2437120 4923392 361476096
403	1056768 2011136 2437120 4923392 362278912
404	1056768 2068480 2437120 4923392 363327488
405	1056768 2011136 2437120 4923392 364113920
406	1056768 2011136 2437120 4923392 365293568
407	1056768 2011136 2437120 4923392 366080000
408	1056768 2011136 2437120 4923392 366735360
409	1056768 2011136 2437120 4923392 367521792
410	1056768 2011136 2437120 4923392 368836608
411	1056768 2011136 2437120 4923392 369098752
412	1056768 2011136 2437120 4923392 370147328
413	1056768 2011136 2437120 4923392 371183616
414	1056768 2011136 2437120 4923392 372490240
415	1056768 2011136 2437120 4923392 373415936
416	1056768 2011136 2437120 4923392 373678080
417	1056768 2011136 2437120 4923392 374595584
418	1056768 2011136 2437120 4923392 375648256
419	1056768 2011136 2437120 4923392 376528896
420	1056768 2011136 2437120 4923392 377298944
421	1056768 2011136 2437120 4923392 378789888
422	1056768 2011136 2437120 4923392 379052032
423	1056768 2011136 2437120 4923392 379969536
424	1056768 2011136 2437120 4923392 380887040
425	1056768 2011136 2437120 4923392 381673472
426	1056768 2011136 2437120 4923392 382459904
427	1056768 2011136 2437120 4923392 383275008
428	1056768 2011136 2437120 4923392 384192512
429	1056768 2011136 2437120 4923392 385241088
430	1056768 2011136 2437120 4923392 386420736
431	1056768 2011136 2437120 4923392 387469312
432	1056768 2011136 2437120 4923392 388268032
433	1056768 2011136 2437120 4923392 389419008
434	1056768 2011136 2437120 4923392 390684672
435	1056768 2011136 2437120 4800512 391114752
436	1056768 2011136 2437120 4800512 392163328
437	1056768 2011136 2437120 4800512 393080832
438	1056768 2011136 2437120 4800512 393867264
439	1056768 2011136 2437120 4800512 394924032
440	1056768 2011136 2437120 4800512 395575296
441	1056768 2011136 2437120 4800512 396886016
442	1056768 2011136 2437120 4800512 397541376
443	1056768 2011136 2437120 4800512 398458880
444	1056768 2011136 2437120 4800512 399769600
445	1056768 2011136 2437120 4800512 400318464
446	1056768 2011136 2437120 4800512 401104896
447	1056768 2011136 2437120 4800512 402481152
448	1056768 2011136 2437120 4800512 403169280
449	1056768 2011136 2437120 4800512 404217856
450	1056768 2011136 2437120 4800512 405266432
451	1056768 2011136 2437120 4800512 406290432
452	1056768 2011136 2437120 4800512 406814720
453	1056768 2011136 2437120 4800512 407732224
454	1056768 2011136 2437120 4800512 409305088
455	1056768 2011136 2437120 4800512 410103808
456	1056768 2011136 2437120 4931584 410628096
457	1056768 2011136 2437120 4931584 411447296
458	1056768 2011136 2437120 4931584 412233728
459	1056768 2011136 2437120 4931584 413020160
460	1056768 2011136 2437120 4931584 413806592
461	1056768 2011136 2437120 4931584 414855168
462	1056768 2011136 2437120 4931584 415903744
463	1056768 2011136 2437120 4804608 416952320
464	1056768 2011136 2437120 4804608 417837056
465	1056768 2011136 2437120 4804608 418361344
466	1056768 2011136 2437120 4804608 419758080
467	1056768 2011136 2437120 4804608 420573184
468	1056768 2011136 2437120 4804608 421097472
469	1056768 2011136 2437120 4804608 422146048
470	1056768 2011136 2437120 4804608 423063552
471	1056768 2011136 2437120 4804608 423817216
472	1056768 2011136 2437120 4804608 425046016
473	1056768 2011136 2437120 4804608 425963520
474	1056768 2011136 2437120 4804608 426881024
475	1056768 2011136 2437120 4804608 427708416
476	1056768 2011136 2437120 4804608 428625920
477	1056768 2011136 2437120 4804608 429936640
478	1056768 2011136 2437120 4804608 430723072
479	1056768 2011136 2437120 4804608 431509504
480	1056768 2011136 2437120 4804608 432164864
481	1056768 2060288 2437120 4804608 432951296
482	1056768 2060288 2437120 4804608 433999872
483	1056768 2142208 2437120 4804608 435048448
484	1056768 2060288 2437120 4804608 436068352
485	1056768 2015232 2437120 4804608 436592640
486	1056768 2015232 2437120 4804608 437379072
487	1056768 2015232 2437120 4935680 438296576
488	1056768 2015232 2437120 4935680 439083008
489	1056768 2015232 2437120 4935680 440655872
490	1056768 2015232 2437120 4935680 440918016
491	1056768 2015232 2437120 4935680 441835520
492	1056768 2015232 2437120 4935680 443146240
493	1056768 2015232 2437120 4935680 443932672
494	1056768 2015232 2437120 4935680 444981248
495	1056768 2015232 2437120 4935680 445898752
496	1056768 2015232 2437120 4935680 447209472
497	1056768 2015232 2437120 4935680 447778816
498	1056768 2015232 2437120 4935680 448434176
499	1056768 2015232 2437120 4935680 449486848
500	1056768 2015232 2457600 4935680 450043904
501	1056768 2015232 2568192 4935680 450830336
502	1056768 2015232 2441216 4935680 451878912
503	1056768 2015232 2441216 4935680 452550656
504	1056768 2015232 2441216 4935680 453337088
505	1056768 2015232 2441216 4935680 454385664
506	1056768 2015232 2441216 4935680 455172096
507	1056768 2015232 2441216 4935680 456482816
508	1056768 2015232 2441216 4935680 456876032
509	1056768 2015232 2441216 4935680 457924608
510	1056768 2015232 2441216 4935680 458317824
511	1056768 2015232 2441216 4935680 459366400
512	1056768 2015232 2441216 4935680 460152832
513	1056768 2015232 2441216 4935680 461107200
514	1056768 2015232 2441216 4935680 461893632
515	1056768 2015232 2441216 4935680 462680064
516	1056768 2015232 2441216 4935680 463728640
517	1056768 2015232 2441216 4935680 464515072
518	1056768 2015232 2441216 4935680 465301504
519	1056768 2015232 2441216 4935680 466350080
520	1056768 2015232 2441216 4935680 467398656
521	1056768 2064384 2441216 4935680 468185088
522	1056768 2015232 2441216 4935680 469102592
523	1056768 2015232 2441216 4935680 470151168
524	1056768 2015232 2441216 4935680 470806528
525	1056768 2015232 2441216 4935680 472375296
526	1056768 2015232 2441216 4935680 473423872
527	1056768 2015232 2441216 4935680 474083328
528	1056768 2015232 2441216 4935680 475267072
529	1056768 2015232 2441216 4935680 475529216
530	1056768 2015232 2441216 4935680 476577792
531	1056768 2015232 2441216 4935680 478232576
532	1056768 2015232 2441216 4935680 478646272
533	1056768 2015232 2441216 4935680 479821824
534	1056768 2015232 2441216 4935680 480346112
535	1056768 2015232 2441216 4935680 481153024
536	1056768 2015232 2441216 4935680 482131968
537	1056768 2015232 2441216 4935680 483049472
538	1056768 2015232 2441216 4935680 484491264
539	1056768 2015232 2441216 4935680 484622336
540	1056768 2015232 2441216 4935680 485539840
541	1056768 2015232 2441216 4935680 486182912
542	1056768 2015232 2441216 4935680 487755776
543	1056768 2015232 2441216 4935680 488366080
544	1056768 2015232 2441216 4935680 489066496
545	1056768 2015232 2441216 4935680 489984000
546	1056768 2015232 2441216 4935680 490917888
547	1056768 2015232 2441216 4935680 491704320
548	1056768 2015232 2441216 4935680 492642304
549	1056768 2015232 2441216 4935680 493576192
550	1056768 2015232 2441216 4935680 495149056
551	1056768 2015232 2441216 4935680 495300608
552	1056768 2015232 2441216 4935680 496218112
553	1056768 2015232 2441216 4935680 497369088
554	1056768 2015232 2441216 4935680 498155520
555	1056768 2015232 2441216 4935680 498810880
556	1056768 2015232 2441216 4935680 499810304
557	1056768 2015232 2441216 4935680 500404224
558	1056768 2068480 2441216 4816896 501428224
559	1056768 2015232 2441216 4816896 502771712
560	1056768 2015232 2441216 4816896 503951360
561	1056768 2015232 2441216 4816896 504066048
562	1056768 2015232 2441216 4816896 505118720
563	1056768 2015232 2441216 4816896 506036224
564	1056768 2015232 2441216 4816896 506953728
565	1056768 2015232 2441216 4816896 508043264
566	1056768 2015232 2441216 4816896 509255680
567	1056768 2015232 2441216 4816896 509952000
568	1056768 2015232 2441216 4816896 511107072
569	1056768 2015232 2441216 4816896 512040960
570	1056768 2015232 2441216 4816896 513089536
571	1056768 2015232 2441216 4816896 513622016
572	1056768 2015232 2441216 4816896 514420736
573	1056768 2015232 2441216 4816896 515731456
574	1056768 2015232 2441216 4816896 516304896
575	1056768 2015232 2441216 4816896 517615616
576	1056768 2015232 2441216 4816896 518402048
577	1056768 2015232 2441216 4816896 519319552
578	1056768 2015232 2441216 4816896 520105984
579	1056768 2146304 2441216 4816896 520892416
580	1056768 2019328 2441216 4816896 522072064
581	1056768 2019328 2441216 4816896 522334208
582	1056768 2019328 2441216 4816896 523251712
583	1056768 2019328 2441216 4816896 524955648
584	1056768 2019328 2441216 4947968 525873152
585	1056768 2019328 2441216 4947968 526528512
586	1056768 2019328 2441216 4947968 527577088
587	1056768 2019328 2441216 4947968 528756736
588	1056768 2019328 2441216 4947968 529674240
589	1056768 2019328 2441216 4947968 530984960
590	1056768 2019328 2441216 4947968 531640320
591	1056768 2019328 2441216 4947968 532557824
592	1056768 2019328 2441216 4947968 533344256
593	1056768 2019328 2441216 4947968 534392832
594	1056768 2019328 2441216 4947968 535310336
595	1056768 2019328 2441216 4947968 536227840
596	1056768 2072576 2441216 4947968 537407488
597	1056768 2019328 2441216 4947968 538324992
598	1056768 2019328 2441216 4947968 539635712
599	1056768 2019328 2441216 4947968 540815360
600	1056768 2019328 2441216 4947968 541470720
601	1056768 2019328 2441216 4947968 542126080
602	1056768 2019328 2441216 4947968 543698944
603	1056768 2019328 2441216 4947968 543830016
604	1056768 2019328 2441216 4947968 544878592
605	1056768 2019328 2441216 4947968 545927168
606	1056768 2019328 2441216 4947968 546713600
607	1056768 2019328 2441216 4947968 547500032
608	1056768 2019328 2441216 4947968 548679680
609	1056768 2019328 2441216 4947968 549203968
610	1056768 2019328 2441216 4947968 549990400
611	1056768 2019328 2441216 4947968 551301120
612	1056768 2019328 2441216 4947968 552087552
613	1056768 2019328 2441216 4820992 552480768
614	1056768 2019328 2441216 4952064 553398272
615	1056768 2019328 2441216 4952064 554315776
616	1056768 2019328 2441216 4952064 555626496
617	1056768 2019328 2441216 4952064 555888640
618	1056768 2019328 2441216 4952064 556675072
619	1056768 2019328 2441216 4952064 557461504
620	1056768 2019328 2441216 4952064 558379008
621	1056768 2019328 2441216 4952064 559165440
622	1056768 2019328 2441216 4952064 560214016
623	1056768 2019328 2441216 4952064 561393664
624	1056768 2019328 2441216 4952064 562180096
625	1056768 2019328 2441216 4952064 562966528
626	1056768 2019328 2441216 4952064 563097600
627	1056768 2019328 2441216 4952064 563884032
628	1056768 2019328 2441216 4952064 564670464
629	1056768 2019328 2441216 4952064 565587968
630	1056768 2019328 2441216 4952064 566243328
631	1056768 2019328 2441216 4952064 567160832
632	1056768 2019328 2441216 4952064 568209408
633	1056768 2019328 2441216 4952064 568733696
634	1056768 2019328 2441216 4952064 570044416
635	1056768 2019328 2441216 4952064 570437632
636	1056768 2019328 2441216 4952064 571486208
637	1056768 2076672 2441216 4952064 572010496
638	1056768 2019328 2441216 4952064 572796928
639	1056768 2019328 2441216 4952064 573714432
640	1056768 2019328 2441216 4952064 575025152
641	1056768 2019328 2441216 4952064 575942656
642	1056768 2019328 2441216 4952064 576204800
643	1056768 2019328 2441216 4952064 576864256
644	1056768 2019328 2441216 4952064 577781760
645	1056768 2019328 2441216 4952064 578568192
646	1056768 2019328 2441216 4952064 579354624
647	1056768 2019328 2441216 4952064 580141056
648	1056768 2019328 2441216 4952064 580923392
649	1056768 2019328 2441216 4952064 581971968
650	1056768 2019328 2441216 4952064 582496256
651	1056768 2019328 2441216 4952064 583290880
652	1056768 2019328 2441216 4952064 584339456
653	1056768 2019328 2441216 4952064 585125888
654	1056768 2019328 2441216 4952064 586096640
655	1056768 2019328 2441216 4952064 586518528
656	1056768 2019328 2441216 4952064 587304960
657	1056768 2019328 2441216 4952064 588353536
658	1056768 2019328 2441216 4952064 589373440
659	1056768 2019328 2441216 4952064 589963264
660	1056768 2019328 2441216 4952064 590622720
661	1056768 2019328 2441216 4952064 591540224
662	1056768 2019328 2441216 4952064 591994880
663	1056768 2019328 2441216 4952064 592912384
664	1056768 2019328 2441216 4952064 593960960
665	1056768 2019328 2441216 4952064 595353600
666	1056768 2019328 2441216 4952064 595484672
667	1056768 2019328 2441216 4952064 596533248
668	1056768 2019328 2441216 4952064 597495808
669	1056768 2019328 2441216 4952064 598220800
670	1056768 2019328 2441216 4952064 598614016
671	1056768 2019328 2441216 4952064 599400448
672	1056768 2019328 2441216 4952064 600186880
673	1056768 2019328 2441216 4952064 601104384
674	1056768 2019328 2441216 4952064 601890816
675	1056768 2019328 2441216 4952064 603070464
676	1056768 2019328 2441216 4952064 603856896
677	1056768 2019328 2441216 4952064 604774400
678	1056768 2019328 2441216 4952064 605036544
679	1056768 2019328 2441216 4952064 606085120
680	1056768 2019328 2441216 4952064 606609408
681	1056768 2080768 2441216 4952064 607526912
682	1056768 2150400 2441216 4952064 608575488
683	1056768 2150400 2441216 4952064 609230848
684	1056768 2023424 2441216 4952064 610017280
685	1056768 2023424 2441216 4952064 611065856
686	1056768 2023424 2441216 4952064 612245504
687	1056768 2023424 2441216 4952064 612376576
688	1056768 2023424 2441216 4952064 613294080
689	1056768 2023424 2441216 4952064 614080512
690	1056768 2023424 2441216 4952064 614866944
691	1056768 2023424 2441216 4952064 615915520
692	1056768 2023424 2441216 4952064 616964096
693	1056768 2023424 2441216 4952064 617750528
694	1056768 2023424 2441216 4952064 618012672
695	1056768 2023424 2441216 4952064 618799104
696	1056768 2023424 2441216 4952064 619454464
697	1056768 2023424 2441216 4952064 620240896
698	1056768 2023424 2572288 4952064 621027328
699	1056768 2023424 2572288 4952064 621682688
700	1056768 2023424 2445312 4952064 622600192
701	1056768 2023424 2445312 4952064 623386624
702	1056768 2023424 2445312 4952064 624173056
703	1056768 2023424 2445312 4952064 624959488
704	1056768 2023424 2445312 4952064 625745920
705	1056768 2023424 2445312 4952064 626794496
706	1056768 2023424 2445312 4952064 627318784
707	1056768 2023424 2445312 4952064 627974144
708	1056768 2023424 2445312 4952064 628760576
709	1056768 2023424 2445312 4952064 629547008
710	1056768 2023424 2445312 4952064 630464512
711	1056768 2023424 2445312 4952064 631119872
712	1056768 2023424 2445312 4952064 632168448
713	1056768 2023424 2445312 4952064 632954880
714	1056768 2023424 2445312 4952064 633610240
715	1056768 2023424 2445312 4952064 634396672
716	1056768 2023424 2445312 4952064 635052032
717	1056768 2023424 2445312 4952064 635969536
718	1056768 2023424 2445312 4952064 636887040
719	1056768 2023424 2445312 4952064 637673472
720	1056768 2023424 2445312 4952064 638857216
721	1056768 2023424 2445312 4952064 639471616
722	1056768 2023424 2445312 4952064 639864832
723	1056768 2023424 2445312 4952064 640651264
724	1056768 2023424 2445312 4952064 641290240
725	1056768 2084864 2445312 4952064 642297856
726	1056768 2084864 2445312 4952064 643215360
727	1056768 2084864 2445312 4952064 644132864
728	1056768 2084864 2445312 4952064 645124096
729	1056768 2084864 2445312 4952064 645533696
730	1056768 2084864 2445312 4952064 646320128
731	1056768 2023424 2445312 4952064 647368704
732	1056768 2023424 2445312 4952064 647499776
733	1056768 2023424 2445312 4952064 648228864
734	1056768 2023424 2445312 4952064 648921088
735	1056768 2023424 2445312 4952064 649838592
736	1056768 2023424 2445312 4952064 650362880
737	1056768 2023424 2445312 4952064 651018240
738	1056768 2023424 2445312 4952064 652234752
739	1056768 2023424 2445312 4952064 652705792
740	1056768 2023424 2445312 4952064 654147584
741	1056768 2023424 2445312 4837376 654630912
742	1056768 2023424 2445312 4837376 655548416
743	1056768 2023424 2445312 4837376 656338944
744	1056768 2023424 2445312 4837376 657321984
745	1056768 2023424 2445312 4837376 657846272
746	1056768 2023424 2445312 4837376 658669568
747	1056768 2023424 2445312 4837376 659365888
748	1056768 2023424 2445312 4837376 660381696
749	1056768 2023424 2445312 4837376 661094400
750	1056768 2023424 2445312 4837376 662315008
751	1056768 2023424 2445312 4837376 662577152
752	1056768 2023424 2445312 4837376 663498752
753	1056768 2023424 2445312 4968448 664346624
754	1056768 2023424 2445312 4857856 665190400
755	1056768 2023424 2445312 4857856 666025984
756	1056768 2023424 2445312 4857856 666943488
757	1056768 2023424 2445312 4857856 668069888
758	1056768 2023424 2445312 4857856 669196288
759	1056768 2023424 2445312 4857856 669863936
760	1056768 2023424 2445312 4988928 671043584
761	1056768 2023424 2445312 4988928 672514048
762	1056768 2023424 2445312 4988928 674095104
763	1056768 2023424 2445312 4988928 676978688
764	1056768 2023424 2445312 4988928 681435136
765	1056768 2023424 2445312 4988928 685105152
766	1056768 2023424 2445312 4988928 689561600
767	1056768 2023424 2445312 4988928 694149120
768	1056768 2129920 2445312 4988928 697356288
769	1056768 2060288 2445312 4988928 700764160
770	1056768 2060288 2445312 4988928 705355776
771	1056768 2023424 2445312 4988928 705253376
772	1056768 2023424 2445312 4620288 674336768
773	1056768 2023424 2445312 4620288 4988928
774	1056768 1961984 2707456 4620288 4988928
775	1056768 1961984 3375104 4763648 4988928
776	1056768 1961984 2027520 3297280 4988928
777	1056768 1961984 2027520 3248128 4997120
778	1265664 1961984 2027520 3420160 3420160
779	1265664 1961984 1990656 3395584 3395584
780	1265664 1957888 1961984 3321856 3321856
781	1142784 1957888 1961984 3145728 3145728
782	1142784 1957888 1961984 2928640 2928640
783	1142784 1957888 1961984 2928640 2928640
784	1142784 1957888 1961984 2928640 2928640
785	1142784 1957888 1961984 2928640 2928640
786	1142784 1957888 1961984 2928640 2928640
787	1142784 1957888 1961984 2928640 2928640
788	1142784 1957888 1961984 2928640 2928640
789	1142784 1957888 1961984 2928640 2928640
790	1142784 1957888 1961984 2928640 2928640
791	1142784 1957888 1961984 2928640 2928640
792	1142784 1957888 1961984 2928640 2928640
793	1961984 1961984 2928640 2928640 2928640
794	2928640 2928640 2928640 2928640 2928640
