1	8912841 9352145 10655039 26993473 104613368
2	380418 1040778 1342089 66399219 223807046
3	685627 1230643 1678156 58672803 377952063
4	683987 1452496 42437140 410896995 1100973487
5	651481 1660521 43779462 340675593 1487998125
6	594215 1360647 43625723 322833224 1499394561
7	613252 37613150 55949670 809583246 1575805659
8	716600 41986367 279087312 1031182248 1729939856
9	778681 52284016 388970601 836479582 1541414791
10	621936 43244447 381001910 1044843216 1595009401
11	16430 40773508 419069658 1260841420 1530591570
12	694457 40239788 338776215 724613847 1565915601
13	624543 38627894 366696327 1137215896 1578071188
14	589414 38710558 469449986 1101771236 1508887062
15	600661 39766424 443166340 1027612640 1542937141
16	660541 39967581 423261492 1095380963 1569460615
17	782846 45024505 355889623 874976376 1567676144
18	617419 44089973 441309261 930498406 1552000542
19	600379 43889834 434481529 1049434270 1555251716
20	717955 44552052 409317353 1133428648 1558470093
21	721830 44040605 392105666 1115526405 1556240268
22	823860 43467524 321270050 1061332786 1588641168
23	679860 43532046 359680198 1130357570 1542253781
24	782192 42752501 393719400 1192756866 1538106732
25	661163 42183698 444490612 1167829048 1494893301
26	674887 40481729 460337741 1054040105 1575270305
27	609751 40859160 415978212 943963820 1560816693
28	747518 43298137 345689503 732258799 1554358427
29	745658 39319378 443172253 1100865689 1578743240
30	713059 44287106 388565185 1130063682 1530167858
31	589214 39100289 398216255 1148493808 1590497158
32	775813 38801580 351974403 1112905190 1539921928
33	744294 50266212 361644248 1143154299 1575284257
34	689536 40895983 382436045 1107520844 1558760717
35	602991 40536745 419043619 1148018689 1523047859
36	751856 40879454 408245022 1078820373 1596790678
37	795940 47720979 424661787 948793654 1530792963
38	744397 43158668 376453632 686665299 1540391591
39	670738 54720481 414724513 648750750 1541346372
40	718356 57496877 343372278 704471503 1551916797
41	700057 62778687 420274834 865972951 1545086688
42	829390 56882808 361098947 1097627003 1549695144
43	776676 77398880 420560843 1145916890 1694460264
44	686213 62358693 350339872 1108422775 1769053217
45	676505 70295583 376793811 1135907544 1996951604
46	685919 57159055 376994191 1219634347 1802053111
47	774447 51449810 527241579 1276209977 1732724387
48	730188 49811868 683969700 1345905056 1754240732
49	725851 54098743 497407796 1500761274 1800738153
50	624941 61475924 408447282 1351586542 1757544113
51	688395 69662782 313906795 1239246469 1662811677
52	755895 59066234 405629656 1175883005 1789353835
53	612618 60607542 744928713 1229782840 1634667412
54	832205 58931863 499350020 1369709081 1648557758
55	833715 39240312 431213686 1224498817 1769977444
56	678001 41833036 555533987 821981296 1742805211
57	733209 42363537 310215387 1131618284 1769196128
58	614530 54719998 459085980 1167398045 1753859232
59	699192 51636642 477566985 1316517755 1683490692
60	714547 55515907 455093299 1333908751 1672802747
61	674767 54220471 496649695 1121390473 1716642241
62	862691 59573405 541973122 1042783773 1739497221
63	804294 61372777 482310974 1060226679 1735338842
64	659133 69393317 494033989 1214437826 1796499069
65	584122 77946793 548361072 1218541442 1717619367
66	537752 66613464 537557988 1369078487 1829580012
67	692678 45126955 476377304 1221506015 1728989523
68	792891 43016609 521023987 1235827133 1790443502
69	719817 55271440 508301008 1261847814 1797138109
70	792121 48544360 488241625 1279399604 1683696100
71	638283 52251836 410690863 1260343964 1599115506
72	619285 53624966 405424112 1272473521 1580965599
73	776944 47131942 492747873 1296020106 1565505552
74	624672 54875200 534291387 1178135541 1723262446
75	742783 38853479 558444636 1148449523 1706077786
76	746851 37248966 440735826 1169274799 1749085243
77	772042 39773634 433160454 1255262402 1627597876
78	644691 38380936 441806985 1264497719 1552191185
79	761577 39228141 384146245 1189009847 1541375977
80	601069 39822524 339266119 1206245611 1526554044
81	659158 41980311 404910866 1133474424 1526740254
82	849614 41560441 468479750 1141005666 1528331004
83	535696 44104501 338862512 1063527185 1541091158
84	724579 39672063 398266885 1063592166 1595857761
85	581885 39932069 533797872 1062484141 1542853247
86	653988 44623570 324405148 1122688503 1495236648
87	747319 41612959 358958575 1088611898 1568110542
88	787656 40659853 579778408 1131751057 1540775310
89	655063 41425377 487717805 1019520769 1509795400
90	584066 40784421 457792769 1092749861 1579300348
91	609478 40215762 422604785 1093838386 1578474931
92	724927 46839529 428371512 1005791796 1532153584
93	742913 44379623 360426950 990624959 1526695816
94	546046 56558417 327563524 1095019637 1556507129
95	630429 45308329 512515524 1150205842 1571390994
96	721617 43109755 519307135 1119065205 1592968905
97	647692 40346292 462711620 1039746279 1764009478
98	622185 45389096 363048166 1102522154 1677918059
99	728851 41448846 453483063 1154047749 1633315548
100	697201 40153053 402530962 1216901802 1524128646
101	552527 37532960 453230980 1146704103 1573910071
102	766889 44247962 430310902 1150739198 1558544049
103	714245 50241365 389043532 1094756151 1618960729
104	601118 38780612 309538435 1060321481 1538139511
105	661728 49863685 408947631 996159607 1566861964
106	626539 54612767 514829811 1078171767 1521574058
107	683422 37353785 421533507 1057257227 1572015294
108	682801 41114766 384458577 1053895441 1559688991
109	636421 43461410 376639268 1076035484 1454302044
110	605033 46434305 309653907 1018307959 1503447408
111	619672 40916183 377618801 1146092936 1529630626
112	703336 42203276 291014784 980570313 1554004527
113	640023 41422061 385892829 1057910684 1543233946
114	703294 39544157 431563413 1103232843 1545642071
115	786541 39970600 407404805 1114314410 1548357469
116	727743 42830184 381528478 1086601680 1556322548
117	675720 41331591 384717977 1094189886 1526840614
118	682256 43323270 415290952 1098460736 1530622269
119	686914 42853984 416447195 1142200839 1540065169
120	872704 42399650 324187039 1099037268 1557625345
121	647728 52429882 307988484 1093725149 1553477364
122	751292 45040846 362251601 1085734039 1570474646
123	650123 56160264 494081708 982985948 1526327091
124	746047 67302015 458732335 1077401639 1532026224
125	828123 70849019 531810298 1067418147 1533000439
126	613101 62651897 455327541 1118949070 1816560283
127	709117 56992363 491693042 1086329244 1712975701
128	568392 70795620 485349666 1125821004 1678297324
129	735119 54484898 506162172 1290489820 1731971304
130	754171 62274148 508821952 1264178072 1780868606
131	706026 72014926 488089686 1315724567 1773394562
132	747906 54475442 516804230 1219283018 1736127071
133	860512 65152260 487084645 1270106044 1772383404
134	690315 59936476 524847492 1265623361 1807028672
135	650686 49362179 418218707 1183631391 1783543321
136	738265 46735270 487446579 1258832057 1730713922
137	614692 49821353 472147094 1293692401 1712899901
138	877309 58732910 473967566 1267515919 1740234944
139	699368 52506831 458044928 1238964952 1722051109
140	786084 52320589 441372253 1227430124 1645519255
141	801689 56238376 468910126 1242577256 1689144072
142	653854 59925252 459179110 1294281502 1853988320
143	709597 70920807 382463000 1179924735 1645234375
144	761615 63842222 459143170 1129030714 1697476663
145	734320 74606254 490981857 1285490026 1827368256
146	585402 62986227 482378989 1217676225 1771030624
147	555650 61505682 507992569 1004518130 1760670204
148	705416 47551024 494865589 1310364403 1784268909
149	673840 47049242 469506115 1298656725 1770309111
150	772819 56383137 492556158 1184089997 1808347661
151	496779 33001779 474631649 1271316008 1727743812
152	783674 38489233 377970188 1306964167 1676708474
153	573262 38047749 376158239 1218266131 1546470990
154	694902 46109564 378483426 1182845912 1507307218
155	658599 36812032 317145011 1218941783 1516446648
156	654815 44985201 427073431 1098269432 1573754182
157	577936 44526182 366377202 1094609917 1554898184
158	771737 36853721 388947913 1120201444 1531154514
159	657059 38382566 432231790 1034031928 1507744057
160	596409 39383544 396391338 1109518046 1627901601
161	661276 35667777 366372212 1107999281 1513431605
162	625146 42138300 406710870 1092491080 1531017067
163	654735 38161121 304188747 1081250216 1575585358
164	676298 38599408 463015901 1026129558 1555436554
165	803079 41041003 396596422 1115663540 1504093164
166	595852 34837520 371952052 1056426789 1530675995
167	567227 45041676 366039998 1028156535 1527641116
168	562188 38883777 410316235 1019005446 1531224386
169	733427 42187053 408912475 999426488 1550986468
170	607685 43886040 354529088 1077877261 1519577351
171	532433 43473092 531985652 1072801873 1572512336
172	678376 39245337 391781995 1063293409 1511375888
173	666482 44821652 435122962 1046494171 1504260560
174	542674 38996589 431694230 1054668550 1515932415
175	732837 38937217 389132913 1047687255 1549323938
176	616121 42118378 449506157 1054289922 1506387147
177	777801 42975505 436069338 1067974463 1501711984
178	714307 39776213 459772323 1077343905 1553931480
179	647116 40915522 353844308 1109806353 1548265755
180	627292 41328623 409227804 1030060077 1533213476
181	729175 41164053 407521523 1085492258 1541638117
182	664998 39724902 433733264 1082867896 1537264738
183	723161 43146366 409929661 1085942389 1536146860
184	627354 38801682 418303835 1072487731 1517119704
185	756316 39042710 451746678 1182991018 1548122441
186	656151 39349915 454111939 1060218470 1559101069
187	673303 39543092 464160502 1140457083 1545149689
188	674519 40196670 395059476 957301797 1501868416
189	666741 41219576 407401527 1044576996 1577740471
190	620075 38435513 337561883 969012939 1517901718
191	667572 46977038 334031328 969628473 1519931912
192	629475 46843785 515464298 1084803233 1532228202
193	819529 41071439 550168616 1020990538 1543087363
194	643759 43928769 322222893 1043249921 1537161335
195	510996 39210778 482090807 1075866597 1554498727
196	773400 43731051 441963513 1063523163 1580050850
197	675141 42724407 434320503 1022066278 1526152411
198	898757 48852512 380922476 1075991544 1468226411
199	652466 38591754 375365523 1157270180 1524066707
200	798838 41367769 533908583 1007249815 1547173158
201	592958 57827158 571547032 1005137228 1501203272
202	609238 55077874 546051072 1052382774 1550391918
203	646444 65350439 393654823 1136673984 1520891769
204	724664 62606089 560468578 1079090208 1554316449
205	871386 61149567 512234935 1077161415 1693052748
206	618333 57389976 457125339 1019247159 1781667672
207	800425 65695742 507834501 1098431796 1824629350
208	576255 47959711 556541977 1221158595 1844583214
209	791328 52467667 612760899 1339235594 1798567992
210	735809 54626725 668242267 1199037769 1796587851
211	754138 48514715 520887952 1264534205 1560826280
212	660635 51369862 505669712 1247001921 1710762098
213	657469 56195384 492302903 1144408924 1815101860
214	751572 55826186 518209802 1182123212 1745115874
215	597974 65503245 483046833 1256678310 1700326150
216	659341 60646485 412555944 1298279353 1698806774
217	702147 62689239 471770904 1205537706 1664378953
218	654268 54583526 489048779 1170314795 1775062357
219	694212 57166524 527238046 1158235570 1793024036
220	643874 64896953 544773019 1078221339 1735227329
221	769306 63197379 573245026 1276945652 1735514700
222	613902 56340717 529404376 1293429809 1659669488
223	789440 52056656 518806310 1194006494 1702107191
224	660026 60454090 285173997 1249929078 1800720918
225	653681 65147603 498511242 1155304453 1864485720
226	658586 59555990 535783937 1165035642 1815759997
227	700537 63802120 760238646 1257550517 1715861110
228	700709 59467784 416486969 1587914309 1757648512
229	697675 67385498 404989199 1230029167 1767228175
230	579532 70752094 554029108 1225316378 1740496721
231	711001 66672183 832604591 1309416464 1718244463
232	727586 49120002 501547167 1365842788 1786716238
233	657610 46127105 655909359 1443648634 1809665306
234	648856 50883914 552005783 1403678374 1807222151
235	662453 57795420 470097500 1348879491 1758863088
236	721102 67024329 544185930 1276608725 1731490716
237	631348 62210579 434148240 1316438747 1713970123
238	732653 56916719 498175990 1260936961 1760758710
239	768114 70540755 458339975 1284236213 1761692146
240	742681 70714559 356629179 1227338755 1737993195
241	654339 61968408 500120260 1190699649 1686304482
242	694917 48918602 607153012 1294305898 1839867028
243	729220 57060087 669181766 1395260865 1748649843
244	531322 47864842 486972073 1168366896 1799026579
245	760437 48014673 473609658 1296197592 1717764919
246	665974 59662382 464215578 1233012560 1779170069
247	800876 53015357 419835994 1307880541 1656600752
248	681344 61193149 500279387 1162866806 1787870982
249	545132 59376055 518864086 1307207467 1713185202
250	803530 52323986 568939247 1081292113 1650500560
251	653922 47840451 443040563 1233573285 1726508488
252	621684 55561483 633898029 1181160223 1855468368
253	593833 55851769 428034777 1207505020 1759547010
254	598107 56745253 443915556 1266721352 1665519933
255	633723 54321470 490255729 1261825939 1737436359
256	708800 49300890 527331557 1242739212 1709347965
257	643116 47201480 498328494 1142877467 1758172924
258	624238 48376815 475889764 1172446262 1727457567
259	759179 55851843 510579058 1314887405 1750817199
260	690201 45551877 462700928 1269404163 1685056352
261	678923 44793293 545976733 1227160009 1745631425
262	669048 39332865 497316375 1151173727 1772987116
263	783363 40180593 463994690 1028578475 1633344454
264	776661 40083815 455452594 1170318399 1581643060
265	564466 39765941 325908378 1257739525 1654546932
266	713558 42233939 376731665 1172358124 1539650538
267	677670 41451363 475359402 1166939826 1523432631
268	553296 40019222 433243705 1108808843 1494076322
269	627780 37887642 390860823 1094677067 1531064476
270	571883 40345430 390422966 1099206632 1552279199
271	715002 40147312 372325466 1130039797 1518510660
272	706965 40063856 378574421 1071095527 1528605013
273	617411 51606004 351551894 1071413414 1527033641
274	570364 42664944 431326825 1141046541 1533197885
275	688207 41057618 547463214 1066347547 1696897442
276	672705 39937906 503221040 1131851608 1744395919
277	638716 41572624 399829101 1041732247 1770015838
278	507237 44235284 296734695 1023823600 1485654630
279	862243 40987867 433316818 1168708843 1568208445
280	663310 46129213 389997222 1205285057 1535448934
281	711705 41013238 386599321 1224020560 1533009448
282	746421 41596891 362879288 1101353918 1505746014
283	715051 48994024 415025051 1057044895 1559687590
284	822532 66421748 412966461 1065551463 1539117881
285	592936 51861644 467789696 1037309937 1544066806
286	631842 59270965 414313055 1195029816 1735336792
287	615054 56844705 281890185 1152685437 1740158823
288	591293 55255385 449417512 1146925570 1853111784
289	715095 51898230 457540086 1263257211 1654768796
290	681831 43199608 463653696 1208854275 1692739562
291	820840 44700914 430132155 1278640032 1764741599
292	716674 43793654 549315675 1161774409 1712848424
293	673012 47999988 359670117 1184397591 1714195948
294	760113 54576499 335013015 1203059912 1635257032
295	758036 67055145 363018143 1162766256 1681319388
296	750591 65172952 393948972 1129064664 1694521949
297	578413 56828000 470193884 1082687980 1808796762
298	669516 38813224 450544781 1088130215 1741446751
299	735309 35403352 450048443 1158585053 1776966808
300	576402 35591050 420226815 1284436690 1760422265
301	732821 50545615 494708559 1262108456 1709476611
302	653488 49116848 510862265 1286324211 1678578490
303	759971 58948508 406283561 1239778536 1674627281
304	709792 57370690 437852995 1164137670 1726748161
305	708628 67112448 387146357 1026856865 1768610414
306	708102 54741932 498929671 988786971 1784902843
307	693813 50083241 488239809 1196465447 1771220379
308	675613 52424579 478856612 1270559805 1785924930
309	602573 51034978 465320520 1242260669 1717571828
310	797652 52246380 482254565 1264309928 1720949960
311	729013 55654438 382417234 1285515451 1585422895
312	753391 49572455 360215754 1236737831 1689722180
313	665650 64239330 462105592 1251401807 1787247891
314	670518 58622116 368709738 1167617700 1711890868
315	738941 73274954 418090040 1112707999 1691039518
316	762208 72342019 519704619 1220995879 1724354984
317	715723 68649568 503113721 1186436354 1771018462
318	898604 55967596 549167068 1007529903 1799663607
319	669029 54538962 496755751 1345246348 1824916252
320	879158 62468320 515674347 1261320230 1708700651
321	627881 64993093 540673228 1288448616 1853789177
322	695297 56684028 427507653 1321771315 1733272773
323	653731 53971812 487564025 1286600644 1767566226
324	571542 57108532 666635889 1327209914 1710555777
325	751104 52323600 400056080 1384422113 1763343676
326	817201 58031059 551726746 1173003637 1689113474
327	782039 53521782 614185392 1236451323 1792752393
328	602388 61462457 503313515 1287213574 1725279061
329	553385 71487095 378865466 1227789770 1720995110
330	647125 53838610 455229049 1287371605 1676640964
331	726363 45964077 483112669 1228463907 1713403910
332	671013 42781523 453644839 1242583835 1786730426
333	724804 56521351 430306383 1081006287 1718156707
334	702754 54047219 361703277 1196630319 1758235616
335	661795 60349947 392072147 1186178637 1690064598
336	774618 68292898 377833922 1242195250 1728590713
337	747387 65599099 523379424 1226135161 1667992645
338	628516 53967017 517267924 1101604140 1731490810
339	704759 67064060 522898686 1166855148 1754503007
340	629217 58899377 496769135 1089121016 1776846137
341	728585 47854299 496032485 1192090454 1722399712
342	689647 70639450 510942906 1221349378 1766453087
343	801077 48863363 512238031 1309372582 1708966804
344	607184 45048191 524942829 1239339295 1708879332
345	716121 48680538 451208628 1316380262 1745702628
346	702449 50689895 494033322 1103001976 1689722460
347	723684 49416964 328267700 1294450559 1721433586
348	769201 60514726 406616322 1163701483 1720672730
349	634590 40529212 475901813 1076971087 1708039945
350	737433 42761674 447156927 1184743069 1733933161
351	589058 38631066 452155880 1084782306 1600382808
352	865952 41226658 405235736 1135917814 1493701106
353	619885 38247264 303275735 1246119220 1536556773
354	753993 41142993 305979897 1111909444 1555684266
355	624503 37154050 311536235 1064787717 1541101367
356	729404 47250068 535081226 1089928912 1528417611
357	628003 46592402 456392941 1063017134 1531283332
358	620411 53872602 416623051 1103413608 1549468336
359	839580 49251269 442811828 1067692826 1520891194
360	666618 36460603 475045387 999032070 1600214451
361	622231 47209589 370092025 1044223572 1714750289
362	652776 49679635 415342001 1114315147 1663188830
363	945768 57641186 438377485 1075347516 1747631052
364	594891 57593953 336454445 1036420880 1667294608
365	715154 54545915 493618905 977245224 1536040377
366	683371 54407635 543179019 1241802856 1697837951
367	728925 54333954 498423757 948383269 1794855683
368	713624 57950086 508627914 1021204135 1752963141
369	657411 46686081 512781784 1238873441 1743712935
370	588322 62788026 488177892 1335868193 1719603618
371	673970 44669801 539505554 1234497041 1697273388
372	729581 44024178 538212611 1206005292 1785200396
373	687750 39472718 497480998 1288777687 1732283714
374	749245 40107208 532995683 1151730612 1719601283
375	682280 57929651 520177806 1252006561 1770083864
376	610884 55717787 405350706 1190652145 1673612991
377	708311 52302970 532026169 1193097171 1711886979
378	649441 47788942 572831471 1263942056 1765841098
379	706534 55064686 471660758 1074716984 1702758069
380	796587 43303367 349986712 1203603485 1689076919
381	696232 48866721 683790732 1211185711 1778315978
382	726052 49622173 459159652 1247622417 1590727711
383	748732 47239887 609496272 1183811855 1648418995
384	674539 44145532 455087421 1183651143 1654787773
385	656265 47424912 390721352 1129933809 1700205028
386	664204 47775195 532225289 1135295435 1663880525
387	691987 58974990 447862386 1159409333 1584301544
388	679064 74211173 554209568 1043503930 1581510186
389	636740 825864 592181316 1176224622 1629514006
390	722994 807171 567284583 1132856214 1788185346
391	579277 726903 564554675 1165848073 1633571582
392	0 910191 534047251 1193714120 1760457816
393	700679 809582 845327655 1292733931 1767931264
394	704750 1135048 915145872 1226271020 1809328586
395	928558 705177727 1242920643 1421228161 1757548789
396	741562 511231931 1157023432 1487366653 1661730850
397	755287 824977399 1166726391 1180293642 1284845520
398	975327 802916372 1159119433 1260724114 1260724114
399	63751763 917548659 995978456 1048367467 1048367467
400	70646 668604984 960452566 1340495861 1340495861
401	0 180613 197548 564241721 564241721
402	0 0 251745 328007 328007
403	0 0 188599 321743 321743
404	0 0 15030 285792 285792
405	0 0 11506 12061 12061
406	0 0 0 39378 39378
407	0 0 0 0 0
408	0 0 0 0 0
409	0 0 0 0 0
410	0 0 0 0 0
411	0 0 0 0 0
412	0 0 0 0 0
413	0 0 0 0 0
414	0 0 0 0 0
415	0 0 0 0 0
