1	1171456 1290240 1904640 3403776 3641344
2	1077248 1290240 1978368 3375104 3411968
3	1077248 1224704 1777664 3375104 3899392
4	1118208 1269760 1769472 3977216 4386816
5	1163264 1269760 1769472 3981312 4419584
6	1032192 1224704 1769472 3981312 4419584
7	1032192 1765376 1794048 3854336 4304896
8	1032192 1777664 1896448 3854336 4304896
9	1032192 1769472 1794048 3854336 4304896
10	1155072 1769472 1794048 3854336 4308992
11	1155072 1765376 1777664 3854336 4571136
12	1155072 1769472 1896448 3854336 4571136
13	1155072 1769472 1896448 3854336 4571136
14	1155072 1769472 1896448 3985408 4444160
15	1155072 1769472 1896448 3985408 4317184
16	1155072 1769472 1896448 3985408 4317184
17	1155072 1769472 1896448 3985408 4317184
18	1155072 1769472 1896448 3985408 4317184
19	1155072 1773568 1896448 3985408 4317184
20	1155072 1769472 1896448 3985408 4317184
21	1155072 1769472 1896448 3985408 4317184
22	1155072 1769472 1896448 3985408 4317184
23	1155072 1769472 1896448 4116480 4317184
24	1155072 1769472 1896448 4116480 4317184
25	1155072 1769472 1896448 4116480 4317184
26	1155072 1769472 1896448 4116480 4448256
27	1155072 1769472 1896448 4116480 4448256
28	1155072 1769472 1896448 4116480 4448256
29	1155072 1769472 1896448 4116480 4448256
30	1155072 1769472 1896448 4116480 4448256
31	1155072 1769472 1896448 4116480 4448256
32	1155072 1769472 1896448 4116480 4448256
33	1155072 1769472 1777664 4116480 4448256
34	1155072 1769472 1777664 4116480 4448256
35	1064960 1773568 1839104 4116480 4321280
36	1064960 1773568 1802240 4116480 4321280
37	1064960 1773568 1802240 4116480 4321280
38	1064960 1773568 1802240 4116480 4321280
39	1064960 1773568 1802240 4116480 4321280
40	1064960 1773568 1802240 4116480 4321280
41	1064960 1773568 1802240 4304896 4378624
42	1064960 1773568 1904640 4304896 4378624
43	1064960 1773568 1933312 4304896 4378624
44	1064960 1773568 1933312 4194304 4378624
45	1064960 1773568 1933312 4194304 4509696
46	1064960 1773568 1933312 4194304 4640768
47	1064960 1773568 1933312 4194304 4427776
48	1064960 1773568 1933312 4194304 4431872
49	1064960 1773568 1806336 4194304 4431872
50	1064960 1773568 1806336 4194304 4378624
51	1064960 1773568 1806336 4194304 4378624
52	1064960 1773568 1806336 4194304 4378624
53	1064960 1773568 1806336 4194304 4509696
54	1064960 1773568 1806336 4194304 4509696
55	1064960 1773568 1806336 4194304 4509696
56	1064960 1773568 1806336 4194304 4382720
57	1064960 1773568 2072576 4194304 4382720
58	1064960 1773568 2072576 4194304 4644864
59	1064960 1773568 1957888 4194304 4399104
60	1064960 1773568 1957888 4194304 4399104
61	1064960 1773568 1957888 4194304 4399104
62	1064960 1773568 1957888 4194304 4399104
63	1064960 1773568 1835008 4194304 4399104
64	1064960 1773568 1835008 4194304 4399104
65	1064960 1773568 1835008 4194304 4399104
66	1064960 1773568 1835008 4194304 4399104
67	1064960 1773568 1835008 4194304 4583424
68	1064960 1773568 1835008 4194304 4714496
69	1064960 1773568 1835008 4194304 4722688
70	1064960 1773568 1835008 4194304 4890624
71	1064960 1773568 1835008 4194304 4890624
72	1064960 1773568 1835008 4194304 4890624
73	1064960 1773568 1835008 4194304 4890624
74	1064960 1773568 1835008 4194304 4767744
75	1064960 1773568 1835008 4255744 4640768
76	1064960 1773568 1835008 4255744 4390912
77	1064960 1773568 1835008 4255744 4390912
78	1064960 1773568 1835008 4255744 4390912
79	1064960 1773568 1835008 4255744 4390912
80	1064960 1773568 1835008 4128768 4390912
81	1064960 1773568 1835008 4128768 4390912
82	1064960 1773568 1835008 4128768 4390912
83	1064960 1773568 1835008 4128768 4390912
84	1064960 1773568 1835008 4128768 4390912
85	1064960 1773568 1835008 4128768 4390912
86	1064960 1773568 1835008 4128768 4390912
87	1064960 1773568 1835008 4128768 4390912
88	1064960 1773568 1835008 4128768 4390912
89	1064960 1773568 1835008 4128768 4390912
90	1064960 1773568 1835008 4128768 4390912
91	1064960 1773568 1835008 4128768 4390912
92	1064960 1773568 1835008 4128768 4390912
93	1064960 1773568 1835008 4128768 4390912
94	1064960 1773568 1835008 4128768 4390912
95	1064960 1773568 1835008 4128768 4390912
96	1064960 1773568 1835008 4128768 4390912
97	1064960 1773568 1835008 4128768 4390912
98	1064960 1773568 1835008 4128768 4390912
99	1064960 1773568 1835008 4128768 4390912
100	1064960 1773568 1835008 4128768 4325376
101	1064960 1773568 1835008 4128768 4325376
102	1064960 1773568 1835008 4128768 4325376
103	1064960 1773568 1966080 4128768 4325376
104	1064960 1773568 1839104 4128768 4325376
105	1064960 1773568 1839104 4128768 4325376
106	1064960 1773568 1839104 4128768 4325376
107	1064960 1773568 1839104 4128768 4325376
108	1064960 1773568 1839104 4128768 4325376
109	1064960 1773568 1912832 4128768 4325376
110	1064960 1773568 1912832 4128768 4325376
111	1064960 1777664 1912832 4128768 4325376
112	1064960 1777664 1912832 4128768 4325376
113	1064960 1777664 1912832 4128768 4325376
114	1064960 1839104 1912832 4128768 4325376
115	1064960 1900544 1912832 4128768 4325376
116	1064960 1781760 1912832 4128768 4325376
117	1064960 1781760 1912832 4128768 4325376
118	1064960 1781760 1912832 4128768 4325376
119	1064960 1781760 1900544 4128768 4325376
120	1064960 1781760 1900544 4128768 4435968
121	1064960 1781760 1900544 4128768 4435968
122	1064960 1781760 1900544 4128768 4325376
123	1064960 1781760 1900544 4128768 4325376
124	1064960 1781760 1900544 4128768 4325376
125	1064960 1781760 1900544 4128768 4325376
126	1064960 1781760 1900544 4128768 4325376
127	1064960 1781760 1900544 4128768 4325376
128	1064960 1781760 1900544 4128768 4325376
129	1056768 1781760 1900544 4128768 4325376
130	1056768 1781760 1900544 4128768 4325376
131	1056768 1781760 1900544 4128768 4325376
132	1056768 1781760 1900544 4128768 4325376
133	1056768 1781760 1900544 4128768 4325376
134	1056768 1781760 1900544 4128768 4325376
135	1056768 1781760 1900544 4128768 4325376
136	1056768 1781760 1900544 4128768 4325376
137	1056768 1781760 1900544 4128768 4325376
138	1056768 1781760 1900544 4128768 4325376
139	1056768 1781760 1900544 4128768 4325376
140	1056768 1781760 1900544 4128768 4325376
141	1056768 1781760 1900544 4128768 4325376
142	1056768 1781760 1900544 4128768 4325376
143	1056768 1781760 1900544 4128768 4325376
144	1056768 1781760 1900544 4128768 4325376
145	1056768 1781760 1900544 4128768 4325376
146	1056768 1781760 1900544 4128768 4325376
147	1056768 1781760 1900544 4128768 4431872
148	1056768 1781760 1900544 4128768 4431872
149	1056768 1781760 1900544 4128768 4325376
150	1056768 1781760 1900544 4128768 4325376
151	1056768 1781760 1900544 4128768 4415488
152	1056768 1781760 1900544 4128768 4325376
153	1056768 1781760 1970176 4128768 4423680
154	1056768 1781760 1970176 4128768 4325376
155	1056768 1781760 1970176 4128768 4325376
156	1056768 1781760 1970176 4128768 4325376
157	1056768 1781760 1970176 4128768 4325376
158	1056768 1781760 1970176 4128768 4325376
159	1056768 1781760 1970176 4128768 4325376
160	1056768 1781760 1970176 4128768 4325376
161	1056768 1781760 1970176 4128768 4325376
162	1056768 1781760 1970176 4128768 4325376
163	1056768 1781760 1970176 4128768 4325376
164	1056768 1781760 1970176 4128768 4325376
165	1056768 1781760 1970176 4128768 4325376
166	1056768 1781760 1970176 4128768 4325376
167	1056768 1781760 1970176 4128768 4325376
168	1056768 1781760 1970176 4128768 4325376
169	1056768 1781760 1970176 4128768 4325376
170	1056768 1781760 1970176 4128768 4325376
171	1056768 1781760 1970176 4128768 4325376
172	1056768 1781760 1970176 4128768 4325376
173	1056768 1781760 1970176 4128768 4427776
174	1056768 1781760 1970176 4128768 4427776
175	1056768 1781760 1970176 4128768 4325376
176	1056768 1785856 1970176 4128768 4325376
177	1056768 1785856 1970176 4128768 4325376
178	1056768 1785856 1970176 4128768 4325376
179	1056768 1785856 1970176 4128768 4325376
180	1056768 1785856 1970176 4128768 4325376
181	1056768 1785856 1970176 4128768 4325376
182	1056768 1785856 1970176 4128768 4325376
183	1056768 1785856 1970176 4128768 4325376
184	1056768 1785856 1970176 4128768 4325376
185	1056768 1785856 1970176 4128768 4325376
186	1056768 1785856 1970176 4128768 4325376
187	1056768 1781760 1970176 4128768 4325376
188	1056768 1781760 1970176 4128768 4325376
189	1056768 1781760 1970176 4128768 4325376
190	1056768 1781760 1970176 4128768 4431872
191	1056768 1781760 1970176 4128768 4431872
192	1056768 1781760 1970176 4128768 4562944
193	1056768 1781760 1970176 4128768 4562944
194	1056768 1781760 1970176 4128768 4440064
195	1056768 1781760 1970176 4128768 4325376
196	1056768 1781760 1970176 4128768 4325376
197	1056768 1781760 1970176 4128768 4325376
198	1056768 1781760 1970176 4128768 4325376
199	1056768 1781760 1970176 4128768 4325376
200	1056768 1781760 1970176 4128768 4325376
201	1056768 1781760 1970176 4128768 4325376
202	1056768 1781760 1970176 4128768 4325376
203	1056768 1781760 1970176 4128768 4325376
204	1056768 1781760 1970176 4067328 4325376
205	1056768 1781760 1970176 4067328 4456448
206	1056768 1781760 1974272 4067328 4456448
207	1056768 1781760 1974272 4067328 4456448
208	1056768 1781760 1974272 4067328 4456448
209	1056768 1781760 1847296 4067328 4456448
210	1056768 1781760 1847296 4067328 4456448
211	1056768 1781760 1847296 4067328 4530176
212	1056768 1781760 1847296 4067328 4661248
213	1056768 1781760 1847296 4067328 4792320
214	1056768 1781760 1978368 4067328 4792320
215	1056768 1781760 1978368 4067328 4792320
216	1056768 1781760 1978368 4067328 4669440
217	1056768 1781760 1855488 4067328 4669440
218	1056768 1781760 1855488 4067328 4542464
219	1056768 1781760 1855488 4067328 4542464
220	1056768 1781760 1855488 4067328 4542464
221	1056768 1781760 1855488 4067328 4542464
222	1056768 1781760 1855488 4067328 4542464
223	1056768 1781760 1855488 4067328 4542464
224	1056768 1781760 1855488 4067328 4542464
225	1056768 1781760 1855488 4067328 4542464
226	1056768 1781760 1916928 4067328 4415488
227	1056768 1781760 1855488 4067328 4411392
228	1056768 1781760 1855488 4067328 4411392
229	1056768 1781760 1855488 4067328 4411392
230	1056768 1789952 1986560 4067328 4542464
231	1056768 1789952 1986560 4067328 4296704
232	1056768 1789952 1986560 4067328 4296704
233	1056768 1789952 1986560 4067328 4296704
234	1056768 1789952 1986560 4067328 4296704
235	1056768 1789952 2117632 4067328 4296704
236	1056768 1789952 2117632 4067328 4296704
237	1056768 1789952 2117632 4067328 4296704
238	1056768 1789952 2125824 4067328 4296704
239	1056768 1789952 2125824 4067328 4296704
240	1056768 1789952 1998848 4067328 4296704
241	1056768 1789952 1998848 4067328 4296704
242	1056768 1789952 1998848 4067328 4296704
243	1056768 1789952 1998848 4067328 4296704
244	1056768 1789952 2129920 4067328 4296704
245	1056768 1789952 2002944 4067328 4530176
246	1056768 1789952 2002944 4067328 4661248
247	1056768 1789952 2002944 4067328 4661248
248	1056768 1789952 1904640 4067328 4538368
249	1056768 1789952 1904640 4067328 4538368
250	1056768 1789952 1904640 4067328 4538368
251	1056768 1789952 1904640 4067328 4669440
252	1056768 1789952 1904640 4067328 4669440
253	1056768 1789952 1904640 4067328 4669440
254	1056768 1789952 1904640 4067328 4669440
255	1056768 1789952 1904640 4067328 4669440
256	1056768 1789952 1904640 4067328 4669440
257	1056768 1789952 1904640 4067328 4669440
258	1056768 1789952 1904640 4067328 4669440
259	1056768 1789952 1904640 4067328 4669440
260	1056768 1789952 1904640 4067328 4669440
261	1056768 1789952 1904640 4067328 4669440
262	1056768 1789952 1904640 4067328 4669440
263	1056768 1789952 1904640 4067328 4546560
264	1056768 1789952 1904640 4067328 4546560
265	1056768 1789952 1904640 4067328 4546560
266	1056768 1789952 1904640 4067328 4546560
267	1056768 1789952 1904640 4067328 4546560
268	1056768 1789952 1904640 4067328 4546560
269	1056768 1789952 1904640 4067328 4546560
270	1056768 1789952 1904640 4067328 4546560
271	1056768 1789952 1904640 4067328 4546560
272	1056768 1789952 1904640 4067328 4546560
273	1056768 1789952 1904640 4067328 4546560
274	1056768 1789952 1904640 4067328 4546560
275	1056768 1789952 1904640 4067328 4546560
276	1056768 1789952 1904640 4067328 4546560
277	1056768 1789952 1904640 4067328 4546560
278	1056768 1789952 1904640 4067328 4546560
279	1056768 1789952 1904640 4067328 4546560
280	1056768 1789952 1904640 4067328 4546560
281	1056768 1789952 1904640 4067328 4546560
282	1056768 1789952 1904640 4067328 4546560
283	1056768 1789952 1904640 4067328 4546560
284	1056768 1789952 1904640 4067328 4546560
285	1056768 1789952 1904640 4067328 4546560
286	1056768 1789952 1904640 4067328 4546560
287	1056768 1789952 1904640 4067328 4546560
288	1056768 1789952 1904640 4067328 4546560
289	1056768 1789952 1904640 4067328 4419584
290	1056768 1789952 1904640 4067328 4419584
291	1056768 1789952 1904640 4067328 4526080
292	1056768 1789952 2007040 4067328 4526080
293	1056768 1789952 2007040 4067328 4526080
294	1056768 1789952 2007040 4067328 4526080
295	1056768 1789952 2007040 4067328 4526080
296	1056768 1789952 2007040 4067328 4526080
297	1056768 1789952 2007040 4067328 4526080
298	1056768 1789952 2007040 4067328 4526080
299	1056768 1789952 2007040 4067328 4526080
300	1056768 1789952 2007040 4067328 4526080
301	1056768 1789952 2007040 4067328 4526080
302	1056768 1785856 2007040 4067328 4526080
303	1056768 1785856 1908736 4067328 4657152
304	1056768 1785856 1908736 4067328 4657152
305	1056768 1785856 1908736 4050944 4657152
306	1056768 1785856 1908736 4050944 4657152
307	1056768 1785856 1908736 4050944 4657152
308	1056768 1785856 1908736 4050944 4775936
309	1056768 1785856 1908736 4050944 4775936
310	1056768 1785856 2039808 4050944 4775936
311	1056768 1785856 2039808 4050944 4775936
312	1056768 1785856 2039808 4050944 4775936
313	1056768 1785856 2039808 4050944 4775936
314	1056768 1785856 2039808 4050944 4775936
315	1056768 1785856 2039808 4050944 4653056
316	1056768 1785856 2039808 4050944 4526080
317	1056768 1785856 2039808 4050944 4526080
318	1056768 1785856 2039808 4050944 4526080
319	1056768 1785856 2039808 4050944 4526080
320	1056768 1785856 2039808 4050944 4526080
321	1056768 1785856 2039808 4050944 4526080
322	1056768 1785856 2039808 4050944 4526080
323	1056768 1785856 2039808 4050944 4526080
324	1056768 1785856 2039808 4050944 4526080
325	1056768 1785856 1921024 4050944 4526080
326	1056768 1785856 1921024 4050944 4526080
327	1056768 1785856 1921024 4050944 4526080
328	1056768 1785856 1921024 4050944 4526080
329	1056768 1785856 1921024 4050944 4526080
330	1056768 1785856 1921024 4050944 4526080
331	1056768 1785856 1921024 4050944 4526080
332	1056768 1785856 1921024 4050944 4526080
333	1056768 1785856 1921024 4050944 4526080
334	1056768 1785856 2052096 4050944 4526080
335	1056768 1785856 2052096 4050944 4526080
336	1056768 1785856 2052096 4050944 4526080
337	1056768 1785856 2052096 4050944 4526080
338	1056768 1785856 2052096 4050944 4526080
339	1056768 1785856 2011136 4050944 4423680
340	1056768 1789952 2011136 4050944 4423680
341	1056768 1789952 2011136 4050944 4423680
342	1056768 1798144 2011136 4050944 4423680
343	1056768 1798144 2011136 4050944 4423680
344	1056768 1908736 2011136 4050944 4423680
345	1056768 1908736 2011136 4050944 4423680
346	1056768 1908736 2011136 4050944 4423680
347	1056768 1908736 2011136 4050944 4423680
348	1056768 1884160 1921024 4050944 4423680
349	1056768 1884160 1921024 4050944 4423680
350	1056768 1884160 1921024 4050944 4423680
351	1056768 1798144 1921024 4050944 4423680
352	1056768 1798144 1921024 4050944 4423680
353	1056768 1798144 1921024 4050944 4423680
354	1056768 1798144 1921024 4050944 4554752
355	1056768 1798144 1921024 4050944 4554752
356	1056768 1798144 1921024 4050944 4554752
357	1056768 1798144 1921024 4050944 4554752
358	1056768 1798144 1921024 4050944 4554752
359	1056768 1798144 1921024 4050944 4554752
360	1056768 1798144 1921024 4050944 4554752
361	1056768 1798144 1921024 4050944 4554752
362	1056768 1798144 1921024 4050944 4554752
363	1056768 1794048 1908736 4050944 4554752
364	1056768 1794048 1908736 4050944 4554752
365	1056768 1794048 1908736 4050944 4554752
366	1056768 1794048 1908736 4050944 4554752
367	1056768 1794048 1908736 4050944 4554752
368	1056768 1794048 1908736 4050944 4554752
369	1056768 1794048 1908736 4050944 4505600
370	1056768 1794048 1908736 4050944 4505600
371	1056768 1794048 1908736 4050944 4505600
372	1056768 1794048 1908736 4050944 4505600
373	1056768 1794048 1908736 4050944 4505600
374	1056768 1794048 1908736 4050944 4505600
375	1056768 1794048 1908736 4050944 4505600
376	1056768 1794048 1908736 4050944 4505600
377	1056768 1794048 1908736 4050944 4505600
378	1056768 1794048 1908736 4050944 4505600
379	1056768 1794048 1908736 4050944 4505600
380	1056768 1794048 1908736 4050944 4411392
381	1056768 1794048 1908736 4050944 4411392
382	1056768 1794048 1908736 4050944 4411392
383	1056768 1794048 2015232 4050944 4411392
384	1056768 1794048 2015232 4050944 4411392
385	1056768 1794048 2015232 4050944 4411392
386	1056768 1794048 2015232 4050944 4411392
387	1056768 1794048 2015232 4050944 4411392
388	1056768 1908736 2015232 4050944 4411392
389	1056768 1921024 2015232 4050944 4411392
390	1056768 1921024 2326528 4050944 4411392
391	1056768 1921024 2326528 4050944 4411392
392	1056768 1908736 2326528 4050944 4411392
393	1056768 1798144 2326528 4050944 4411392
394	1056768 1925120 2326528 4050944 4411392
395	1056768 2146304 3047424 4218880 4411392
396	1056768 2146304 3047424 4325376 4411392
397	1056768 2146304 3047424 4255744 4542464
398	1056768 2146304 2326528 3047424 3047424
399	1228800 2146304 2326528 3047424 3047424
400	1228800 2080768 2146304 3047424 3047424
401	1228800 1929216 2080768 2920448 2920448
402	1228800 1929216 2080768 2895872 2895872
403	1228800 1929216 2080768 2895872 2895872
404	1228800 1929216 2080768 2895872 2895872
405	1228800 1929216 2080768 2895872 2895872
406	1228800 1929216 2080768 2895872 2895872
407	1228800 1929216 2080768 2895872 2895872
408	1228800 1929216 2080768 2895872 2895872
409	1228800 1929216 2080768 2895872 2895872
410	1228800 1929216 2080768 2895872 2895872
411	1228800 1929216 2080768 2895872 2895872
412	1228800 1929216 2080768 2895872 2895872
413	1228800 1929216 2080768 2895872 2895872
414	1929216 1929216 2080768 2895872 2895872
415	2895872 2895872 2895872 2895872 2895872
