1	0 0 0 0 0
2	0 0 5 13 77
3	0 0 9 14 46
4	0 0 9 15 84
5	0 2 11 35 106
6	0 5 17 48 118
7	0 4 24 76 154
8	0 6 12 44 185
9	0 5 19 61 152
10	0 5 11 71 167
11	0 6 29 65 177
12	0 7 38 79 242
13	0 9 49 92 114
14	0 9 57 82 190
15	0 9 48 94 163
16	0 8 22 64 135
17	0 7 55 92 165
18	0 7 36 86 174
19	0 7 39 76 164
20	0 8 63 95 165
21	0 8 53 98 168
22	0 10 49 95 149
23	0 9 66 94 179
24	0 9 46 68 192
25	0 10 59 99 173
26	0 9 44 99 198
27	0 9 48 90 173
28	0 9 36 97 171
29	0 7 59 94 176
30	0 7 46 93 197
31	0 8 47 95 173
32	0 8 39 91 168
33	0 7 43 85 168
34	0 7 51 98 169
35	0 9 51 99 181
36	0 6 34 96 184
37	0 6 46 92 182
38	0 7 42 93 177
39	0 7 48 95 166
40	0 7 55 94 171
41	0 11 56 87 155
42	0 9 33 91 157
43	0 10 46 94 159
44	0 8 55 92 159
45	0 8 61 83 155
46	0 8 47 90 172
47	0 5 21 85 162
48	0 8 54 96 168
49	0 9 46 92 170
50	0 9 65 89 163
51	0 10 42 96 189
52	0 8 35 88 176
53	0 8 38 99 169
54	0 9 51 82 181
55	0 11 39 79 167
56	0 10 53 88 172
57	0 9 53 90 167
58	0 9 51 99 189
59	0 9 40 89 187
60	0 9 49 94 185
61	0 8 59 97 183
62	0 9 55 99 173
63	0 8 41 93 175
64	0 7 46 86 179
65	0 10 57 93 165
66	0 9 66 93 173
67	0 9 52 94 189
68	0 7 48 88 186
69	0 8 25 94 178
70	0 6 45 98 172
71	0 9 38 85 183
72	0 8 55 87 184
73	0 9 49 95 167
74	0 7 44 82 172
75	0 5 45 72 172
76	0 7 39 94 200
77	0 8 51 93 174
78	0 7 41 98 190
79	0 8 45 93 182
80	0 9 36 97 183
81	0 8 37 84 185
82	0 9 38 77 174
83	0 8 41 92 181
84	0 10 56 98 176
85	0 11 43 83 185
86	0 8 49 95 182
87	0 8 41 88 182
88	0 9 33 96 187
89	0 7 36 79 180
90	0 8 34 95 185
91	0 8 28 96 187
92	0 9 49 91 184
93	0 9 52 87 181
94	0 7 52 85 171
95	0 8 33 87 190
96	0 8 54 97 184
97	0 10 49 97 179
98	0 7 54 97 186
99	0 7 33 94 173
100	0 8 47 97 175
101	0 10 59 92 178
102	0 8 23 65 184
103	0 9 45 98 183
104	0 9 58 91 172
105	0 10 51 93 172
106	0 10 49 89 186
107	0 8 29 84 187
108	0 9 44 92 175
109	0 9 56 93 173
110	0 10 50 96 166
111	0 8 42 93 173
112	0 13 59 91 190
113	0 10 49 99 185
114	0 8 35 87 185
115	0 9 44 94 180
116	0 12 54 97 182
117	0 8 48 87 179
118	0 9 51 99 194
119	0 9 43 99 177
120	0 9 58 86 185
121	0 11 62 96 179
122	0 8 35 99 179
123	0 8 56 81 171
124	0 7 39 91 196
125	0 8 36 84 176
126	0 7 37 96 189
127	0 9 58 95 186
128	0 10 53 98 159
129	0 12 52 99 199
130	0 9 63 97 179
131	0 10 50 97 166
132	0 9 48 96 171
133	0 13 55 92 170
134	0 9 42 98 172
135	0 10 45 88 178
136	0 8 66 98 186
137	0 8 61 88 188
138	0 10 53 91 196
139	0 9 51 97 182
140	0 11 53 89 174
141	0 7 22 99 181
142	0 9 37 99 193
143	0 8 47 96 180
144	0 11 51 87 184
145	0 9 47 95 181
146	0 13 51 94 186
147	0 8 29 97 178
148	0 8 34 85 180
149	0 9 54 97 179
150	0 9 55 92 167
151	0 9 63 82 188
152	0 9 58 91 180
153	0 8 44 98 172
154	0 10 58 99 179
155	0 7 48 85 197
156	0 8 42 93 197
157	0 8 52 99 209
158	0 7 44 86 172
159	0 11 53 97 213
160	0 7 29 95 196
161	0 9 44 95 187
162	0 8 51 99 200
163	0 9 46 90 199
164	0 8 39 85 173
165	0 9 64 94 174
166	0 10 41 99 173
167	0 12 49 88 172
168	0 8 51 99 168
169	0 9 69 95 173
170	0 8 49 96 164
171	0 10 40 83 160
172	0 8 43 88 173
173	0 8 27 98 193
174	0 8 48 95 187
175	0 8 35 89 176
176	0 8 38 97 189
177	0 13 65 91 183
178	0 9 45 96 169
179	0 9 47 99 166
180	0 8 43 97 178
181	0 7 34 93 169
182	0 9 39 83 170
183	0 8 34 97 172
184	0 8 22 97 166
185	0 11 46 81 171
186	0 8 73 99 177
187	0 9 45 94 192
188	0 7 38 95 174
189	0 9 39 86 174
190	0 8 31 96 173
191	0 10 45 98 185
192	0 9 41 94 196
193	0 8 53 88 180
194	0 5 33 97 175
195	0 7 52 96 171
196	0 7 45 84 206
197	0 7 27 96 191
198	0 9 48 83 176
199	0 10 28 98 182
200	0 9 51 84 187
201	0 7 29 88 182
202	0 10 61 96 184
203	0 7 26 93 187
204	0 9 48 79 182
205	0 8 36 79 174
206	0 5 45 95 164
207	0 8 27 95 195
208	0 11 55 85 200
209	0 8 36 81 188
210	0 9 41 98 194
211	0 9 60 99 188
212	0 13 41 76 194
213	0 9 27 95 192
214	0 12 36 89 200
215	0 8 41 86 187
216	0 9 52 84 182
217	0 8 57 94 195
218	0 9 46 96 205
219	0 10 59 85 189
220	0 8 39 89 207
221	0 10 61 99 184
222	0 7 54 96 199
223	0 9 35 96 201
224	0 7 27 98 186
225	0 8 45 76 192
226	0 6 43 95 199
227	0 8 32 98 179
228	0 8 41 98 186
229	0 9 45 91 208
230	0 9 47 89 198
231	0 8 42 86 187
232	0 13 47 98 179
233	0 8 33 95 181
234	0 10 44 97 171
235	0 8 27 89 176
236	0 9 56 94 168
237	0 9 63 98 165
238	0 9 46 98 172
239	0 9 43 95 172
240	0 11 59 98 194
241	0 11 50 93 177
242	0 9 46 89 188
243	0 9 45 73 177
244	0 8 47 113 174
245	0 8 56 111 166
246	0 9 40 117 190
247	0 8 47 107 170
248	0 9 61 111 167
249	0 37 66 138 190
250	0 39 66 140 176
251	0 28 75 132 182
252	0 69 79 125 174
253	0 1 93 142 175
254	0 7 99 144 201
255	1 61 94 146 189
256	0 12 84 151 182
257	0 0 32 63 144
258	0 0 9 77 77
259	0 0 0 4 4
260	0 0 0 4 4
261	0 0 0 0 0
