1	90 90 180 1382 2440
2	78 168 168 168 5114774
3	160 250 250 2626 3782478
4	0 0 0 2592 3166562
5	0 0 0 2538 3869816
6	0 0 0 146994 3360680
7	70 608 740 143004 2465122
8	0 0 2376 1371094 3187056
9	0 538 2592 1320018 3412003
10	0 0 2592 1328416 2930267
11	70 70 2608 1911994 3574616
12	0 42 190524 1685721 3381354
13	0 982 194372 1709344 2536838
14	0 2430 1220676 2616728 2877397
15	0 2592 1241302 2554792 2980100
16	370 206504 1533846 2787566 2850808
17	518 197396 1542089 2790211 3877536
18	518 306684 1312853 2541311 3279352
19	592 205390 1504677 2633159 3799962
20	444 180038 1515005 2602818 3686916
21	518 224588 1601804 2538746 2925626
22	518 216936 1321670 2667617 2987684
23	518 209202 1427743 2809644 3081232
24	518 175558 1669820 2600178 3694418
25	444 259214 1666497 2678419 3764318
26	444 329256 1424790 2485648 3769470
27	518 318680 1498882 2623238 3635368
28	518 285894 1642125 2642995 3129402
29	444 285894 1717227 2588978 3145994
30	444 279112 1689567 2665168 3200547
31	444 257060 1393037 2754054 3653782
32	518 213426 1552663 2596632 3361383
33	444 278650 1700753 2347293 3188826
34	518 246946 1706013 2640365 3094365
35	518 199178 1617555 2837302 3051076
36	518 264444 1678092 2796252 3550458
37	444 321930 1539873 2970287 3295804
38	518 201950 1547658 2875791 3550644
39	444 297386 1659137 2746672 3809526
40	444 248604 1655732 2742300 3792942
41	560 177984 1155410 2723168 3619504
42	592 249940 1895363 3044208 3317862
43	518 264774 1455851 2794520 3768540
44	518 265566 1293909 2584711 3688662
45	444 269130 1550092 2739806 3805054
46	518 306404 1738952 2613530 3769166
47	592 251120 1884702 2655013 3689948
48	518 255732 1728863 2158302 3710458
49	518 296372 2168848 3244722 3516463
50	444 247358 2004544 2600122 3596320
51	518 313284 1547148 2329309 3624050
52	518 216866 1451747 2501736 3544860
53	444 230858 1845760 2729978 3465098
54	518 241344 1654250 2590696 3743571
55	518 279236 2057027 2796498 3504031
56	518 289268 1590125 2721430 2982186
57	518 265706 1768672 3240414 3665632
58	518 283518 1581213 2656618 3729580
59	444 278510 1715603 2654836 3690186
60	518 248414 1553944 2530633 3806794
61	518 215084 1554677 3497854 3666934
62	518 241814 1596169 2611278 3812448
63	518 213038 1406159 2992815 3816258
64	444 259964 1418046 2631651 3558588
65	518 282132 1609792 2329113 2748494
66	518 294672 1656529 2464794 2868184
67	444 308318 1583334 2708866 3023158
68	486 274740 1526337 2586646 3454481
69	518 231576 1772961 2670551 3539519
70	518 235776 1797857 2680672 3517117
71	518 226098 1417169 2765317 3109606
72	518 215084 1614331 2792691 3014124
73	518 224258 1666421 2739674 3704954
74	444 267166 1624401 2885571 3648336
75	518 317244 1562233 3181674 3686806
76	444 253042 1551330 2749134 3774332
77	518 225108 1868625 2853499 3828888
78	518 234422 1603909 2656244 3810038
79	518 221676 1878120 2812320 3810542
80	444 209078 1901386 2798754 3745042
81	592 220694 1816732 2783364 3824314
82	444 246822 1426193 2973024 3612428
83	518 255938 1661816 2837028 3820796
84	518 248290 1514410 2877044 3692076
85	444 217914 1713361 3214320 3767860
86	518 256194 1716621 2904163 3690466
87	592 212386 1579632 3465956 3719388
88	518 229176 1519710 3312308 3700026
89	518 221940 1372951 3471914 3588904
90	444 218318 1640451 2797946 3641020
91	444 238696 1506705 3123926 3579438
92	518 264906 1639984 2977608 3335550
93	518 275598 1497513 2923780 3743144
94	444 263660 1356925 3340994 3749440
95	560 252242 1550237 3194134 3748372
96	518 271976 1504129 2835048 3583854
97	444 289400 1541433 2755580 3958900
98	518 216338 1660308 2782260 3637340
99	518 258314 1561914 2915488 3769076
100	518 230924 1542973 3064575 3646988
101	444 220166 1337458 2856158 3580610
102	592 272306 1483601 2664722 3649176
103	444 269996 1519582 2850625 3906562
104	444 237780 1326745 2663632 2924610
105	444 201554 1413832 2755219 2921700
106	444 223392 1446948 3052974 3637822
107	518 189476 1370324 2770000 2934255
108	444 228416 1353888 2706306 3112570
109	444 269468 1372040 2982076 3834260
110	444 200276 1421575 2713653 3131874
111	518 329594 1301063 2872201 2931820
112	444 304308 1322324 2459882 3617792
113	518 285176 1111863 2754494 2977606
114	444 230124 1401667 2774006 3469714
115	444 241064 1439312 3063462 3828610
116	518 193370 1700110 2735278 3880868
117	518 242664 1440443 2593287 3888158
118	444 261408 1437500 2752006 3903908
119	518 232508 1283200 2797016 3521334
120	444 281406 1660925 2819312 3126780
121	518 280094 2013005 2876138 3688272
122	518 265310 1422031 3004076 3539599
123	486 239240 1923858 2829192 3774866
124	518 275862 1815801 2722129 3569325
125	518 268742 1375930 2698500 3613027
126	444 278304 1719443 2782414 3774238
127	444 290456 1571000 2804286 2942658
128	518 235470 1551067 2810292 3680042
129	444 198906 1873369 2848926 3310758
130	444 227360 1602603 2736488 3875442
131	518 270524 1548236 2713075 3893738
132	518 229728 1383603 2850515 3848446
133	444 216272 1693427 2594382 3919126
134	518 278420 1570767 2858963 3111828
135	518 224712 1627218 2561155 2773960
136	444 259824 1391517 2689622 3090602
137	518 168084 1623297 2832128 3054848
138	518 189930 1609083 2647700 3283769
139	518 229134 1709600 2674096 2996632
140	444 246410 1217734 2517966 2854138
141	518 238572 1296470 2673788 2842805
142	444 253760 1755856 2478424 3015982
143	518 252036 1587172 2298764 2939516
144	444 243134 1474100 2683686 3236872
145	518 258776 1298395 2358418 3091229
146	444 203196 1471116 2722382 3304970
147	444 223392 1513074 2396386 2811696
148	518 315066 1535819 2626241 2867732
149	444 244644 1268112 2625744 2830414
150	634 244644 1538514 2499798 3010370
151	518 260888 1913534 2571818 3077884
152	518 298632 1738017 2903928 3188660
153	444 257720 1528099 2334798 3066434
154	444 307616 1716034 2422868 2758899
155	370 228284 1667509 2222186 2516973
156	518 195738 1377525 2399324 2940984
157	518 180690 1657594 2373398 3090625
158	518 215522 1284454 2444755 3019180
159	444 196068 1157072 2381738 3358576
160	444 230330 1391464 2316337 3728020
161	518 216792 1408285 2377597 3447558
162	518 233762 1360881 2599673 2796536
163	518 249792 1581538 2641785 2748722
164	518 262968 1869320 2728655 2968286
165	518 228350 1417728 3080432 3813616
166	518 221750 1467571 2942762 3761170
167	518 275400 1495512 2719626 3672332
168	444 312104 1347625 2273236 3865896
169	444 285366 1516856 2422180 3880686
170	518 344444 2126816 2583552 3892594
171	444 317648 1902774 2813338 3415739
172	518 281472 1671165 2812204 3399759
173	592 222806 1546926 2635673 3403609
174	444 226362 1759269 2728752 3753350
175	518 192842 1353749 2660152 3783234
176	518 281546 1599488 2567027 3608315
177	592 272760 1403187 2746127 3149967
178	560 216932 1418837 2845820 3082424
179	518 226634 1498090 3038907 3586868
180	370 294078 1555245 3252737 3854884
181	444 286686 1341452 2994739 3821142
182	518 263966 1488705 2896169 3868540
183	518 226700 1461545 2635941 3943142
184	444 313152 1391491 3015422 3892040
185	518 306948 1337223 3104486 3348792
186	592 300290 1040837 2692311 3683944
187	370 217378 1661637 2645876 3523644
188	444 246278 1686655 2641808 3619835
189	444 272760 1405791 2637586 3510562
190	518 259568 1183264 2446033 3321551
191	518 250402 1471355 2690936 3238974
192	444 251054 1323341 2613310 3030577
193	592 299366 1581925 2795994 3476558
194	444 232698 1542581 2869668 3942904
195	444 229860 1302175 2869426 3755822
196	518 210324 1455298 2896750 3753598
197	518 242540 1407768 2682108 3763558
198	592 250196 1242578 2622995 3621126
199	444 212700 1199038 2725419 3580078
200	444 304782 1308326 2571131 2813562
201	518 250072 1143224 2499434 2783051
202	444 217064 1127550 2821391 2948352
203	518 252300 1670880 2759940 2984996
204	444 277256 1606515 2352238 2872978
205	592 291710 1317691 2478690 3092780
206	518 173744 1634283 2685042 3544252
207	444 147302 1552055 2354229 3125244
208	518 195746 1365616 2797669 2876254
209	444 218516 1341852 2471058 2794123
210	518 208022 1207727 2737230 3085698
211	518 285968 1003255 2492447 2830504
212	444 257300 1218822 2203694 3367373
213	592 229340 1231990 2567706 3358678
214	518 204450 1404689 2724147 3004538
215	444 261540 1207312 2562336 2771454
216	518 252902 1267969 2560893 3230424
217	444 196992 1055986 2667542 3259618
218	444 185318 1509285 2931457 3553918
219	444 259634 1228299 2412416 3737938
220	444 196282 1297415 3020263 3715084
221	560 223994 1068392 2886889 3774794
222	518 272240 1504675 2770014 3868882
223	444 244182 1201037 2629636 3777064
224	518 278576 1132666 2696242 3589930
225	518 243200 1207456 2804826 3804712
226	444 220034 1333315 2879648 3535350
227	518 321864 1515874 2813662 3533240
228	444 223920 1377732 2749806 3497531
229	518 189344 1284504 2954052 3470221
230	518 175460 1299978 2790586 3333538
231	444 238638 1186713 3019226 3619593
232	444 280028 1126013 3328318 3720798
233	518 283254 1304404 2882981 3625938
234	444 209870 1180254 2911180 3692252
235	518 178322 1298971 3048191 3808048
236	444 197628 1578771 2674726 3857334
237	444 163398 1068378 2839405 3858604
238	518 260360 1118048 3526864 3723026
239	518 289202 998440 2538392 3786306
240	444 292898 1069999 2811081 3570824
241	518 249734 1079407 2905578 3486405
242	518 233218 1581131 2749095 3662269
243	444 220496 1586423 2463110 3301160
244	518 164858 1397745 2613538 3599708
245	444 149942 1160439 2644378 3241092
246	444 232038 989499 2838056 3811832
247	444 248274 1080347 2594552 2834598
248	518 227954 1486635 2861332 3884753
249	518 214284 1435555 2805286 3624162
250	518 219102 1361325 2546598 3754340
251	518 199830 1120374 2775944 3550394
252	444 173702 1333026 2822658 3867674
253	444 199574 1379205 2674604 3545528
254	518 215984 1027062 2678093 3845714
255	518 233490 1038471 2579986 2943284
256	518 240090 1018622 2376479 2886850
257	518 208154 986383 2324069 3858154
258	518 231650 1436115 2538752 3741120
259	444 272496 1233665 2782632 3603432
260	592 192496 1397047 2742949 3659498
261	444 291884 1382680 2596675 3519034
262	444 259758 1367099 2807384 2881520
263	518 301866 985865 2859814 3264835
264	486 271374 1681266 2445746 3483171
265	518 236014 1383087 2770534 3515210
266	444 230718 1347063 2834684 3399831
267	518 230462 1397501 2783052 3513527
268	518 191522 1227247 2721150 2846312
269	518 296726 1288076 2880144 3616449
270	370 222410 1355228 2778412 2903958
271	518 260022 1323642 3377676 3687161
272	518 250526 1328383 3166237 3943636
273	444 300158 1338339 3143377 3640662
274	444 262472 1277463 2650926 3612836
275	518 307756 1442973 2713815 3808104
276	444 247276 1317192 2809486 3702846
277	444 268742 1766887 2948664 3616554
278	518 304688 2286630 2763776 3775615
279	444 279764 1728910 2778096 3289344
280	518 274624 1523805 2706752 3079688
281	444 240156 1916397 2841952 3188140
282	518 252308 1805989 2691134 3169362
283	518 216792 1725658 2857242 3785106
284	518 212980 1783593 2872648 3253980
285	518 194146 1436826 2623505 3171048
286	444 320816 1614812 2622066 3969630
287	518 266886 1740886 2744828 3455032
288	444 215802 1440551 2816238 3127568
289	444 229340 2573822 2861536 3121892
290	518 246830 1584021 2894436 3544477
291	518 261878 1558357 2646573 3979872
292	0 229076 1547153 2705613 3798032
293	518 1024010 2313831 2656202 2751392
294	518 271836 1654724 2694296 2720490
295	444 299894 1520268 2800481 2851950
296	518 1198810 2767658 2835557 3918117
297	518 1177070 2360866 2717365 3228456
298	444 1313523 2404301 3444470 3591104
299	444 1158183 2419637 2662970 3449160
300	444 1379968 1829971 2316599 2742808
301	444 1307663 2316357 2783254 2783254
302	253449 1547847 2358904 2847130 2847130
303	1354 1754742 2451420 2907446 2907446
304	66 1282651 2782854 3092687 3092687
305	132 206 2807585 2816942 2816942
306	0 74 2620587 3733598 3733598
307	0 0 206 3800762 3800762
308	74 74 280 1943012 1943012
309	0 0 74 132 132
310	0 0 0 74 74
311	0 0 74 206 206
312	0 0 74 74 74
313	0 0 0 0 0
314	0 0 74 74 74
315	0 0 0 74 74
316	0 0 0 0 0
317	0 0 0 0 0
318	0 0 0 74 74
319	0 0 0 0 0
320	0 0 0 0 0
321	0 0 0 0 0
322	0 0 0 0 0
