1	0 0 0 1 27
2	0 0 2 8 93
3	0 0 1 13 77
4	0 1 9 17 95
5	0 0 8 51 98
6	0 0 12 52 113
7	0 0 11 39 122
8	0 0 7 41 115
9	0 0 9 31 116
10	0 0 13 59 111
11	0 0 13 38 113
12	0 0 8 57 109
13	0 2 19 38 110
14	0 2 13 58 109
15	0 5 28 76 113
16	0 5 15 73 111
17	0 6 21 66 111
18	0 4 18 64 111
19	0 5 20 46 118
20	0 2 14 63 117
21	0 1 12 72 111
22	0 5 31 88 116
23	0 5 20 75 114
24	0 6 29 67 115
25	0 3 28 79 110
26	0 6 26 57 116
27	0 6 28 77 112
28	0 5 28 75 116
29	0 6 29 74 117
30	0 6 20 84 112
31	0 3 22 68 112
32	0 1 24 54 115
33	0 1 9 36 116
34	0 5 22 57 113
35	0 1 6 35 115
36	0 1 25 61 114
37	0 2 22 56 113
38	0 3 16 35 113
39	0 1 31 46 114
40	0 5 18 83 116
41	0 1 7 37 115
42	0 1 20 64 113
43	0 4 23 55 114
44	0 2 17 48 115
45	0 6 20 46 116
46	0 6 31 81 113
47	0 2 13 31 115
48	0 1 17 81 116
49	0 3 8 37 114
50	0 2 18 32 114
51	0 2 18 69 114
52	0 2 19 41 116
53	0 1 21 64 115
54	0 6 19 44 115
55	0 3 8 41 114
56	0 2 22 69 115
57	0 4 20 47 114
58	0 1 26 76 114
59	0 1 29 54 112
60	0 7 29 72 114
61	0 1 9 57 114
62	0 1 23 67 113
63	0 6 26 67 113
64	0 1 7 33 115
65	0 3 26 79 114
66	0 6 19 71 113
67	0 5 19 55 115
68	0 7 24 63 113
69	0 1 30 71 114
70	0 4 11 41 114
71	0 1 14 57 115
72	0 6 35 87 114
73	0 7 25 92 115
74	0 1 33 61 113
75	0 2 13 38 115
76	0 3 14 36 114
77	0 1 27 71 113
78	0 5 18 43 115
79	0 3 21 54 114
80	0 1 16 67 115
81	0 4 30 68 112
82	0 2 11 68 116
83	0 2 26 55 112
84	0 6 36 78 113
85	0 3 18 47 110
86	0 2 18 39 113
87	0 1 15 43 109
88	0 6 21 46 111
89	0 6 16 57 111
90	0 1 18 65 112
91	0 1 9 33 115
92	0 4 16 34 114
93	0 1 9 69 111
94	0 1 33 78 116
95	0 3 22 84 112
96	0 3 13 43 114
97	0 1 21 36 113
98	0 3 15 44 114
99	0 3 19 85 114
100	0 5 31 48 115
101	0 4 19 72 118
102	0 2 29 73 113
103	0 3 18 41 116
104	0 1 18 62 114
105	0 4 17 48 114
106	0 3 23 82 117
107	0 4 14 83 115
108	0 2 8 35 114
109	0 6 18 45 114
110	0 5 20 66 116
111	0 2 15 69 116
112	0 3 17 35 115
113	0 8 26 45 116
114	0 4 27 76 115
115	0 2 17 73 114
116	0 4 18 44 116
117	0 6 23 35 116
118	0 1 23 62 113
119	0 6 12 67 117
120	0 5 15 45 113
121	0 3 8 33 115
122	0 2 17 37 117
123	0 2 18 43 114
124	0 2 21 52 116
125	0 2 21 82 114
126	0 1 18 46 115
127	0 3 8 35 115
128	0 1 16 61 116
129	0 5 21 55 114
130	0 1 30 65 114
131	0 4 16 40 114
132	0 1 18 37 114
133	0 6 16 35 114
134	0 1 14 36 115
135	0 3 11 34 115
136	0 5 25 47 115
137	0 3 16 41 116
138	0 1 16 59 114
139	0 1 21 77 113
140	0 3 12 66 116
141	0 7 16 41 112
142	0 1 15 64 116
143	0 3 18 36 115
144	0 1 8 33 116
145	0 5 25 73 113
146	0 1 8 48 114
147	0 3 21 42 116
148	0 6 15 45 114
149	0 4 19 37 114
150	0 5 28 65 114
151	0 1 11 38 114
152	0 2 8 34 115
153	0 1 8 36 113
154	0 4 9 35 114
155	0 3 13 34 115
156	0 1 19 73 113
157	0 7 28 73 115
158	0 6 20 75 114
159	0 1 25 52 115
160	0 1 13 39 114
161	0 1 8 29 116
162	0 2 19 37 113
163	0 6 19 74 116
164	0 5 19 69 114
165	0 6 24 38 114
166	0 1 31 63 116
167	0 7 26 79 116
168	0 6 34 76 113
169	0 2 17 39 117
170	0 1 27 69 113
171	0 7 25 71 115
172	0 1 18 91 114
173	0 6 21 49 115
174	0 5 19 42 115
175	0 1 15 35 114
176	0 6 15 47 116
177	0 3 26 74 113
178	0 7 24 79 113
179	0 6 13 65 113
180	0 4 17 52 114
181	0 5 32 66 114
182	0 1 18 51 115
183	0 3 19 52 113
184	0 1 12 35 117
185	0 1 20 78 113
186	0 6 32 48 114
187	0 1 17 39 114
188	0 2 19 57 115
189	0 6 17 36 116
190	0 6 28 77 113
191	0 1 17 32 116
192	0 1 14 54 115
193	0 1 9 35 114
194	0 1 17 47 114
195	0 3 9 34 115
196	0 6 19 63 114
197	0 7 31 43 116
198	0 2 16 71 114
199	0 4 19 81 115
200	0 1 24 82 112
201	0 4 21 75 116
202	0 4 27 68 115
203	0 2 31 66 113
204	0 5 17 63 115
205	0 1 18 61 114
206	0 4 16 39 117
207	0 3 16 35 114
208	0 5 17 46 115
209	0 2 14 65 115
210	0 4 34 69 115
211	0 8 16 46 115
212	0 1 19 55 112
213	0 2 21 62 115
214	0 1 18 65 115
215	0 4 8 33 116
216	0 6 16 35 115
217	0 4 20 36 115
218	0 2 15 37 114
219	0 2 25 48 114
220	0 5 26 73 116
221	0 1 14 56 114
222	0 4 18 64 115
223	0 7 22 76 116
224	0 6 28 91 114
225	0 1 25 83 115
226	0 5 18 79 116
227	0 3 21 71 116
228	0 5 17 52 114
229	0 6 24 65 116
230	0 1 34 71 116
231	0 3 19 79 117
232	0 6 15 41 116
233	0 7 19 47 113
234	0 4 21 57 114
235	0 0 22 76 115
236	0 6 27 74 114
237	0 4 11 49 114
238	0 2 18 41 116
239	0 1 16 36 115
240	0 1 19 67 114
241	0 6 8 39 114
242	0 2 15 37 115
243	0 2 19 68 114
244	0 3 19 48 114
245	0 6 27 51 116
246	0 1 8 39 116
247	0 6 18 63 116
248	0 3 20 45 116
249	0 6 25 87 115
250	0 3 25 58 113
251	0 3 17 57 115
252	0 2 8 49 115
253	0 6 31 53 114
254	0 2 9 36 113
255	0 2 9 52 115
256	0 3 9 35 115
257	0 6 26 75 115
258	0 4 9 39 116
259	0 1 16 32 115
260	0 6 28 77 116
261	0 1 30 79 115
262	0 1 17 32 114
263	0 1 18 36 116
264	0 2 17 42 113
265	0 6 17 69 115
266	0 2 26 35 116
267	0 7 19 38 116
268	0 3 29 93 115
269	0 2 15 63 114
270	0 4 19 47 116
271	0 5 26 56 114
272	0 7 26 36 115
273	0 3 19 51 114
274	0 4 19 79 115
275	0 1 19 56 115
276	0 5 32 73 113
277	0 6 29 82 116
278	0 2 18 63 114
279	0 5 28 79 116
280	0 1 8 56 113
281	0 7 30 65 117
282	0 7 32 77 116
283	0 5 23 69 112
284	0 1 20 43 116
285	0 6 17 76 119
286	0 1 25 52 115
287	0 2 31 77 113
288	0 5 19 38 114
289	0 2 7 34 115
290	0 7 25 82 116
291	0 4 11 36 115
292	0 7 35 65 116
293	0 4 19 75 116
294	0 6 19 66 113
295	0 2 18 73 116
296	0 1 8 63 115
297	0 2 31 84 113
298	0 6 29 81 116
299	0 7 26 63 116
300	0 1 21 62 113
301	0 5 19 52 116
302	0 2 10 67 113
303	0 7 22 43 116
304	0 1 16 69 114
305	0 5 18 46 115
306	0 1 30 74 115
307	0 1 12 47 115
308	0 3 21 37 113
309	0 1 16 36 115
310	0 1 27 75 116
311	0 1 32 51 115
312	0 2 15 36 115
313	0 1 19 41 115
314	0 6 21 66 116
315	0 7 35 67 115
316	0 7 18 67 117
317	0 2 9 35 117
318	0 6 18 64 113
319	0 6 19 45 117
320	0 1 18 68 112
321	0 3 27 57 114
322	0 6 28 81 115
323	0 4 17 36 113
324	0 1 14 58 116
325	0 3 25 62 117
326	0 1 17 56 115
327	0 3 18 64 113
328	0 6 19 39 117
329	0 1 19 59 115
330	0 2 30 55 116
331	0 2 9 36 115
332	0 7 23 73 114
333	0 4 19 35 115
334	0 1 7 34 114
335	0 2 20 67 116
336	0 3 24 78 113
337	0 7 35 69 114
338	0 7 22 41 115
339	0 2 9 59 114
340	0 1 19 46 114
341	0 4 19 53 115
342	0 6 35 84 115
343	0 7 25 54 113
344	0 6 17 71 111
345	0 2 9 35 118
346	0 2 23 36 114
347	0 5 19 76 115
348	0 3 17 49 115
349	0 1 18 58 116
350	0 1 20 76 114
351	0 1 8 36 115
352	0 4 19 61 114
353	0 6 18 52 115
354	0 1 19 58 115
355	0 1 17 42 115
356	0 2 8 37 114
357	0 4 24 75 114
358	0 1 13 73 116
359	0 1 8 35 115
360	0 5 27 79 115
361	0 1 21 85 113
362	0 4 33 77 117
363	0 1 22 74 114
364	0 1 13 69 116
365	0 1 31 84 116
366	0 1 19 66 113
367	0 7 20 55 114
368	0 4 19 71 116
369	0 4 19 73 115
370	0 1 20 73 113
371	0 1 15 65 116
372	0 2 18 35 112
373	0 2 9 34 115
374	0 3 19 78 115
375	0 1 16 59 115
376	0 1 8 41 116
377	0 3 20 61 114
378	0 2 18 62 115
379	0 3 15 56 115
380	0 4 23 81 115
381	0 3 18 62 116
382	0 1 19 47 114
383	0 2 9 39 117
384	0 2 17 53 115
385	0 6 16 34 114
386	0 2 22 46 114
387	0 1 28 67 113
388	0 2 16 53 116
389	0 2 8 35 115
390	0 6 22 53 115
391	0 7 19 63 114
392	0 1 8 36 115
393	0 0 18 49 115
394	0 1 8 36 115
395	0 1 17 58 116
396	0 3 15 42 116
397	0 3 15 48 114
398	0 4 11 52 114
399	0 2 8 46 114
400	0 3 12 59 113
401	0 0 22 74 115
402	0 5 24 85 114
403	0 3 14 47 115
404	0 1 17 37 112
405	0 3 13 39 116
406	0 6 11 65 114
407	0 2 18 71 115
408	0 5 27 81 114
409	0 4 17 48 115
410	0 6 17 55 115
411	0 5 19 42 116
412	0 7 26 74 113
413	0 2 20 59 115
414	0 4 11 71 114
415	0 7 24 81 114
416	0 1 7 32 114
417	0 6 19 64 116
418	0 2 17 62 114
419	0 2 17 68 116
420	0 7 19 78 115
421	0 2 19 55 113
422	0 2 19 78 114
423	0 4 27 57 115
424	0 1 13 47 115
425	0 2 18 67 114
426	0 2 9 34 117
427	0 5 18 77 115
428	0 7 24 55 115
429	0 2 28 71 116
430	0 1 18 42 113
431	0 6 16 44 117
432	0 6 19 73 113
433	0 6 32 79 117
434	0 5 27 86 113
435	0 1 27 78 115
436	0 0 15 72 116
437	0 6 19 42 112
438	0 6 33 52 115
439	0 2 9 28 114
440	0 3 19 54 116
441	0 5 8 34 114
442	0 5 34 62 115
443	0 6 26 72 115
444	0 6 21 47 113
445	0 2 12 53 118
446	0 1 16 47 114
447	0 1 11 46 115
448	0 2 20 63 116
449	0 5 21 71 113
450	0 2 22 42 114
451	0 5 18 34 117
452	0 2 19 42 114
453	0 7 26 66 116
454	0 2 19 47 115
455	0 2 21 52 115
456	0 4 19 37 113
457	0 6 16 69 115
458	0 2 18 35 114
459	0 3 9 34 116
460	0 1 19 68 115
461	0 1 13 35 116
462	0 1 18 48 116
463	0 5 29 67 113
464	0 1 17 68 115
465	0 6 28 75 113
466	0 2 21 49 116
467	0 7 34 78 115
468	0 6 33 62 114
469	0 2 26 47 114
470	0 3 27 75 116
471	0 1 21 35 113
472	0 6 19 81 115
473	0 1 19 67 115
474	0 6 25 64 113
475	0 4 17 38 117
476	0 3 19 49 114
477	0 2 17 62 113
478	0 6 34 82 115
479	0 4 23 62 115
480	0 5 22 66 113
481	0 1 13 36 115
482	0 1 19 36 116
483	0 3 26 53 113
484	0 1 24 37 115
485	0 1 20 49 116
486	0 1 17 61 111
487	0 3 12 85 117
488	0 1 18 53 115
489	0 2 26 72 114
490	0 1 17 39 114
491	0 6 34 81 115
492	0 4 20 39 114
493	0 4 19 62 114
494	0 7 33 62 116
495	0 1 31 46 115
496	0 3 21 79 114
497	0 1 8 34 117
498	0 7 32 67 113
499	0 4 11 71 114
500	0 1 32 73 116
501	0 2 17 47 113
502	0 3 9 35 116
503	0 1 27 62 115
504	0 1 22 52 113
505	0 5 9 65 114
506	0 0 19 68 115
507	0 6 24 77 111
508	0 2 15 36 120
509	0 1 21 72 118
510	0 1 19 71 118
511	0 3 28 65 113
512	0 1 9 37 111
513	0 2 21 39 114
514	0 5 21 69 117
515	0 4 17 65 114
516	0 5 20 35 114
517	0 3 17 78 113
518	0 3 9 53 114
519	0 3 9 56 115
520	0 1 18 46 115
521	0 3 17 41 115
522	0 2 16 81 115
523	0 2 30 43 116
524	0 2 32 64 116
525	0 7 35 88 112
526	0 1 18 52 115
527	0 3 32 72 116
528	0 2 14 38 114
529	0 0 19 65 114
530	0 7 18 83 112
531	0 5 23 81 118
532	0 6 21 75 114
533	0 7 21 76 114
534	0 1 14 41 114
535	0 2 31 52 113
536	0 3 8 35 115
537	0 5 18 34 114
538	0 5 16 75 114
539	0 1 16 56 115
540	0 5 15 66 115
541	0 3 11 35 114
542	0 1 9 35 115
543	0 3 9 46 116
544	0 4 32 81 114
545	0 1 27 72 114
546	0 1 19 61 113
547	0 5 29 82 116
548	0 1 9 59 114
549	0 3 21 41 116
550	0 2 22 42 114
551	0 7 27 87 114
552	0 1 25 54 118
553	0 4 17 35 112
554	0 5 18 42 116
555	0 2 30 71 114
556	0 1 11 36 117
557	0 3 19 63 117
558	0 2 18 48 114
559	0 5 17 58 114
560	0 1 21 79 116
561	0 1 25 76 113
562	0 6 16 36 113
563	0 1 18 34 115
564	0 4 26 47 115
565	0 6 35 72 114
566	0 7 33 65 115
567	0 2 28 86 116
568	0 6 26 52 114
569	0 1 8 43 116
570	0 3 27 88 113
571	0 2 15 83 114
572	0 1 32 86 115
573	0 3 17 63 115
574	0 7 19 66 113
575	0 2 19 75 115
576	0 7 25 69 115
577	0 2 26 42 116
578	0 1 27 77 113
579	0 1 7 28 117
580	0 6 25 72 114
581	0 1 13 74 114
582	0 9 37 86 114
583	0 3 18 59 115
584	0 1 18 74 115
585	0 2 18 37 114
586	0 6 27 77 116
587	0 2 22 47 115
588	0 6 16 36 115
589	0 1 18 71 115
590	0 2 6 24 114
591	0 1 8 34 117
592	0 2 8 25 113
593	0 1 24 77 116
594	0 2 32 85 115
595	0 2 9 34 114
596	0 1 21 66 115
597	0 3 17 63 114
598	0 5 21 67 115
599	0 1 20 68 114
600	0 6 32 81 116
601	0 2 26 71 112
602	0 3 12 38 116
603	0 5 21 37 114
604	0 1 17 53 112
605	0 5 18 34 115
606	0 7 24 81 114
607	0 1 27 67 114
608	0 2 14 58 114
609	0 5 26 48 114
610	0 7 25 76 115
611	0 7 28 57 112
612	0 1 19 69 114
613	0 6 23 55 114
614	0 6 20 51 116
615	0 6 26 66 116
616	0 5 22 65 113
617	0 1 19 74 114
618	0 1 18 36 118
619	0 3 19 85 113
620	0 1 7 53 116
621	0 6 20 46 114
622	0 2 10 41 115
623	0 2 23 79 115
624	0 4 22 52 115
625	0 2 11 25 117
626	0 1 16 34 114
627	0 1 8 65 113
628	0 2 18 58 115
629	0 3 9 62 115
630	0 2 29 75 115
631	0 1 18 56 115
632	0 4 20 37 115
633	0 2 20 55 114
634	0 7 36 57 113
635	0 2 18 74 118
636	0 1 23 46 114
637	0 2 31 85 113
638	0 3 29 55 112
639	0 1 16 45 114
640	0 2 23 58 116
641	0 3 17 33 115
642	0 1 18 52 114
643	0 2 17 52 115
644	0 3 33 89 114
645	0 1 8 35 114
646	0 4 18 79 113
647	0 1 18 45 114
648	0 3 20 36 114
649	0 1 24 64 113
650	0 2 19 35 114
651	0 1 17 55 114
652	0 1 23 56 114
653	0 3 9 58 116
654	0 2 26 49 116
655	0 0 24 76 113
656	0 2 18 76 117
657	0 7 26 85 114
658	0 1 9 41 115
659	0 6 26 68 115
660	0 5 21 52 116
661	0 5 20 64 113
662	0 2 11 33 115
663	0 2 15 72 117
664	0 6 19 57 113
665	0 7 18 73 121
666	0 4 17 58 116
667	0 2 14 34 115
668	0 6 24 55 116
669	0 4 19 75 115
670	0 1 17 47 116
671	0 1 8 34 116
672	0 3 16 35 114
673	0 0 23 66 114
674	0 2 16 48 115
675	0 1 21 65 114
676	0 4 18 57 115
677	0 2 29 69 115
678	0 6 15 76 116
679	0 1 28 79 114
680	0 2 17 34 116
681	0 6 7 57 115
682	0 4 27 76 115
683	0 2 18 67 115
684	0 2 20 67 115
685	0 3 20 61 115
686	0 1 18 32 113
687	0 1 22 37 115
688	0 4 26 58 116
689	0 3 18 79 114
690	0 2 18 43 117
691	0 1 9 35 115
692	0 5 25 78 117
693	0 0 20 77 114
694	0 2 9 44 116
695	0 1 23 82 116
696	0 3 13 64 114
697	0 1 16 79 115
698	0 6 27 83 116
699	0 1 20 78 112
700	0 6 21 74 114
701	0 5 13 53 115
702	0 5 29 83 116
703	0 1 18 78 113
704	0 2 18 54 116
705	0 3 19 43 115
706	0 1 9 57 115
707	0 1 17 65 115
708	0 1 27 65 116
709	0 2 27 71 116
710	0 6 23 76 114
711	0 3 24 34 113
712	0 0 18 46 116
713	0 1 8 34 113
714	0 2 14 44 116
715	0 6 33 64 115
716	0 2 22 58 114
717	0 4 16 66 119
718	0 2 22 83 115
719	0 1 13 36 114
720	0 2 25 53 114
721	0 6 29 62 114
722	0 1 12 35 115
723	0 3 28 67 113
724	0 6 30 74 117
725	0 6 28 78 114
726	0 8 17 63 116
727	0 2 11 57 113
728	0 2 9 69 116
729	0 4 20 53 115
730	0 2 32 84 114
731	0 1 22 61 115
732	0 2 28 76 115
733	0 3 23 78 115
734	0 6 14 68 114
735	0 3 27 71 115
736	0 1 18 83 113
737	0 6 34 82 117
738	0 3 18 56 115
739	0 2 16 39 114
740	0 1 28 66 115
741	0 1 16 84 116
742	0 6 26 48 113
743	0 5 17 71 115
744	0 1 22 82 115
745	0 3 16 40 115
746	0 5 25 65 115
747	0 1 17 38 114
748	0 2 26 41 114
749	0 2 21 57 115
750	0 2 9 36 116
751	0 6 16 37 115
752	0 6 21 64 112
753	0 1 21 45 115
754	0 4 16 53 117
755	0 1 23 77 113
756	0 6 19 46 117
757	0 1 18 47 114
758	0 3 17 53 116
759	0 0 17 84 115
760	0 4 11 79 116
761	0 5 13 37 114
762	0 4 23 71 114
763	0 6 19 43 115
764	0 6 22 67 115
765	0 2 25 75 113
766	0 2 19 53 116
767	0 1 8 43 113
768	0 6 33 64 115
769	0 5 20 81 114
770	0 6 27 74 115
771	0 3 18 55 115
772	0 0 9 53 115
773	0 2 18 62 114
774	0 7 22 78 113
775	0 1 18 58 116
776	0 3 8 57 114
777	0 7 31 64 115
778	0 2 12 57 114
779	0 5 12 46 114
780	0 2 25 58 115
781	0 6 27 47 115
782	0 1 27 49 114
783	0 3 9 35 115
784	0 2 8 39 116
785	0 5 25 51 116
786	0 1 16 64 113
787	0 2 18 42 116
788	0 3 19 85 115
789	0 6 19 55 113
790	0 1 20 49 115
791	0 2 12 66 117
792	0 6 24 42 115
793	0 2 9 37 113
794	0 1 19 42 116
795	0 2 16 66 115
796	0 8 32 75 113
797	0 3 28 81 114
798	0 6 9 47 114
799	0 2 7 36 114
800	0 2 18 76 116
801	0 4 18 69 114
802	0 2 15 61 116
803	0 1 9 53 114
804	0 1 17 67 114
805	0 1 18 85 115
806	0 2 9 36 114
807	0 1 8 67 116
808	0 1 8 35 116
809	0 1 17 37 114
810	0 6 22 73 115
811	0 3 8 42 115
812	0 7 22 48 114
813	0 2 13 45 116
814	0 5 16 35 118
815	0 1 12 38 112
816	0 6 23 71 114
817	0 2 21 59 115
818	0 1 18 41 114
819	0 1 24 63 115
820	0 6 25 74 114
821	0 2 9 33 115
822	0 0 15 83 115
823	0 1 17 49 115
824	0 1 9 48 113
825	0 3 23 65 114
826	0 1 23 58 115
827	0 5 9 35 113
828	0 2 15 39 114
829	0 1 22 69 114
830	0 5 33 71 114
831	0 1 23 78 113
832	0 6 22 44 115
833	0 5 32 85 114
834	0 5 20 49 115
835	0 3 20 55 116
836	0 6 26 49 113
837	0 6 29 88 115
838	0 2 8 33 114
839	0 4 9 37 116
840	0 5 20 65 113
841	0 7 19 54 116
842	0 7 14 47 115
843	0 1 22 82 113
844	0 5 8 33 116
845	0 5 16 51 115
846	0 5 23 82 113
847	0 1 14 33 115
848	0 2 19 52 114
849	0 1 23 65 115
850	0 1 19 79 116
851	0 4 29 75 113
852	0 1 21 52 116
853	0 6 16 35 113
854	0 3 16 35 114
855	0 6 22 49 114
856	0 6 32 61 116
857	0 2 18 33 116
858	0 1 17 36 115
859	0 1 14 39 115
860	0 7 31 81 114
861	0 3 9 66 117
862	0 5 14 77 115
863	0 5 25 45 114
864	0 1 17 36 116
865	0 1 8 37 115
866	0 4 13 53 117
867	0 3 21 65 112
868	0 4 19 79 116
869	0 3 12 34 114
870	0 2 18 58 114
871	0 6 21 67 115
872	0 3 21 64 115
873	0 5 23 85 115
874	0 3 20 72 115
875	0 5 19 57 115
876	0 2 9 65 115
877	0 1 17 33 113
878	0 2 22 66 118
879	0 6 23 49 112
880	0 3 17 27 115
881	0 2 19 64 115
882	0 4 13 35 116
883	0 2 12 36 117
884	0 1 9 34 113
885	0 2 19 59 117
886	0 6 32 83 113
887	0 7 33 73 112
888	0 1 20 84 117
889	0 3 19 66 115
890	0 1 18 62 115
891	0 0 11 59 114
892	0 3 9 31 116
893	0 6 24 83 115
894	0 1 19 42 114
895	0 1 9 55 115
896	0 1 14 33 116
897	0 2 20 68 115
898	0 6 20 57 114
899	0 6 20 67 115
900	0 3 20 63 115
901	0 2 16 61 114
902	0 2 29 54 114
903	0 5 19 55 115
904	0 4 31 61 114
905	0 6 28 75 114
906	0 7 22 68 116
907	0 7 24 58 113
908	0 6 22 58 115
909	0 4 18 52 116
910	0 7 32 76 115
911	0 4 12 36 116
912	0 5 29 76 112
913	0 6 34 61 116
914	0 1 22 61 115
915	0 1 8 34 115
916	0 1 19 63 114
917	0 4 17 48 115
918	0 1 22 63 117
919	0 1 18 82 113
920	0 1 24 87 115
921	0 6 26 72 114
922	0 2 17 75 116
923	0 1 28 68 114
924	0 6 12 45 115
925	0 1 20 63 113
926	0 5 15 46 114
927	0 1 13 36 116
928	0 5 21 78 114
929	0 3 18 72 113
930	0 6 29 46 116
931	0 3 25 61 113
932	0 3 8 36 116
933	0 1 32 84 113
934	0 3 19 43 117
935	0 1 9 28 113
936	0 1 29 85 115
937	0 5 32 93 113
938	0 2 15 57 115
939	0 2 30 73 113
940	0 6 31 88 115
941	0 1 18 59 116
942	0 7 30 83 115
943	0 1 18 39 114
944	0 2 33 71 114
945	0 6 13 69 116
946	0 6 29 81 114
947	0 6 34 84 113
948	0 4 24 48 115
949	0 1 26 63 116
950	0 2 27 58 114
951	0 1 16 49 119
952	0 1 22 52 114
953	0 3 26 57 115
954	0 1 22 64 115
955	0 6 26 69 115
956	0 7 25 34 113
957	0 4 9 35 118
958	0 2 9 36 115
959	0 3 20 58 114
960	0 5 32 87 116
961	0 2 27 95 115
962	0 5 18 47 116
963	0 6 29 63 113
964	0 4 21 33 114
965	0 2 29 64 116
966	0 2 14 35 114
967	0 1 33 67 117
968	0 4 18 79 113
969	0 7 32 72 114
970	0 1 27 64 116
971	0 2 18 42 113
972	0 1 9 46 115
973	0 6 20 75 116
974	0 3 17 57 115
975	0 6 36 82 114
976	0 1 26 65 116
977	0 1 31 53 115
978	0 6 19 53 115
979	0 1 19 84 115
980	0 7 32 72 116
981	0 6 33 88 113
982	0 1 12 63 115
983	0 2 11 66 114
984	0 4 18 52 115
985	0 6 21 42 115
986	0 1 19 78 116
987	0 3 30 83 115
988	0 5 23 56 112
989	0 1 15 79 116
990	0 4 9 48 116
991	0 4 21 56 114
992	0 1 13 37 114
993	0 4 13 36 116
994	0 1 12 35 114
995	0 7 20 42 116
996	0 1 12 38 114
997	0 4 17 43 116
998	0 3 9 35 116
999	0 3 20 58 115
1000	0 2 12 34 114
1001	0 7 15 35 116
1002	0 1 29 52 114
1003	0 2 9 35 115
1004	0 0 9 43 114
1005	0 2 7 35 116
1006	0 1 15 46 115
1007	0 6 22 74 115
1008	0 1 9 36 115
1009	0 5 31 69 115
1010	0 1 9 68 115
1011	0 6 28 62 114
1012	0 2 9 34 115
1013	0 2 15 66 114
1014	0 2 8 36 114
1015	0 1 17 38 115
1016	0 2 9 51 115
1017	0 5 28 57 116
1018	0 4 21 56 115
1019	0 1 18 72 114
1020	0 3 11 67 114
1021	0 5 20 44 114
1022	0 5 20 53 117
1023	0 3 14 34 114
1024	0 6 21 54 114
1025	0 1 8 35 113
1026	0 6 34 74 114
1027	0 5 31 58 117
1028	0 3 32 67 112
1029	0 4 9 27 115
1030	0 1 18 46 116
1031	0 1 8 29 114
1032	0 1 27 59 115
1033	0 4 9 53 116
1034	0 3 15 57 114
1035	0 3 19 43 114
1036	0 1 18 36 116
1037	0 1 13 61 114
1038	0 4 15 38 114
1039	0 1 9 37 114
1040	0 5 18 36 115
1041	0 5 29 64 117
1042	0 2 9 48 113
1043	0 5 19 34 116
1044	0 7 22 42 114
1045	0 6 32 73 113
1046	0 4 17 41 115
1047	0 3 21 35 113
1048	0 5 16 28 114
1049	0 3 18 81 116
1050	0 2 17 75 115
1051	0 7 23 36 113
1052	0 6 15 45 116
1053	0 3 20 67 116
1054	0 6 18 56 114
1055	0 2 18 48 116
1056	0 4 17 34 114
1057	0 1 8 35 115
1058	0 2 17 72 115
1059	0 1 19 41 115
1060	0 1 19 74 112
1061	0 2 22 77 116
1062	0 3 20 34 114
1063	0 4 27 59 116
1064	0 7 36 76 113
1065	0 1 8 47 116
1066	0 6 33 72 115
1067	0 6 32 67 115
1068	0 0 19 43 114
1069	0 4 24 41 114
1070	0 1 33 81 114
1071	0 1 16 67 115
1072	0 2 7 36 115
1073	0 1 19 37 114
1074	0 3 21 77 115
1075	0 5 18 61 114
1076	0 1 18 48 115
1077	0 4 19 41 115
1078	0 6 19 64 113
1079	0 3 14 35 116
1080	0 1 8 63 115
1081	0 4 24 75 113
1082	0 6 19 57 116
1083	0 6 13 52 113
1084	0 3 7 36 116
1085	0 3 15 83 112
1086	0 2 14 61 116
1087	0 2 15 42 115
1088	0 3 26 66 114
1089	0 2 19 41 115
1090	0 1 17 72 115
1091	0 2 9 59 114
1092	0 8 27 71 117
1093	0 2 16 36 114
1094	0 6 18 54 115
1095	0 1 24 56 112
1096	0 7 17 65 116
1097	0 1 9 57 115
1098	0 4 9 32 112
1099	0 1 28 85 115
1100	0 5 21 63 115
1101	0 2 25 58 114
1102	0 3 15 75 116
1103	0 2 17 68 114
1104	0 4 16 42 115
1105	0 1 17 46 112
1106	0 4 14 37 116
1107	0 1 8 35 114
1108	0 5 26 62 115
1109	0 2 17 59 114
1110	0 1 18 45 116
1111	0 7 31 74 114
1112	0 5 23 52 115
1113	0 2 8 37 114
1114	0 6 27 64 113
1115	0 7 17 35 113
1116	0 3 26 61 114
1117	0 3 9 51 115
1118	0 1 8 36 114
1119	0 2 18 86 115
1120	0 2 17 51 116
1121	0 4 23 43 113
1122	0 1 24 81 115
1123	0 1 9 66 115
1124	0 2 17 37 116
1125	0 5 11 35 115
1126	0 4 17 86 112
1127	0 2 9 35 118
1128	0 6 18 39 115
1129	0 3 11 44 115
1130	0 2 10 69 111
1131	0 2 14 71 115
1132	0 3 19 43 115
1133	0 1 18 43 113
1134	0 2 24 78 111
1135	0 2 33 91 115
1136	0 6 17 59 114
1137	0 1 17 73 114
1138	0 1 7 32 117
1139	0 1 18 41 114
1140	0 8 26 52 112
1141	0 2 19 55 115
1142	0 7 27 78 115
1143	0 1 18 69 114
1144	0 3 19 49 114
1145	0 1 18 54 113
1146	0 2 37 82 116
1147	0 3 16 51 113
1148	0 3 17 44 114
1149	0 1 19 73 115
1150	0 3 11 45 114
1151	0 7 21 71 114
1152	0 2 12 51 115
1153	0 1 12 41 111
1154	0 2 18 55 115
1155	0 4 19 64 113
1156	0 2 13 44 117
1157	0 7 24 81 112
1158	0 1 17 72 114
1159	0 1 23 57 115
1160	0 4 19 63 116
1161	0 7 16 53 112
1162	0 4 19 83 114
1163	0 2 11 41 113
1164	0 1 17 76 116
1165	0 3 9 36 116
1166	0 1 8 37 113
1167	0 1 7 39 114
1168	0 4 27 46 113
1169	0 3 29 57 115
1170	0 1 11 38 114
1171	0 6 22 63 115
1172	0 1 18 38 112
1173	0 6 29 74 114
1174	0 1 18 59 114
1175	0 3 28 68 113
1176	0 2 19 57 116
1177	0 2 9 38 113
1178	0 1 16 31 115
1179	0 6 30 64 115
1180	0 3 20 47 114
1181	0 2 12 44 116
1182	0 6 24 71 114
1183	0 6 23 55 115
1184	0 3 23 77 114
1185	0 1 27 87 114
1186	0 3 26 64 116
1187	0 6 35 82 113
1188	0 1 17 79 111
1189	0 4 23 71 115
1190	0 6 18 76 114
1191	0 6 34 63 113
1192	0 6 34 82 115
1193	0 2 33 85 115
1194	0 1 21 81 116
1195	0 0 27 82 113
1196	0 5 26 57 113
1197	0 4 27 61 116
1198	0 2 19 47 112
1199	0 3 19 62 115
1200	0 2 31 66 115
1201	0 1 29 83 113
1202	0 5 26 62 113
1203	0 5 15 51 114
1204	0 7 32 45 114
1205	0 7 18 58 115
1206	0 1 12 43 114
1207	0 5 7 38 114
1208	0 1 17 47 113
1209	0 4 21 58 117
1210	0 1 17 44 114
1211	0 3 16 40 115
1212	0 1 19 47 111
1213	0 1 16 49 116
1214	0 3 18 67 113
1215	0 4 17 73 115
1216	0 1 12 45 112
1217	0 5 17 36 112
1218	0 1 18 45 114
1219	0 6 17 65 115
1220	0 7 14 45 114
1221	0 6 18 49 113
1222	0 7 30 75 116
1223	0 6 18 91 114
1224	0 1 11 34 115
1225	0 3 20 48 113
1226	0 6 33 81 114
1227	0 1 30 64 113
1228	0 5 9 37 116
1229	0 3 19 41 114
1230	0 7 30 77 114
1231	0 4 11 32 112
1232	0 3 11 57 115
1233	0 3 17 59 113
1234	0 1 12 58 114
1235	0 3 28 78 113
1236	0 1 15 49 112
1237	0 5 16 38 116
1238	0 6 25 52 116
1239	0 5 18 62 112
1240	0 6 14 25 115
1241	0 1 32 68 112
1242	0 4 23 51 115
1243	0 3 34 73 114
1244	0 8 27 69 115
1245	0 1 8 35 112
1246	0 2 17 47 115
1247	0 1 7 47 116
1248	0 3 13 41 113
1249	0 3 8 34 115
1250	0 6 27 73 115
1251	0 6 12 32 115
1252	0 1 28 61 114
1253	0 6 37 71 114
1254	0 7 18 37 116
1255	0 2 17 63 114
1256	0 3 37 94 114
1257	0 4 16 76 115
1258	0 6 28 77 114
1259	0 1 7 36 115
1260	0 7 20 52 116
1261	0 1 16 59 114
1262	0 2 25 63 115
1263	0 4 16 56 116
1264	0 1 7 36 114
1265	0 7 28 75 115
1266	0 1 20 82 115
1267	0 1 22 54 115
1268	0 1 17 59 116
1269	0 1 22 39 114
1270	0 2 16 38 114
1271	0 1 8 39 113
1272	0 1 13 81 114
1273	0 7 29 83 114
1274	0 2 24 56 116
1275	0 6 15 57 113
1276	0 2 17 44 115
1277	0 1 9 67 116
1278	0 2 16 59 115
1279	0 2 21 38 113
1280	0 1 17 72 115
1281	0 4 27 61 113
1282	0 2 15 37 115
1283	0 1 26 56 115
1284	0 2 18 67 115
1285	0 6 17 37 114
1286	0 6 19 56 116
1287	0 2 18 67 114
1288	0 6 15 47 114
1289	0 7 33 44 117
1290	0 3 8 37 113
1291	0 1 8 52 115
1292	0 3 17 51 115
1293	0 1 35 73 115
1294	0 7 22 59 116
1295	0 4 34 85 112
1296	0 2 15 69 114
1297	0 1 16 55 114
1298	0 1 17 66 113
1299	0 6 18 57 115
1300	0 1 19 65 115
1301	0 2 21 36 116
1302	0 2 17 54 114
1303	0 3 11 36 113
1304	0 3 34 65 115
1305	0 6 15 48 114
1306	0 6 16 81 117
1307	0 2 8 64 117
1308	0 3 25 41 113
1309	0 1 17 39 115
1310	0 1 12 38 115
1311	0 5 34 77 115
1312	0 1 18 64 114
1313	0 1 9 48 116
1314	0 3 12 48 114
1315	0 2 17 61 114
1316	0 6 21 74 114
1317	0 1 14 72 115
1318	0 1 9 81 116
1319	0 7 29 62 114
1320	0 3 29 72 113
1321	0 1 20 47 116
1322	0 6 17 55 116
1323	0 3 9 29 111
1324	0 0 19 77 114
1325	0 1 15 77 116
1326	0 1 16 49 117
1327	0 6 29 77 116
1328	0 6 35 65 116
1329	0 3 24 48 114
1330	0 3 17 72 114
1331	0 1 17 49 113
1332	0 6 31 58 118
1333	0 1 19 79 112
1334	0 1 30 77 115
1335	0 8 17 40 115
1336	0 4 17 61 116
1337	0 4 16 78 115
1338	0 3 25 69 113
1339	0 6 28 78 113
1340	0 1 8 36 114
1341	0 4 25 57 116
1342	0 6 27 65 114
1343	0 6 20 42 113
1344	0 4 24 69 116
1345	0 2 17 63 114
1346	0 4 18 68 114
1347	0 4 33 72 116
1348	0 6 30 67 115
1349	0 2 26 76 115
1350	0 6 29 65 115
1351	0 7 26 83 115
1352	0 1 13 47 113
1353	0 1 16 38 114
1354	0 6 27 87 113
1355	0 3 26 81 115
1356	0 2 13 51 113
1357	0 7 33 76 115
1358	0 2 22 79 116
1359	0 2 26 58 115
1360	0 2 22 66 114
1361	0 5 27 58 113
1362	0 1 8 36 114
1363	0 1 17 71 114
1364	0 2 23 74 116
1365	0 1 27 54 116
1366	0 1 8 38 115
1367	0 2 32 62 117
1368	0 2 9 74 113
1369	0 3 18 83 116
1370	0 1 19 53 113
1371	0 5 18 67 116
1372	0 7 24 92 114
1373	0 5 15 49 115
1374	0 4 24 82 116
1375	0 2 18 63 114
1376	0 0 16 36 116
1377	0 6 19 67 115
1378	0 4 32 82 116
1379	0 1 17 58 115
1380	0 7 16 77 114
1381	0 2 26 72 116
1382	0 2 31 67 114
1383	0 3 17 65 114
1384	0 7 27 73 116
1385	0 5 8 77 113
1386	0 6 31 83 116
1387	0 2 17 48 116
1388	0 3 7 35 116
1389	0 5 23 42 117
1390	0 3 19 39 114
1391	0 4 17 37 117
1392	0 4 33 67 112
1393	0 7 26 66 116
1394	0 1 30 85 116
1395	0 1 23 62 112
1396	0 2 22 83 115
1397	0 6 15 38 117
1398	0 7 31 62 113
1399	0 2 18 48 116
1400	0 6 27 73 113
1401	0 6 34 87 113
1402	0 6 33 86 113
1403	0 3 18 38 118
1404	0 2 7 37 116
1405	0 6 19 79 115
1406	0 3 20 62 113
1407	0 2 16 86 118
1408	0 6 19 64 111
1409	0 5 16 78 115
1410	0 2 17 56 118
1411	0 2 17 56 116
1412	0 0 9 37 113
1413	0 5 22 78 116
1414	0 6 25 73 113
1415	0 6 23 85 115
1416	0 7 22 72 114
1417	0 5 24 59 115
1418	0 1 19 75 114
1419	0 6 19 55 115
1420	0 4 23 39 116
1421	0 0 29 78 114
1422	0 2 9 40 117
1423	0 4 17 69 113
1424	0 6 17 38 113
1425	0 7 26 68 116
1426	0 3 13 84 114
1427	0 6 29 89 117
1428	0 5 27 88 117
1429	0 1 19 79 113
1430	0 3 16 78 114
1431	0 1 7 36 116
1432	0 1 8 35 117
1433	0 7 27 85 116
1434	0 2 14 72 114
1435	0 1 12 74 116
1436	0 1 17 45 115
1437	0 3 23 79 113
1438	0 4 16 58 115
1439	0 4 17 61 117
1440	0 5 16 74 114
1441	0 1 7 34 114
1442	0 1 17 72 114
1443	0 1 23 67 114
1444	0 4 15 51 115
1445	0 0 16 65 113
1446	0 6 29 68 115
1447	0 4 28 65 118
1448	0 1 18 74 113
1449	0 2 18 55 115
1450	0 6 32 71 116
1451	0 5 17 64 114
1452	0 4 27 85 114
1453	0 3 19 77 113
1454	0 7 15 75 115
1455	0 2 19 40 117
1456	0 1 15 44 114
1457	0 6 33 67 116
1458	0 4 18 66 112
1459	0 5 19 77 115
1460	0 1 14 53 112
1461	0 5 19 38 116
1462	0 1 16 65 116
1463	0 2 18 65 115
1464	0 3 9 36 115
1465	0 1 7 35 117
1466	0 1 8 37 115
1467	0 1 8 31 114
1468	0 2 16 65 115
1469	0 3 15 51 113
1470	0 1 7 34 119
1471	0 3 27 67 113
1472	0 2 24 53 115
1473	0 2 14 49 114
1474	0 5 19 69 115
1475	0 3 25 79 114
1476	0 1 17 59 117
1477	0 2 12 51 116
1478	0 2 31 62 113
1479	0 0 16 55 115
1480	0 2 17 77 117
1481	0 1 7 40 113
1482	0 6 12 47 115
1483	0 2 8 36 117
1484	0 4 22 55 115
1485	0 3 28 65 115
1486	0 1 16 66 116
1487	0 6 30 72 114
1488	0 1 29 75 113
1489	0 2 14 59 118
1490	0 6 35 73 112
1491	0 7 34 66 116
1492	0 6 28 55 115
1493	0 3 15 63 115
1494	0 6 16 62 114
1495	0 6 21 64 115
1496	0 6 16 59 112
1497	0 7 17 81 115
1498	0 2 24 68 115
1499	0 4 31 86 115
1500	0 2 14 41 112
1501	0 4 30 77 114
1502	0 1 28 87 113
1503	0 6 25 49 116
1504	0 7 25 73 115
1505	0 3 19 76 116
1506	0 1 18 87 115
1507	0 3 29 76 113
1508	0 3 18 91 118
1509	0 1 32 73 115
1510	0 2 19 61 113
1511	0 5 15 57 116
1512	0 4 33 76 113
1513	0 3 18 55 117
1514	0 5 18 57 111
1515	0 6 19 77 115
1516	0 6 25 59 113
1517	0 2 20 66 115
1518	0 1 14 48 115
1519	0 1 18 84 116
1520	0 5 15 66 113
1521	0 0 19 85 115
1522	0 6 36 81 114
1523	0 2 20 52 114
1524	0 2 23 61 115
1525	0 6 25 65 113
1526	0 1 36 81 115
1527	0 1 9 34 116
1528	0 6 18 75 114
1529	0 2 19 44 114
1530	0 2 18 58 115
1531	0 4 14 57 114
1532	0 6 16 59 117
1533	0 4 28 58 114
1534	0 5 21 57 115
1535	0 4 23 55 113
1536	0 4 13 43 116
1537	0 2 15 35 114
1538	0 3 18 42 116
1539	0 1 18 40 113
1540	0 3 12 35 114
1541	0 3 23 77 117
1542	0 1 14 54 114
1543	0 1 23 85 114
1544	0 2 19 72 114
1545	0 3 21 69 116
1546	0 3 9 33 112
1547	0 3 18 52 116
1548	0 1 13 36 115
1549	0 7 15 42 114
1550	0 3 16 77 115
1551	0 1 9 34 116
1552	0 3 13 47 114
1553	0 1 8 38 115
1554	0 6 29 79 114
1555	0 1 8 36 114
1556	0 7 18 72 115
1557	0 1 16 53 114
1558	0 2 23 83 113
1559	0 1 28 66 116
1560	0 6 7 27 114
1561	0 5 25 55 112
1562	0 2 15 61 114
1563	0 1 25 76 115
1564	0 1 19 36 114
1565	0 1 19 57 115
1566	0 1 27 68 115
1567	0 2 24 64 114
1568	0 2 15 68 114
1569	0 7 29 95 114
1570	0 7 19 77 115
1571	0 1 9 76 116
1572	0 2 11 44 115
1573	0 1 14 45 116
1574	0 4 17 64 114
1575	0 3 24 76 115
1576	0 2 17 40 115
1577	0 3 9 57 114
1578	0 1 15 55 112
1579	0 1 15 46 114
1580	0 5 23 63 114
1581	0 1 8 36 114
1582	0 6 15 59 115
1583	0 7 26 51 117
1584	0 2 25 68 113
1585	0 1 9 37 115
1586	0 6 29 67 113
1587	0 2 9 49 116
1588	0 6 14 37 113
1589	0 1 9 26 117
1590	0 7 29 78 112
1591	0 6 25 68 114
1592	0 1 16 39 116
1593	0 4 25 75 114
1594	0 5 24 78 117
1595	0 3 14 45 113
1596	0 5 20 68 113
1597	0 7 26 67 115
1598	0 4 16 72 117
1599	0 1 9 38 112
1600	0 1 27 77 116
1601	0 2 9 42 113
1602	0 1 17 36 115
1603	0 1 19 63 115
1604	0 4 9 36 113
1605	0 2 18 69 115
1606	0 3 8 42 116
1607	0 3 20 47 114
1608	0 4 17 55 117
1609	0 6 19 78 113
1610	0 1 19 77 114
1611	0 3 19 45 114
1612	0 1 19 61 114
1613	0 1 19 41 117
1614	0 1 19 52 113
1615	0 4 9 63 112
1616	0 7 34 66 115
1617	0 1 14 46 114
1618	0 1 26 73 117
1619	0 2 25 51 115
1620	0 1 9 38 116
1621	0 7 20 63 113
1622	0 2 18 35 116
1623	0 4 7 47 115
1624	0 1 20 57 116
1625	0 1 21 63 113
1626	0 5 27 69 118
1627	0 6 16 69 114
1628	0 3 28 82 114
1629	0 6 19 43 116
1630	0 1 19 42 115
1631	0 1 8 39 112
1632	0 1 18 57 116
1633	0 2 15 55 116
1634	0 1 20 49 115
1635	0 3 15 59 113
1636	0 5 17 35 114
1637	0 3 24 39 114
1638	0 1 23 37 113
1639	0 7 28 84 115
1640	0 7 20 69 117
1641	0 6 16 36 116
1642	0 7 24 65 115
1643	0 4 19 53 116
1644	0 3 26 62 114
1645	0 3 27 72 116
1646	0 1 19 62 116
1647	0 2 22 84 114
1648	0 6 19 74 118
1649	0 7 19 85 112
1650	0 3 8 37 116
1651	0 3 20 39 115
1652	0 5 24 38 118
1653	0 4 22 36 113
1654	0 6 23 47 113
1655	0 1 9 34 114
1656	0 5 20 34 116
1657	0 6 11 48 116
1658	0 0 12 36 112
1659	0 2 23 68 118
1660	0 5 17 54 113
1661	0 1 14 36 117
1662	0 0 19 79 115
1663	0 1 13 36 112
1664	0 1 18 77 115
1665	0 3 13 41 116
1666	0 1 9 34 117
1667	0 1 18 82 114
1668	0 1 18 59 113
1669	0 4 28 89 116
1670	0 5 22 57 114
1671	0 2 20 48 117
1672	0 3 19 38 113
1673	0 7 22 62 115
1674	0 6 19 43 112
1675	0 1 21 75 114
1676	0 5 21 73 116
1677	0 1 13 39 113
1678	0 0 17 74 115
1679	0 2 20 81 116
1680	0 2 18 41 114
1681	0 1 11 55 114
1682	0 7 29 89 115
1683	0 2 23 44 116
1684	0 1 22 49 112
1685	0 1 7 64 116
1686	0 3 17 78 115
1687	0 0 22 63 114
1688	0 6 21 55 117
1689	0 1 9 62 113
1690	0 4 11 46 114
1691	0 6 34 77 117
1692	0 4 17 65 113
1693	0 6 24 61 116
1694	0 1 22 79 115
1695	0 7 35 75 115
1696	0 1 12 42 113
1697	0 1 16 58 118
1698	0 6 22 79 114
1699	0 4 23 73 115
1700	0 7 21 86 116
1701	0 4 22 61 113
1702	0 6 26 87 113
1703	0 5 7 64 117
1704	0 2 8 35 115
1705	0 1 22 68 115
1706	0 6 27 72 114
1707	0 5 22 55 113
1708	0 1 17 42 115
1709	0 2 17 82 117
1710	0 1 19 82 114
1711	0 2 22 66 113
1712	0 3 19 36 115
1713	0 2 13 55 117
1714	0 1 18 38 113
1715	0 4 9 28 114
1716	0 6 16 59 114
1717	0 2 8 49 116
1718	0 7 17 54 114
1719	0 3 31 54 114
1720	0 3 18 44 113
1721	0 6 26 52 115
1722	0 4 18 34 116
1723	0 1 25 62 112
1724	0 3 19 85 116
1725	0 3 13 43 117
1726	0 4 21 86 114
1727	0 1 20 54 113
1728	0 2 18 68 116
1729	0 3 7 29 112
1730	0 7 22 57 113
1731	0 4 30 91 114
1732	0 7 31 78 115
1733	0 5 17 78 113
1734	0 4 20 62 114
1735	0 2 18 74 114
1736	0 7 24 51 116
1737	0 7 20 45 115
1738	0 2 12 45 117
1739	0 7 26 59 113
1740	0 2 16 42 114
1741	0 5 25 66 115
1742	0 7 23 68 116
1743	0 1 9 65 116
1744	0 4 13 51 114
1745	0 6 31 79 113
1746	0 1 24 73 116
1747	0 5 20 71 113
1748	0 3 12 46 116
1749	0 4 8 58 113
1750	0 1 18 35 115
1751	0 1 19 68 114
1752	0 6 19 81 116
1753	0 3 19 67 114
1754	0 5 12 66 116
1755	0 4 22 45 115
1756	0 0 30 83 114
1757	0 7 18 67 117
1758	0 2 7 32 115
1759	0 2 19 36 115
1760	0 1 17 46 114
1761	0 6 27 47 118
1762	0 7 24 67 113
1763	0 1 18 42 114
1764	0 4 14 74 115
1765	0 1 16 32 118
1766	0 1 28 83 114
1767	0 1 8 58 117
1768	0 6 24 54 112
1769	0 1 21 65 117
1770	0 6 14 30 112
1771	0 5 18 62 115
1772	0 2 13 36 114
1773	0 1 13 39 114
1774	0 2 8 36 117
1775	0 5 26 36 116
1776	0 2 9 38 110
1777	0 1 9 34 116
1778	0 1 11 36 116
1779	0 6 15 58 113
1780	0 7 32 62 113
1781	0 2 8 36 115
1782	0 2 13 48 116
1783	0 5 32 65 113
1784	0 3 11 67 115
1785	0 1 9 43 113
1786	0 1 26 49 116
1787	0 4 26 72 117
1788	0 3 24 66 115
1789	0 4 9 44 112
1790	0 5 21 71 116
1791	0 2 20 55 112
1792	0 4 8 35 118
1793	0 6 19 45 114
1794	0 6 33 51 114
1795	0 1 14 68 116
1796	0 6 9 72 114
1797	0 2 9 48 114
1798	0 4 21 78 113
1799	0 1 17 58 115
1800	0 6 17 59 115
1801	0 7 19 36 114
1802	0 2 29 72 113
1803	0 1 7 20 114
1804	0 7 15 37 114
1805	0 3 16 39 114
1806	0 1 8 43 114
1807	0 3 19 46 115
1808	0 1 18 63 114
1809	0 2 9 34 116
1810	0 3 15 69 113
1811	0 7 11 54 115
1812	0 4 19 79 111
1813	0 6 22 73 116
1814	0 2 9 35 114
1815	0 1 11 52 115
1816	0 6 25 81 116
1817	0 7 24 59 115
1818	0 4 21 77 115
1819	0 1 8 33 114
1820	0 3 8 36 115
1821	0 5 28 65 113
1822	0 2 26 57 115
1823	0 2 20 71 116
1824	0 1 21 36 113
1825	0 6 22 78 116
1826	0 7 20 72 113
1827	0 1 20 74 113
1828	0 4 9 43 115
1829	0 6 20 63 116
1830	0 7 18 67 114
1831	0 2 8 37 116
1832	0 1 13 41 115
1833	0 3 18 68 114
1834	0 3 17 82 114
1835	0 2 26 79 116
1836	0 4 22 83 113
1837	0 5 33 81 114
1838	0 1 26 66 114
1839	0 2 9 47 116
1840	0 1 24 75 114
1841	0 5 19 58 118
1842	0 3 16 48 114
1843	0 3 32 52 117
1844	0 6 27 56 113
1845	0 3 30 68 115
1846	0 3 28 74 114
1847	0 0 18 42 116
1848	0 2 19 47 115
1849	0 7 30 76 115
1850	0 2 20 74 114
1851	0 6 25 78 114
1852	0 2 33 47 115
1853	0 1 26 73 115
1854	0 2 27 64 118
1855	0 1 18 78 116
1856	0 1 18 47 113
1857	0 1 13 67 118
1858	0 4 14 35 113
1859	0 6 27 74 114
1860	0 1 17 78 116
1861	0 6 32 55 115
1862	0 1 23 79 116
1863	0 5 26 79 117
1864	0 7 21 48 113
1865	0 5 19 84 115
1866	0 6 18 66 114
1867	0 7 33 72 113
1868	0 6 20 63 116
1869	0 2 8 38 114
1870	0 3 9 68 114
1871	0 1 23 49 114
1872	0 6 25 72 112
1873	0 1 20 86 116
1874	0 4 16 86 112
1875	0 1 24 53 115
1876	0 6 14 59 113
1877	0 6 21 65 117
1878	0 3 20 79 112
1879	0 6 33 59 117
1880	0 3 26 61 114
1881	0 5 22 76 116
1882	0 7 22 76 114
1883	0 2 20 67 116
1884	0 4 22 34 111
1885	0 4 19 65 117
1886	0 1 21 74 115
1887	0 3 19 34 115
1888	0 1 20 63 113
1889	0 7 32 78 116
1890	0 4 17 49 112
1891	0 2 7 33 116
1892	0 5 19 76 114
1893	0 1 18 34 114
1894	0 1 18 78 116
1895	0 6 22 72 116
1896	0 1 18 48 116
1897	0 2 19 59 114
1898	0 6 18 52 115
1899	0 2 25 54 117
1900	0 4 17 33 112
1901	0 7 23 71 115
1902	0 5 21 75 113
1903	0 2 11 68 117
1904	0 2 22 86 116
1905	0 1 25 57 115
1906	0 1 18 51 113
1907	0 3 21 62 117
1908	0 5 19 34 114
1909	0 4 24 63 116
1910	0 1 27 57 114
1911	0 5 24 74 113
1912	0 5 22 68 117
1913	0 6 28 61 114
1914	0 6 32 83 117
1915	0 6 26 74 112
1916	0 3 17 43 114
1917	0 7 27 61 114
1918	0 3 21 36 114
1919	0 5 27 48 115
1920	0 1 20 44 115
1921	0 6 20 41 115
1922	0 4 19 56 115
1923	0 1 16 44 113
1924	0 3 20 68 116
1925	0 2 18 44 115
1926	0 1 21 49 113
1927	0 1 22 62 116
1928	0 1 22 65 113
1929	0 3 9 32 115
1930	0 6 18 67 113
1931	0 1 13 35 116
1932	0 7 23 94 114
1933	0 2 28 73 113
1934	0 7 24 82 116
1935	0 1 23 56 113
1936	0 1 28 57 115
1937	0 2 18 37 115
1938	0 2 9 59 115
1939	0 1 25 64 115
1940	0 7 15 59 115
1941	0 1 9 35 114
1942	0 2 8 41 116
1943	0 1 9 37 116
1944	0 2 19 71 116
1945	0 2 28 82 113
1946	0 2 11 32 115
1947	0 4 12 34 114
1948	0 7 35 85 116
1949	0 2 19 45 112
1950	0 7 34 73 113
1951	0 5 26 44 115
1952	0 1 23 67 115
1953	0 0 11 36 115
1954	0 1 32 81 118
1955	0 1 26 82 112
1956	0 6 23 82 117
1957	0 5 26 85 112
1958	0 2 20 42 114
1959	0 6 28 49 114
1960	0 6 30 61 115
1961	0 1 7 31 118
1962	0 0 19 77 114
1963	0 1 12 56 114
1964	0 5 18 59 117
1965	0 4 25 75 114
1966	0 4 8 52 115
1967	0 1 13 34 116
1968	0 1 9 33 116
1969	0 7 25 72 115
1970	0 6 16 58 114
1971	0 1 11 53 117
1972	0 5 15 37 113
1973	0 1 21 81 114
1974	0 7 18 66 117
1975	0 1 13 35 114
1976	0 1 25 65 113
1977	0 1 8 34 116
1978	0 1 21 67 117
1979	0 3 16 61 113
1980	0 7 18 68 116
1981	0 7 26 68 115
1982	0 2 25 75 115
1983	0 7 29 72 112
1984	0 3 26 77 114
1985	0 6 18 37 116
1986	0 3 20 78 115
1987	0 0 29 82 114
1988	0 4 8 34 116
1989	0 1 23 41 114
1990	0 6 26 59 117
1991	0 7 30 66 113
1992	0 2 30 69 116
1993	0 2 13 34 114
1994	0 5 24 77 118
1995	0 1 8 55 113
1996	0 7 28 91 116
1997	0 1 9 61 113
1998	0 1 21 54 117
1999	0 4 22 42 112
2000	0 7 23 64 117
2001	0 6 18 84 113
2002	0 6 27 83 114
2003	0 1 16 36 116
2004	0 1 14 77 112
2005	0 1 15 34 115
2006	0 5 14 48 114
2007	0 7 23 74 115
2008	0 2 9 65 114
2009	0 1 18 72 114
2010	0 1 20 88 114
2011	0 3 15 58 115
2012	0 4 20 55 114
2013	0 1 8 34 116
2014	0 6 19 91 112
2015	0 2 22 49 115
2016	0 2 12 33 115
2017	0 1 19 67 112
2018	0 7 29 86 117
2019	0 6 31 86 112
2020	0 2 7 36 116
2021	0 1 7 62 113
2022	0 1 8 54 112
2023	0 4 17 44 114
2024	0 6 25 66 115
2025	0 5 18 35 118
2026	0 5 18 64 114
2027	0 5 20 65 113
2028	0 7 17 43 117
2029	0 1 24 64 113
2030	0 7 24 73 114
2031	0 3 12 39 116
2032	0 4 23 72 117
2033	0 1 19 65 114
2034	0 7 32 83 114
2035	0 1 32 79 113
2036	0 2 9 51 114
2037	0 5 17 69 114
2038	0 2 18 38 115
2039	0 1 19 51 115
2040	0 4 33 65 112
2041	0 5 8 36 118
2042	0 3 17 51 115
2043	0 1 9 68 115
2044	0 1 17 42 114
2045	0 1 31 65 115
2046	0 4 19 57 114
2047	0 5 19 53 117
2048	0 6 27 76 112
2049	0 7 27 52 117
2050	0 1 8 34 113
2051	0 6 32 78 116
2052	0 6 19 78 111
2053	0 0 22 55 117
2054	0 6 16 66 114
2055	0 7 32 82 114
2056	0 1 24 44 115
2057	0 6 14 66 115
2058	0 1 13 46 116
2059	0 5 16 47 115
2060	0 2 29 76 111
2061	0 4 32 84 116
2062	0 6 29 68 114
2063	0 4 19 58 116
2064	0 3 19 67 113
2065	0 0 9 35 115
2066	0 6 33 73 117
2067	0 3 17 35 114
2068	0 6 11 67 114
2069	0 1 33 86 116
2070	0 3 29 93 113
2071	0 6 27 72 116
2072	0 2 30 57 113
2073	0 7 22 62 115
2074	0 1 17 69 116
2075	0 1 8 35 114
2076	0 5 30 73 112
2077	0 1 17 47 117
2078	0 8 23 42 113
2079	0 5 22 56 118
2080	0 1 8 35 114
2081	0 2 11 38 116
2082	0 1 31 67 114
2083	0 1 9 38 115
2084	0 7 22 51 118
2085	0 0 18 68 112
2086	0 1 29 83 115
2087	0 2 17 57 115
2088	0 2 18 47 115
2089	0 0 9 52 114
2090	0 1 16 64 113
2091	0 6 35 66 116
2092	0 3 12 58 113
2093	0 7 27 73 113
2094	0 1 18 47 115
2095	0 6 29 82 115
2096	0 3 15 74 116
2097	0 6 31 58 114
2098	0 1 23 75 114
2099	0 1 19 58 114
2100	0 1 28 77 115
2101	0 1 18 58 115
2102	0 4 8 76 114
2103	0 4 12 74 116
2104	0 6 34 79 113
2105	0 2 12 39 113
2106	0 4 18 34 115
2107	0 6 19 73 115
2108	0 4 22 51 114
2109	0 4 17 52 114
2110	0 3 9 49 116
2111	0 7 32 65 116
2112	0 1 18 47 114
2113	0 4 21 65 114
2114	0 2 31 79 115
2115	0 3 22 51 115
2116	0 1 20 83 114
2117	0 3 9 25 115
2118	0 0 25 62 112
2119	0 0 23 72 117
2120	0 6 32 86 116
2121	0 1 7 59 114
2122	0 1 9 43 115
2123	0 4 17 34 115
2124	0 1 8 32 115
2125	0 5 8 41 115
2126	0 4 9 36 117
2127	0 1 22 86 113
2128	0 1 8 34 113
2129	0 3 23 73 115
2130	0 2 25 66 116
2131	0 2 17 62 115
2132	0 2 8 49 115
2133	0 1 18 38 113
2134	0 6 32 73 113
2135	0 2 8 38 116
2136	0 1 15 62 115
2137	0 2 8 26 115
2138	0 7 27 76 115
2139	0 3 30 51 115
2140	0 2 12 36 114
2141	0 1 19 42 117
2142	0 6 24 68 112
2143	0 1 23 57 116
2144	0 2 18 51 113
2145	0 1 17 56 114
2146	0 2 31 85 115
2147	0 1 9 63 113
2148	0 2 9 85 116
2149	0 2 21 59 115
2150	0 7 28 81 113
2151	0 3 17 62 114
2152	0 1 33 59 116
2153	0 1 18 62 113
2154	0 2 15 36 114
2155	0 3 9 33 114
2156	0 6 34 81 114
2157	0 5 24 66 117
2158	0 2 22 45 113
2159	0 5 17 58 115
2160	0 1 16 56 114
2161	0 2 8 56 115
2162	0 5 29 66 116
2163	0 1 11 36 114
2164	0 7 31 62 115
2165	0 6 19 92 113
2166	0 7 20 36 115
2167	0 1 16 54 115
2168	0 2 14 36 115
2169	0 1 12 64 115
2170	0 4 27 72 117
2171	0 5 30 56 113
2172	0 1 11 37 112
2173	0 1 20 72 115
2174	0 3 12 57 115
2175	0 1 34 58 115
2176	0 5 18 56 116
2177	0 3 19 61 113
2178	0 1 25 65 115
2179	0 4 24 58 112
2180	0 2 13 36 115
2181	0 5 16 48 117
2182	0 3 8 36 113
2183	0 7 30 64 115
2184	0 1 8 38 115
2185	0 7 18 34 117
2186	0 3 20 73 114
2187	0 5 31 54 114
2188	0 8 30 71 119
2189	0 5 15 36 112
2190	0 3 9 34 114
2191	0 1 22 41 115
2192	0 1 9 32 114
2193	0 2 8 35 115
2194	0 3 19 44 114
2195	0 1 19 44 117
2196	0 3 12 38 114
2197	0 4 18 62 114
2198	0 1 18 37 116
2199	0 2 17 35 113
2200	0 2 9 57 117
2201	0 1 20 61 115
2202	0 3 9 34 113
2203	0 2 7 32 116
2204	0 6 8 32 113
2205	0 6 11 45 114
2206	0 6 20 61 116
2207	0 5 9 64 115
2208	0 5 12 38 114
2209	0 6 20 55 114
2210	0 6 14 48 115
2211	0 6 7 35 115
2212	0 6 12 35 115
2213	0 5 11 43 115
2214	0 5 8 34 113
2215	0 5 9 53 114
2216	0 5 7 33 116
2217	0 5 7 33 112
2218	0 3 9 38 115
2219	0 5 8 35 114
2220	0 1 7 35 113
2221	0 5 8 43 115
2222	0 5 9 42 114
2223	0 7 18 38 113
2224	0 5 11 39 115
2225	0 2 8 42 117
2226	0 7 13 35 114
2227	0 6 12 36 118
2228	0 1 7 35 111
2229	0 1 12 37 117
2230	0 0 11 31 115
2231	0 0 13 33 111
2232	0 1 14 35 116
2233	0 0 14 34 97
2234	0 0 9 34 97
2235	0 0 7 25 85
2236	0 0 11 28 54
2237	0 4 13 32 93
2238	0 1 7 33 86
2239	0 1 8 31 65
2240	0 0 7 36 99
2241	0 1 11 48 95
2242	0 0 6 69 86
2243	0 0 9 52 97
2244	0 0 5 34 96
2245	0 0 9 67 117
2246	0 0 9 62 116
2247	0 0 5 35 116
2248	0 0 6 62 116
2249	0 0 5 60 87
2250	0 0 6 67 92
2251	0 0 7 73 125
2252	0 0 3 33 114
2253	0 0 17 57 125
2254	0 0 7 62 118
2255	0 0 4 37 116
2256	0 0 6 51 113
2257	0 0 1 56 118
2258	0 0 15 66 112
2259	0 0 9 63 125
2260	0 0 8 73 125
2261	0 0 8 57 126
2262	0 0 8 34 123
2263	0 0 13 67 112
2264	0 0 11 65 111
2265	0 0 14 78 110
2266	0 0 16 64 110
2267	0 1 24 76 111
2268	0 0 13 49 109
2269	0 1 8 34 111
2270	0 0 9 34 113
2271	0 1 19 74 115
2272	0 1 11 41 114
2273	0 1 27 75 114
2274	0 5 21 38 114
2275	0 0 33 76 113
2276	0 1 7 40 113
2277	0 0 19 41 114
2278	0 5 23 52 115
2279	0 1 17 59 113
2280	0 5 24 71 114
2281	0 8 19 55 115
2282	0 1 20 47 114
2283	0 4 30 72 114
2284	0 0 17 57 114
2285	0 1 16 76 113
2286	0 3 23 57 114
2287	0 1 17 81 113
2288	0 1 17 55 116
2289	0 5 18 57 112
2290	0 1 21 67 114
2291	0 1 35 84 114
2292	0 5 24 77 113
2293	0 6 19 73 119
2294	0 5 34 77 115
2295	0 3 21 82 111
2296	0 6 17 68 116
2297	0 1 15 69 111
2298	0 1 26 74 116
2299	0 4 17 37 113
2300	0 5 17 62 116
2301	0 7 15 62 113
2302	0 6 15 34 114
2303	0 5 14 42 118
2304	0 1 22 69 118
2305	0 1 16 65 114
2306	0 0 12 34 116
2307	0 5 18 71 113
2308	0 7 21 53 113
2309	0 1 18 83 113
2310	0 1 19 71 115
2311	0 0 19 49 113
2312	0 1 17 78 112
2313	0 1 11 34 115
2314	0 6 18 74 114
2315	0 1 11 45 112
2316	0 2 22 78 115
2317	0 1 19 35 114
2318	0 2 18 72 113
2319	0 2 12 34 116
2320	0 6 19 36 112
2321	0 3 8 65 114
2322	0 1 8 67 112
2323	0 4 19 71 115
2324	0 6 25 57 112
2325	0 5 19 52 113
2326	0 6 22 72 113
2327	0 2 21 41 116
2328	0 0 20 68 114
2329	0 1 19 69 114
2330	0 3 12 68 113
2331	0 6 35 66 114
2332	0 4 16 74 113
2333	0 6 19 44 115
2334	0 1 9 68 113
2335	0 2 17 36 116
2336	0 6 24 48 113
2337	0 6 19 63 113
2338	0 7 29 71 115
2339	0 6 28 69 114
2340	0 5 19 72 114
2341	0 3 19 68 115
2342	0 4 18 68 113
2343	0 2 20 69 113
2344	0 0 20 39 115
2345	0 5 23 65 113
2346	0 1 37 78 115
2347	0 7 34 72 113
2348	0 6 34 73 113
2349	0 1 21 49 114
2350	0 6 20 59 114
2351	0 7 20 57 114
2352	0 2 9 36 115
2353	0 2 19 56 114
2354	0 1 22 55 113
2355	0 5 35 86 113
2356	0 2 35 64 115
2357	0 6 34 75 114
2358	0 5 35 76 113
2359	0 3 8 52 114
2360	0 0 17 71 117
2361	0 6 15 56 112
2362	0 2 29 79 112
2363	0 1 17 73 112
2364	0 1 8 45 109
2365	0 7 15 63 115
2366	0 3 33 65 115
2367	0 1 11 35 113
2368	0 3 11 52 113
2369	0 1 7 35 114
2370	0 5 20 77 114
2371	0 0 8 35 114
2372	0 1 7 35 114
2373	0 0 20 57 113
2374	0 1 18 47 113
2375	0 0 20 73 113
2376	0 1 7 34 115
2377	0 1 11 78 115
2378	0 0 19 71 115
2379	0 0 16 69 114
2380	0 1 18 71 114
2381	0 0 13 55 114
2382	0 0 16 77 112
2383	0 1 17 79 116
2384	0 0 8 55 114
2385	0 1 9 55 113
2386	0 0 16 46 115
2387	0 1 9 58 113
2388	0 0 15 57 114
2389	0 1 12 74 113
2390	0 1 20 48 116
2391	0 1 18 62 113
2392	0 0 16 62 112
2393	0 1 9 81 114
2394	0 0 9 49 114
2395	0 0 19 71 114
2396	0 0 18 84 115
2397	0 0 35 68 115
2398	0 1 11 59 114
2399	0 1 9 48 112
2400	0 0 7 65 114
2401	0 1 9 73 113
2402	0 1 9 75 115
2403	0 0 18 54 115
2404	0 0 24 81 112
2405	0 3 8 36 116
2406	0 0 11 55 114
2407	0 0 36 79 114
2408	0 0 22 88 113
2409	0 0 20 82 114
2410	0 0 20 74 114
2411	0 1 18 59 114
2412	0 0 12 36 113
2413	0 0 9 49 117
2414	0 0 7 65 112
2415	0 1 9 69 114
2416	0 0 20 69 113
2417	0 1 9 76 113
2418	0 1 20 75 113
2419	0 1 11 61 112
2420	0 1 8 34 116
2421	0 2 11 56 115
2422	0 2 34 69 112
2423	0 0 12 48 114
2424	0 0 13 73 116
2425	0 1 8 46 114
2426	0 0 19 78 114
2427	0 2 15 77 114
2428	0 0 11 74 114
2429	0 0 11 85 114
2430	0 0 8 72 116
2431	0 0 12 78 114
2432	0 0 19 72 113
2433	0 0 7 62 114
2434	0 6 21 69 116
2435	0 0 8 59 113
2436	0 0 8 51 112
2437	0 1 21 76 114
2438	0 2 35 79 114
2439	0 0 8 35 116
2440	0 0 20 55 113
2441	0 0 14 69 114
2442	0 0 19 68 112
2443	0 2 18 77 113
2444	0 0 9 23 114
2445	0 0 8 56 113
2446	0 1 11 35 114
2447	0 1 20 75 115
2448	0 2 19 73 113
2449	0 0 7 73 113
2450	0 0 18 73 116
2451	0 2 20 66 113
2452	0 0 15 65 114
2453	0 1 33 63 114
2454	0 0 18 71 120
2455	0 3 9 69 113
2456	0 0 8 65 114
2457	0 0 18 79 114
2458	0 5 28 56 114
2459	0 0 18 71 112
2460	0 1 8 35 113
2461	0 0 15 73 115
2462	0 1 32 68 114
2463	0 0 16 65 112
2464	0 0 9 63 115
2465	0 0 12 65 112
2466	0 1 18 59 115
2467	0 0 8 36 114
2468	0 0 20 65 115
2469	0 1 8 49 111
2470	0 0 17 65 114
2471	0 0 17 74 113
2472	0 0 16 69 112
2473	0 0 17 76 115
2474	0 2 16 75 115
2475	0 0 18 59 112
2476	0 0 18 79 115
2477	0 0 29 79 113
2478	0 0 7 63 115
2479	0 1 7 64 115
2480	0 0 17 61 114
2481	0 0 16 77 112
2482	0 0 13 84 114
2483	0 0 24 77 113
2484	0 0 15 72 114
2485	0 1 14 78 114
2486	0 2 17 65 114
2487	0 0 18 69 113
2488	0 0 19 72 113
2489	0 2 8 65 114
2490	0 1 13 63 117
2491	0 0 34 78 113
2492	0 1 11 83 113
2493	0 1 15 53 116
2494	0 1 33 84 112
2495	0 1 8 35 115
2496	0 1 21 69 113
2497	0 0 33 68 115
2498	0 0 33 77 115
2499	0 0 8 59 114
2500	0 0 18 78 114
2501	0 0 27 77 114
2502	0 2 16 71 113
2503	0 1 8 34 114
2504	0 1 9 45 115
2505	0 1 8 37 114
2506	0 0 9 64 114
2507	0 1 17 51 114
2508	0 0 17 64 116
2509	0 0 6 67 113
2510	0 0 19 64 110
2511	0 0 9 46 113
2512	0 0 11 66 112
2513	0 0 18 79 114
2514	0 0 24 79 115
2515	0 1 33 72 114
2516	0 0 18 75 114
2517	0 1 15 85 113
2518	0 0 34 67 114
2519	0 2 9 64 111
2520	0 0 16 78 109
2521	0 0 16 76 112
2522	0 1 19 58 115
2523	0 0 9 72 115
2524	0 0 7 64 113
2525	0 0 8 63 114
2526	0 0 11 69 114
2527	0 1 9 53 115
2528	0 1 11 65 116
2529	0 0 17 71 113
2530	0 0 20 75 115
2531	0 0 21 77 114
2532	0 0 17 83 113
2533	0 1 11 77 114
2534	0 1 18 71 114
2535	0 0 18 69 114
2536	0 0 9 61 111
2537	0 2 18 78 108
2538	0 2 9 54 113
2539	0 0 5 42 113
2540	0 1 16 71 112
2541	0 0 18 62 115
2542	0 0 7 87 115
2543	0 0 18 92 115
2544	0 0 18 74 113
2545	0 0 20 69 114
2546	0 1 14 68 113
2547	0 0 9 51 114
2548	0 2 17 72 114
2549	0 0 9 66 114
2550	0 1 8 65 113
2551	0 0 12 43 116
2552	0 0 20 85 111
2553	0 0 24 79 113
2554	0 1 14 69 114
2555	0 1 7 81 114
2556	0 0 14 49 113
2557	0 3 11 64 115
2558	0 0 9 56 115
2559	0 5 16 62 113
2560	0 0 7 38 115
2561	0 0 19 55 114
2562	0 2 17 65 112
2563	0 0 20 73 113
2564	0 3 18 55 115
2565	0 0 7 63 115
2566	0 0 23 79 113
2567	0 0 9 54 113
2568	0 1 8 76 113
2569	0 0 14 53 113
2570	0 0 8 44 115
2571	0 0 32 54 114
2572	0 0 18 74 113
2573	0 1 8 56 115
2574	0 1 15 54 114
2575	0 1 8 79 114
2576	0 0 27 73 115
2577	0 0 17 79 114
2578	0 1 19 73 114
2579	0 0 34 76 113
2580	0 0 19 75 114
2581	0 3 16 71 113
2582	0 0 12 68 115
2583	0 1 18 63 112
2584	0 0 12 64 114
2585	0 0 21 78 114
2586	0 0 21 54 115
2587	0 0 22 68 114
2588	0 0 17 77 112
2589	0 2 15 65 115
2590	0 1 11 25 116
2591	0 0 21 65 113
2592	0 0 8 35 113
2593	0 0 19 71 113
2594	0 0 12 66 115
2595	0 1 29 81 113
2596	0 1 11 57 115
2597	0 0 26 71 111
2598	0 0 9 77 114
2599	0 1 17 78 115
2600	0 1 19 74 113
2601	0 0 17 67 114
2602	0 3 20 83 114
2603	0 0 14 39 114
2604	0 0 11 71 114
2605	0 0 37 77 115
2606	0 0 13 79 114
2607	0 0 17 82 113
2608	0 0 33 83 115
2609	0 0 17 66 114
2610	0 1 8 49 113
2611	0 0 19 58 115
2612	0 1 14 47 113
2613	0 0 15 62 113
2614	0 1 22 65 115
2615	0 0 20 62 114
2616	0 1 8 39 114
2617	0 0 24 81 115
2618	0 0 8 71 113
2619	0 1 8 82 114
2620	0 1 23 78 114
2621	0 0 11 76 115
2622	0 2 11 59 113
2623	0 0 11 53 114
2624	0 1 8 55 114
2625	0 0 21 78 115
2626	0 0 33 79 115
2627	0 1 8 33 114
2628	0 0 20 64 113
2629	0 0 15 81 115
2630	0 3 8 77 114
2631	0 0 7 19 112
2632	0 0 8 34 115
2633	0 0 7 28 116
2634	0 1 8 26 113
2635	0 0 15 69 115
2636	0 0 13 75 114
2637	0 0 11 75 113
2638	0 3 12 52 114
2639	0 0 9 76 113
2640	0 0 27 77 116
2641	0 0 21 68 114
2642	0 2 15 45 113
2643	0 0 16 63 114
2644	0 1 7 45 113
2645	0 2 20 51 116
2646	0 1 11 57 113
2647	0 0 34 65 114
2648	0 0 7 48 114
2649	0 0 12 84 115
2650	0 0 12 39 112
2651	0 1 13 45 114
2652	0 0 8 65 116
2653	0 0 8 77 121
2654	0 0 9 35 115
2655	0 0 20 62 113
2656	0 0 20 75 115
2657	0 0 12 48 113
2658	0 0 18 76 115
2659	0 0 20 74 112
2660	0 1 18 88 114
2661	0 1 8 72 115
2662	0 0 8 75 111
2663	0 1 7 81 114
2664	0 0 21 77 114
2665	0 0 18 67 113
2666	0 0 15 74 115
2667	0 0 19 71 113
2668	0 1 8 64 113
2669	0 0 12 84 114
2670	0 0 18 77 113
2671	0 0 20 71 114
2672	0 0 8 85 115
2673	0 0 12 69 113
2674	0 1 7 44 114
2675	0 0 9 43 113
2676	0 0 7 72 114
2677	0 1 9 28 114
2678	0 0 18 72 112
2679	0 0 34 73 115
2680	0 0 18 73 115
2681	0 2 7 58 111
2682	0 0 26 81 114
2683	0 0 34 84 113
2684	0 0 27 71 113
2685	0 1 17 73 116
2686	0 0 20 81 113
2687	0 1 19 85 113
2688	0 0 9 62 114
2689	0 1 18 79 115
2690	0 0 17 59 112
2691	0 0 17 75 115
2692	0 0 19 78 114
2693	0 0 14 65 114
2694	0 1 9 19 115
2695	0 1 15 56 116
2696	0 1 16 45 114
2697	0 1 9 44 116
2698	0 0 20 76 114
2699	0 0 11 75 113
2700	0 1 8 58 114
2701	0 0 18 72 113
2702	0 0 19 73 113
2703	0 0 33 78 111
2704	0 1 13 62 115
2705	0 3 7 62 114
2706	0 0 17 47 114
2707	0 0 9 67 114
2708	0 0 17 78 113
2709	0 0 22 65 114
2710	0 1 16 63 115
2711	0 0 15 74 114
2712	0 1 31 79 113
2713	0 0 11 67 115
2714	0 3 9 65 113
2715	0 1 27 48 115
2716	0 0 7 43 114
2717	0 1 19 67 113
2718	0 1 11 54 115
2719	0 0 12 41 114
2720	0 0 13 81 113
2721	0 1 13 75 117
2722	0 0 11 86 114
2723	0 0 9 71 113
2724	0 2 20 61 115
2725	0 0 11 64 114
2726	0 0 9 76 115
2727	0 1 19 57 113
2728	0 0 17 81 114
2729	0 0 19 81 114
2730	0 0 11 78 114
2731	0 1 18 64 116
2732	0 1 9 48 112
2733	0 0 11 71 113
2734	0 2 7 45 115
2735	0 0 12 65 114
2736	0 1 15 56 114
2737	0 0 7 71 113
2738	0 0 9 75 116
2739	0 0 9 75 113
2740	0 1 18 67 123
2741	0 0 26 73 115
2742	0 1 9 63 114
2743	0 0 8 47 113
2744	0 0 17 64 113
2745	0 1 18 57 114
2746	0 0 20 69 113
2747	0 0 37 82 115
2748	0 0 18 74 113
2749	0 1 20 81 114
2750	0 0 17 69 115
2751	0 0 21 77 113
2752	0 2 19 71 114
2753	0 0 19 68 113
2754	0 1 21 86 113
2755	0 0 21 78 114
2756	0 0 8 82 115
2757	0 1 16 69 115
2758	0 1 32 77 112
2759	0 1 11 57 115
2760	0 1 19 77 113
2761	0 1 35 67 112
2762	0 1 18 72 114
2763	0 1 17 67 115
2764	0 0 8 74 113
2765	0 1 17 64 114
2766	0 0 6 22 113
2767	0 0 8 82 114
2768	0 1 21 65 115
2769	0 0 9 43 113
2770	0 0 9 69 115
2771	0 2 21 76 115
2772	0 0 15 73 116
2773	0 0 9 78 115
2774	0 0 12 88 113
2775	0 1 19 71 113
2776	0 0 36 81 114
2777	0 1 34 77 113
2778	0 1 7 35 115
2779	0 2 19 61 114
2780	0 1 33 67 113
2781	0 0 18 57 114
2782	0 1 34 78 115
2783	0 1 36 69 113
2784	0 0 34 58 117
2785	0 0 19 68 114
2786	0 0 18 75 114
2787	0 0 8 34 115
2788	0 1 32 73 113
2789	0 0 8 63 113
2790	0 0 8 79 114
2791	0 0 17 76 113
2792	0 0 8 67 115
2793	0 0 9 77 113
2794	0 0 15 68 114
2795	0 0 9 74 116
2796	0 0 9 74 113
2797	0 1 17 69 115
2798	0 0 11 73 114
2799	0 1 35 78 114
2800	0 0 19 68 114
2801	0 1 9 41 113
2802	0 0 11 68 114
2803	0 1 7 45 113
2804	0 0 17 85 112
2805	0 1 11 81 115
2806	0 0 36 75 113
2807	0 1 8 65 116
2808	0 3 9 36 114
2809	0 1 7 46 116
2810	0 1 15 75 113
2811	0 1 7 36 114
2812	0 0 20 78 112
2813	0 0 21 74 113
2814	0 4 18 77 116
2815	0 0 8 35 113
2816	0 0 19 67 116
2817	0 0 33 83 114
2818	0 2 19 79 113
2819	0 0 15 73 114
2820	0 0 11 76 115
2821	0 2 20 75 114
2822	0 0 21 64 113
2823	0 1 9 72 115
2824	0 0 20 71 112
2825	0 0 11 34 114
2826	0 1 9 41 115
2827	0 0 7 65 112
2828	0 1 12 67 113
2829	0 0 21 65 115
2830	0 1 9 57 113
2831	0 1 8 62 115
2832	0 0 7 46 116
2833	0 0 20 74 113
2834	0 1 9 77 113
2835	0 0 8 76 113
2836	0 0 18 81 115
2837	0 0 8 47 113
2838	0 1 8 36 114
2839	0 0 25 87 115
2840	0 1 18 81 112
2841	0 3 20 56 113
2842	0 0 7 35 115
2843	0 1 9 39 115
2844	0 3 13 71 114
2845	0 0 7 33 113
2846	0 0 8 51 114
2847	0 0 7 46 114
2848	0 1 8 56 114
2849	0 0 18 78 114
2850	0 2 17 71 113
2851	0 1 12 38 115
2852	0 0 21 76 114
2853	0 0 9 57 113
2854	0 1 11 75 114
2855	0 1 12 75 114
2856	0 0 25 68 113
2857	0 0 8 76 112
2858	0 2 7 61 115
2859	0 1 11 37 112
2860	0 1 9 42 117
2861	0 0 17 62 113
2862	0 0 18 87 114
2863	0 0 34 68 114
2864	0 1 7 36 115
2865	0 0 20 68 114
2866	0 0 8 54 113
2867	0 0 18 78 114
2868	0 0 18 67 114
2869	0 0 9 73 115
2870	0 1 18 65 113
2871	0 0 20 65 114
2872	0 2 7 52 113
2873	0 1 17 72 115
2874	0 0 18 82 112
2875	0 0 18 72 115
2876	0 0 12 56 114
2877	0 1 18 73 113
2878	0 1 33 78 116
2879	0 0 19 68 112
2880	0 1 17 61 114
2881	0 2 16 58 113
2882	0 0 17 77 115
2883	0 0 8 69 114
2884	0 0 11 77 111
2885	0 0 17 69 114
2886	0 0 16 82 113
2887	0 0 11 78 115
2888	0 0 26 84 114
2889	0 2 13 71 114
2890	0 0 12 67 114
2891	0 1 14 61 113
2892	0 0 14 86 114
2893	0 0 25 74 113
2894	0 0 9 73 114
2895	0 0 11 41 113
2896	0 0 36 79 116
2897	0 1 8 49 112
2898	0 2 22 66 113
2899	0 1 17 64 115
2900	0 0 9 38 113
2901	0 0 12 51 115
2902	0 0 8 49 113
2903	0 0 17 63 115
2904	0 0 15 76 114
2905	0 1 16 49 115
2906	0 0 14 69 112
2907	0 2 8 52 114
2908	0 0 11 54 114
2909	0 0 16 64 114
2910	0 0 33 71 114
2911	0 0 8 43 114
2912	0 0 6 59 112
2913	0 0 18 56 113
2914	0 0 9 46 111
2915	0 2 11 75 111
2916	0 0 12 61 111
2917	0 0 8 63 109
2918	0 1 35 79 110
2919	0 0 11 84 109
2920	0 0 9 73 111
2921	0 0 8 45 111
2922	0 0 29 68 109
2923	0 1 35 74 112
2924	0 0 16 64 111
2925	0 2 17 55 111
2926	0 0 7 66 115
2927	0 3 21 71 113
2928	0 0 16 65 115
2929	0 0 17 83 113
2930	0 1 9 53 114
2931	0 0 7 36 114
2932	0 0 7 32 114
2933	0 0 9 82 115
2934	0 1 7 57 117
2935	0 0 15 65 115
2936	0 1 8 48 119
2937	0 0 15 69 115
2938	0 2 14 46 112
2939	0 0 29 79 115
2940	0 0 16 84 113
2941	0 0 9 65 114
2942	0 0 12 75 113
2943	0 2 11 64 115
2944	0 0 8 66 114
2945	0 0 8 72 114
2946	0 2 8 36 118
2947	0 0 12 75 114
2948	0 0 12 45 113
2949	0 1 14 74 115
2950	0 1 16 56 113
2951	0 0 18 64 113
2952	0 0 16 82 114
2953	0 1 7 54 114
2954	0 2 19 61 116
2955	0 0 9 45 115
2956	0 0 7 42 116
2957	0 0 19 68 115
2958	0 0 9 53 115
2959	0 0 17 71 114
2960	0 0 17 67 115
2961	0 0 17 78 113
2962	0 3 9 66 116
2963	0 0 9 59 113
2964	0 0 11 69 113
2965	0 1 16 66 112
2966	0 4 12 34 109
2967	0 1 11 36 109
2968	0 0 16 72 110
2969	0 2 6 23 112
2970	0 1 12 58 113
2971	0 1 8 71 114
2972	0 1 18 71 113
2973	0 1 7 31 114
2974	0 1 13 51 114
2975	0 2 12 71 114
2976	0 0 20 89 114
2977	0 0 8 86 114
2978	0 1 17 92 116
2979	0 0 36 91 115
2980	0 0 11 51 114
2981	0 0 7 34 118
2982	0 4 19 52 114
2983	0 0 9 63 114
2984	0 0 9 78 116
2985	0 1 11 62 114
2986	0 1 16 64 113
2987	0 1 16 87 115
2988	0 1 6 56 115
2989	0 5 17 69 113
2990	0 0 15 68 113
2991	0 1 9 57 115
2992	0 0 9 47 113
2993	0 1 7 53 117
2994	0 1 9 77 117
2995	0 1 13 87 115
2996	0 0 16 81 117
2997	0 1 16 65 126
2998	0 1 33 79 114
2999	0 1 12 42 114
3000	0 2 8 78 126
3001	0 1 9 48 124
3002	0 1 8 68 122
3003	0 1 21 93 123
3004	0 1 6 21 119
3005	0 1 9 62 123
3006	0 1 19 76 127
3007	0 1 26 77 113
3008	0 1 9 42 124
3009	0 0 21 66 126
3010	0 1 19 86 124
3011	0 1 10 67 125
3012	0 1 12 78 119
3013	0 1 17 88 123
3014	0 1 14 41 125
3015	0 0 19 91 115
3016	0 0 22 79 114
3017	0 0 16 84 116
3018	0 1 19 74 116
3019	0 0 8 76 118
3020	0 6 19 81 126
3021	0 0 21 56 117
3022	0 0 8 38 119
3023	0 0 9 39 122
3024	0 1 8 73 114
3025	0 0 19 71 123
3026	0 1 9 57 119
3027	0 1 12 76 114
3028	0 1 9 83 115
3029	0 1 18 87 118
3030	0 0 36 75 116
3031	0 5 21 81 125
3032	0 0 7 41 126
3033	0 0 9 38 117
3034	0 0 19 82 115
3035	0 1 12 79 115
3036	0 1 8 53 126
3037	0 1 9 77 124
3038	0 1 9 49 118
3039	0 0 19 76 114
3040	0 1 9 57 115
3041	0 0 16 67 124
3042	0 1 6 37 120
3043	0 2 38 71 113
3044	0 1 33 62 114
3045	0 0 19 87 120
3046	0 1 8 49 113
3047	0 2 31 73 116
3048	0 0 17 59 115
3049	0 2 21 73 124
3050	0 0 9 64 114
3051	0 2 25 71 115
3052	0 0 10 73 117
3053	0 0 17 78 124
3054	0 1 13 75 120
3055	0 0 7 82 114
3056	0 4 7 34 116
3057	0 0 20 68 112
3058	0 0 16 75 114
3059	0 0 36 77 114
3060	0 0 11 68 115
3061	0 1 15 76 112
3062	0 0 19 69 115
3063	0 0 8 76 115
3064	0 1 9 38 115
3065	0 0 10 77 112
3066	0 1 18 65 114
3067	0 0 9 75 113
3068	0 0 10 40 114
3069	0 0 21 64 114
3070	0 0 13 78 115
3071	0 1 15 85 113
3072	0 4 19 74 113
3073	0 0 8 54 114
3074	0 0 18 79 112
3075	0 1 17 40 116
3076	0 0 8 69 114
3077	0 1 17 68 115
3078	0 0 33 85 111
3079	0 1 29 78 114
3080	0 0 8 78 113
3081	0 0 15 89 115
3082	0 0 34 73 113
3083	0 0 18 78 113
3084	0 0 7 48 115
3085	0 1 8 77 113
3086	0 0 34 73 115
3087	0 0 12 72 113
3088	0 1 11 42 114
3089	0 0 7 74 113
3090	0 1 9 72 114
3091	0 1 14 51 115
3092	0 1 9 72 115
3093	0 1 16 81 113
3094	0 0 31 74 115
3095	0 2 14 58 114
3096	0 0 9 44 113
3097	0 0 8 63 115
3098	0 0 8 55 114
3099	0 1 16 77 116
3100	0 0 8 64 113
3101	0 1 8 39 114
3102	0 0 13 73 115
3103	0 0 17 75 114
3104	0 1 8 45 115
3105	0 0 15 76 114
3106	0 1 7 78 115
3107	0 1 12 74 114
3108	0 0 9 76 113
3109	0 1 17 75 114
3110	0 0 7 36 114
3111	0 0 33 82 115
3112	0 1 9 74 113
3113	0 1 17 62 114
3114	0 3 8 74 113
3115	0 0 8 77 116
3116	0 1 17 57 115
3117	0 1 7 35 114
3118	0 1 15 73 115
3119	0 0 9 69 113
3120	0 0 11 55 114
3121	0 0 16 69 115
3122	0 0 18 67 114
3123	0 1 16 44 114
3124	0 1 21 74 112
3125	0 0 12 78 115
3126	0 1 8 75 115
3127	0 0 7 65 113
3128	0 1 31 81 114
3129	0 1 11 42 115
3130	0 0 8 69 113
3131	0 1 8 54 114
3132	0 0 33 63 114
3133	0 1 9 33 114
3134	0 1 16 77 115
3135	0 0 16 77 115
3136	0 0 8 74 113
3137	0 1 18 63 115
3138	0 0 8 68 113
3139	0 0 19 61 114
3140	0 0 7 85 115
3141	0 1 37 75 113
3142	0 0 9 74 116
3143	0 1 7 49 114
3144	0 0 8 55 113
3145	0 1 13 55 115
3146	0 1 12 77 111
3147	0 0 18 55 115
3148	0 1 28 61 113
3149	0 1 13 77 114
3150	0 1 13 73 113
3151	0 0 16 84 115
3152	0 2 18 58 112
3153	0 0 17 67 114
3154	0 0 24 85 114
3155	0 0 36 77 112
3156	0 1 16 66 115
3157	0 1 7 64 114
3158	0 0 11 63 114
3159	0 1 18 64 115
3160	0 1 11 76 114
3161	0 2 19 65 112
3162	0 0 11 64 115
3163	0 0 35 64 114
3164	0 0 18 86 115
3165	0 0 34 67 113
3166	0 5 18 84 115
3167	0 0 7 23 113
3168	0 0 16 43 114
3169	0 0 8 74 114
3170	0 1 25 72 112
3171	0 0 32 64 114
3172	0 0 14 79 116
3173	0 1 15 66 113
3174	0 1 16 39 112
3175	0 1 18 81 114
3176	0 0 22 71 112
3177	0 0 18 72 114
3178	0 1 15 75 115
3179	0 0 9 83 113
3180	0 0 34 73 115
3181	0 1 8 78 113
3182	0 0 18 75 113
3183	0 0 12 62 113
3184	0 1 11 41 116
3185	0 1 21 79 113
3186	0 1 19 69 112
3187	0 1 7 55 114
3188	0 0 9 73 116
3189	0 7 31 57 116
3190	0 0 7 57 113
3191	0 0 7 74 115
3192	0 0 16 81 114
3193	0 1 8 49 113
3194	0 1 7 57 115
3195	0 0 16 63 112
3196	0 0 24 71 113
3197	0 1 11 75 114
3198	0 0 21 74 114
3199	0 2 19 72 117
3200	0 0 18 67 112
3201	0 0 11 61 113
3202	0 0 17 73 114
3203	0 0 11 63 114
3204	0 0 15 76 114
3205	0 0 13 76 114
3206	0 0 15 64 115
3207	0 2 8 62 114
3208	0 0 16 59 115
3209	0 1 9 83 114
3210	0 1 17 44 115
3211	0 2 12 41 114
3212	0 1 16 44 115
3213	0 0 22 81 115
3214	0 0 18 71 113
3215	0 0 17 78 114
3216	0 0 12 79 113
3217	0 0 17 82 116
3218	0 0 19 71 112
3219	0 0 33 79 114
3220	0 1 21 76 114
3221	0 0 19 73 113
3222	0 1 11 81 114
3223	0 2 24 65 113
3224	0 1 12 69 114
3225	0 0 32 81 112
3226	0 0 18 67 115
3227	0 0 16 76 116
3228	0 0 18 77 114
3229	0 0 11 68 112
3230	0 0 9 76 115
3231	0 0 18 73 115
3232	0 1 11 58 113
3233	0 2 19 66 112
3234	0 0 15 75 115
3235	0 3 14 62 115
3236	0 0 8 64 114
3237	0 1 11 36 113
3238	0 0 19 71 114
3239	0 1 11 74 114
3240	0 1 19 75 115
3241	0 0 12 79 113
3242	0 1 21 74 114
3243	0 1 20 73 114
3244	0 0 19 72 114
3245	0 0 9 45 113
3246	0 0 16 74 114
3247	0 0 17 85 114
3248	0 0 12 65 115
3249	0 1 17 78 113
3250	0 0 8 75 115
3251	0 0 16 69 111
3252	0 1 7 63 115
3253	0 0 7 73 114
3254	0 0 8 34 116
3255	0 0 35 82 114
3256	0 1 18 83 113
3257	0 0 7 42 116
3258	0 0 31 72 113
3259	0 2 28 76 114
3260	0 0 20 42 116
3261	0 1 8 56 111
3262	0 0 20 84 113
3263	0 0 32 81 112
3264	0 2 11 64 115
3265	0 0 8 49 113
3266	0 0 18 72 112
3267	0 0 19 87 115
3268	0 0 8 47 115
3269	0 0 16 74 112
3270	0 0 18 73 114
3271	0 1 6 34 116
3272	0 1 19 81 113
3273	0 0 17 79 113
3274	0 0 16 85 115
3275	0 0 21 67 114
3276	0 0 22 64 114
3277	0 1 25 61 113
3278	0 0 7 44 114
3279	0 0 35 69 114
3280	0 1 8 36 114
3281	0 1 16 54 115
3282	0 0 13 68 113
3283	0 0 26 77 114
3284	0 0 17 83 114
3285	0 0 22 72 112
3286	0 0 18 76 112
3287	0 1 6 57 109
3288	0 2 8 61 114
3289	0 1 9 65 112
3290	0 0 18 78 114
3291	0 0 19 73 116
3292	0 0 35 85 113
3293	0 0 7 78 112
3294	0 1 33 83 115
3295	0 2 15 54 113
3296	0 1 9 64 113
3297	0 0 17 74 113
3298	0 1 35 62 113
3299	0 1 18 62 114
3300	0 0 12 69 115
3301	0 0 34 78 112
3302	0 1 18 81 113
3303	0 1 8 64 113
3304	0 1 18 73 113
3305	0 1 16 83 114
3306	0 1 9 82 113
3307	0 0 8 63 114
3308	0 1 7 32 115
3309	0 1 17 73 111
3310	0 1 6 48 115
3311	0 0 6 77 112
3312	0 1 6 54 116
3313	0 0 19 61 115
3314	0 1 9 36 114
3315	0 0 24 67 114
3316	0 0 20 75 115
3317	0 0 26 71 113
3318	0 2 17 61 116
3319	0 1 7 43 112
3320	0 0 18 71 117
3321	0 1 25 87 113
3322	0 0 20 79 114
3323	0 0 19 71 114
3324	0 0 19 75 112
3325	0 1 14 84 115
3326	0 1 21 62 113
3327	0 0 21 74 111
3328	0 1 9 43 111
3329	0 0 8 52 111
3330	0 1 26 74 111
3331	0 0 19 85 114
3332	0 1 7 56 116
3333	0 0 18 81 115
3334	0 1 9 46 113
3335	0 1 18 75 113
3336	0 1 18 61 114
3337	0 1 18 57 113
3338	0 0 19 56 115
3339	0 0 8 73 115
3340	0 0 9 33 114
3341	0 1 16 67 113
3342	0 0 14 45 113
3343	0 0 7 19 114
3344	0 1 19 77 108
3345	0 1 19 64 111
3346	0 1 9 48 115
3347	0 1 8 35 116
3348	0 1 8 54 113
3349	0 0 19 73 114
3350	0 0 18 77 112
3351	0 1 8 81 116
3352	0 1 19 69 113
3353	0 2 33 81 112
3354	0 0 19 48 114
3355	0 1 15 76 113
3356	0 0 18 61 114
3357	0 0 5 74 114
3358	0 0 19 75 114
3359	0 0 17 71 114
3360	0 0 19 77 114
3361	0 2 18 35 114
3362	0 0 23 63 114
3363	0 0 9 44 114
3364	0 2 9 36 113
3365	0 0 8 43 114
3366	0 1 16 79 114
3367	0 0 8 34 114
3368	0 2 13 53 114
3369	0 0 8 52 114
3370	0 2 15 82 112
3371	0 0 9 77 114
3372	0 0 20 73 114
3373	0 0 11 76 115
3374	0 1 9 34 115
3375	0 0 7 49 115
3376	0 1 21 74 114
3377	0 1 12 36 114
3378	0 0 11 73 113
3379	0 1 9 61 113
3380	0 0 11 71 113
3381	0 1 8 95 114
3382	0 0 8 69 114
3383	0 0 35 79 116
3384	0 0 6 73 115
3385	0 1 8 76 112
3386	0 0 13 86 115
3387	0 1 9 51 114
3388	0 1 34 79 122
3389	0 1 13 74 114
3390	0 1 13 78 115
3391	0 1 14 88 117
3392	0 5 12 76 126
3393	0 0 11 84 124
3394	0 0 13 76 128
3395	0 1 8 66 123
3396	0 1 5 29 116
3397	0 1 9 53 114
3398	0 1 7 58 114
3399	0 1 20 95 122
3400	0 0 6 56 124
3401	0 1 8 55 122
3402	0 0 8 83 117
3403	0 2 19 81 114
3404	0 1 9 41 116
3405	0 0 21 62 113
3406	0 3 11 59 115
3407	0 1 7 74 115
3408	0 1 9 58 121
3409	0 1 11 56 116
3410	0 4 11 36 117
3411	0 0 9 81 121
3412	0 0 8 27 124
3413	0 1 9 37 125
3414	0 0 19 79 119
3415	0 1 27 69 117
3416	0 0 21 89 115
3417	0 0 8 61 119
3418	0 0 26 97 115
3419	0 1 25 61 117
3420	0 1 9 76 118
3421	0 1 21 52 116
3422	0 0 10 77 122
3423	0 0 8 42 115
3424	0 2 17 82 116
3425	0 0 23 76 124
3426	0 0 22 86 119
3427	0 1 19 75 116
3428	0 0 9 38 120
3429	0 1 8 79 124
3430	0 0 14 89 124
3431	0 0 24 83 115
3432	0 1 24 76 120
3433	0 0 8 42 125
3434	0 2 8 40 126
3435	0 1 23 81 123
3436	0 1 15 69 116
3437	0 1 21 92 118
3438	0 1 8 61 115
3439	0 1 13 66 114
3440	0 1 9 72 119
3441	0 1 9 86 123
3442	0 1 12 74 124
3443	0 0 23 86 126
3444	0 1 18 76 122
3445	0 0 19 77 114
3446	0 1 8 41 118
3447	0 1 7 71 116
3448	0 0 8 81 123
3449	0 1 11 42 115
3450	0 0 9 36 114
3451	0 2 8 42 116
3452	0 1 8 55 117
3453	0 0 12 87 115
3454	0 0 18 82 114
3455	0 1 8 58 126
3456	0 1 21 78 114
3457	0 1 15 39 114
3458	0 1 8 61 125
3459	0 1 7 44 115
3460	0 2 25 69 117
3461	0 0 9 34 122
3462	0 1 7 57 124
3463	0 1 8 78 124
3464	0 1 13 57 119
3465	0 1 10 77 118
3466	0 1 9 58 115
3467	0 0 42 88 113
3468	0 1 7 67 115
3469	0 0 25 91 113
3470	0 0 9 86 113
3471	0 1 17 51 114
3472	0 1 23 74 113
3473	0 1 8 31 117
3474	0 1 8 79 112
3475	0 1 11 34 115
3476	0 1 11 75 115
3477	0 1 10 41 115
3478	0 1 24 68 116
3479	0 1 6 63 124
3480	0 0 22 76 119
3481	0 1 9 47 116
3482	0 1 9 43 114
3483	0 0 14 69 119
3484	0 1 12 86 125
3485	0 1 8 38 122
3486	0 1 20 77 114
3487	0 1 9 64 118
3488	0 0 22 78 125
3489	0 1 20 48 125
3490	0 2 13 38 119
3491	0 1 17 77 124
3492	0 1 6 33 123
3493	0 1 13 83 120
3494	0 0 9 84 114
3495	0 1 21 64 115
3496	0 0 21 74 115
3497	0 1 14 45 118
3498	0 1 8 63 124
3499	0 1 22 78 125
3500	0 1 21 68 124
3501	0 1 18 79 119
3502	0 1 21 81 123
3503	0 0 9 72 118
3504	0 1 8 49 124
3505	0 0 9 47 124
3506	0 1 21 73 125
3507	0 3 20 79 124
3508	0 2 11 34 124
3509	0 0 7 86 124
3510	0 0 9 79 121
3511	0 0 18 76 116
3512	0 1 8 58 122
3513	0 1 9 81 119
3514	0 1 15 40 116
3515	0 1 8 62 124
3516	0 1 11 53 118
3517	0 0 20 82 113
3518	0 1 9 78 124
3519	0 1 9 61 126
3520	0 1 13 46 114
3521	0 1 9 83 115
3522	0 1 10 46 122
3523	0 1 7 66 113
3524	0 1 13 68 117
3525	0 1 8 55 125
3526	0 1 9 72 116
3527	0 0 8 39 120
3528	0 1 11 46 116
3529	0 1 8 47 116
3530	0 1 16 66 115
3531	0 1 7 42 124
3532	0 0 24 78 127
3533	0 1 23 67 119
3534	0 1 28 83 114
3535	0 0 9 78 113
3536	0 1 17 41 114
3537	0 0 7 78 115
3538	0 0 15 62 118
3539	0 1 8 54 113
3540	0 1 9 45 123
3541	0 0 16 81 121
3542	0 0 22 87 114
3543	0 1 12 56 124
3544	0 1 8 41 122
3545	0 1 9 79 122
3546	0 1 11 56 120
3547	0 0 9 51 121
3548	0 0 22 94 120
3549	0 1 11 72 113
3550	0 1 9 55 117
3551	0 1 14 51 123
3552	0 1 8 76 116
3553	0 1 21 72 125
3554	0 1 18 49 124
3555	0 1 8 87 114
3556	0 1 8 83 115
3557	0 0 22 83 115
3558	0 1 23 81 115
3559	0 1 11 40 114
3560	0 0 7 65 119
3561	0 0 8 59 121
3562	0 0 18 46 114
3563	0 1 20 56 117
3564	0 1 15 36 115
3565	0 2 8 52 113
3566	0 0 9 58 114
3567	0 0 8 69 123
3568	0 0 8 58 122
3569	0 0 8 75 125
3570	0 0 16 68 114
3571	0 0 28 76 114
3572	0 0 22 78 115
3573	0 2 9 46 117
3574	0 1 22 65 126
3575	0 0 19 66 119
3576	0 1 9 65 112
3577	0 2 20 57 111
3578	0 0 15 76 109
3579	0 1 23 64 112
3580	0 0 23 76 110
3581	0 0 8 67 112
3582	0 0 9 39 114
3583	0 0 21 84 113
3584	0 0 14 66 115
3585	0 2 23 67 112
3586	0 0 7 66 114
3587	0 0 9 74 114
3588	0 1 20 79 115
3589	0 0 15 45 113
3590	0 0 18 62 113
3591	0 0 10 73 114
3592	0 1 24 87 113
3593	0 0 8 59 116
3594	0 1 21 47 113
3595	0 0 11 69 113
3596	0 1 20 53 114
3597	0 1 10 51 113
3598	0 1 8 89 114
3599	0 2 8 71 114
3600	0 6 18 69 116
3601	0 1 13 77 126
3602	0 0 7 32 115
3603	0 1 7 36 115
3604	0 0 8 89 114
3605	0 1 8 69 114
3606	0 0 7 37 125
3607	0 1 11 55 116
3608	0 2 21 86 120
3609	0 1 6 21 118
3610	0 0 9 75 114
3611	0 0 20 46 117
3612	0 1 7 67 114
3613	0 0 20 46 124
3614	0 2 9 46 124
3615	0 0 24 56 121
3616	0 1 18 72 119
3617	0 0 23 88 113
3618	0 1 9 36 125
3619	0 1 6 33 124
3620	0 1 18 81 117
3621	0 0 11 72 117
3622	0 1 9 43 125
3623	0 0 26 75 123
3624	0 0 8 85 113
3625	0 1 7 36 119
3626	0 1 19 71 122
3627	0 1 16 42 126
3628	0 1 23 52 116
3629	0 6 12 57 114
3630	0 0 9 42 115
3631	0 1 9 40 116
3632	0 0 9 43 113
3633	0 0 22 65 126
3634	0 4 11 37 121
3635	0 0 21 76 114
3636	0 2 9 54 126
3637	0 1 17 74 114
3638	0 1 11 38 126
3639	0 1 13 71 122
3640	0 2 8 74 115
3641	0 0 8 74 124
3642	0 1 25 66 120
3643	0 1 11 45 124
3644	0 0 20 76 121
3645	0 0 17 86 126
3646	0 0 20 83 123
3647	0 2 15 77 116
3648	0 1 8 65 115
3649	0 0 9 81 117
3650	0 1 8 25 112
3651	0 0 19 85 115
3652	0 0 9 83 116
3653	0 3 33 83 114
3654	0 0 31 82 125
3655	0 1 11 52 121
3656	0 0 9 36 113
3657	0 0 22 79 112
3658	0 0 31 81 116
3659	0 0 37 82 115
3660	0 2 9 88 116
3661	0 0 7 36 127
3662	0 1 8 78 117
3663	0 1 20 75 124
3664	0 1 19 76 125
3665	0 0 31 85 114
3666	0 1 8 35 114
3667	0 1 11 40 114
3668	0 1 9 72 116
3669	0 1 8 40 124
3670	0 1 8 39 125
3671	0 0 8 81 125
3672	0 1 8 22 114
3673	0 0 9 64 115
3674	0 1 9 79 120
3675	0 0 15 52 115
3676	0 1 21 83 117
3677	0 1 17 38 126
3678	0 1 20 95 112
3679	0 1 11 73 114
3680	0 4 15 76 115
3681	0 1 15 88 115
3682	0 0 9 47 115
3683	0 0 10 66 123
3684	0 1 11 36 119
3685	0 1 9 74 114
3686	0 1 13 66 115
3687	0 0 11 61 116
3688	0 2 8 41 115
3689	0 0 18 76 114
3690	0 1 5 32 124
3691	0 1 9 69 120
3692	0 1 12 64 123
3693	0 0 18 88 115
3694	0 0 23 87 123
3695	0 0 23 64 115
3696	0 0 9 69 115
3697	0 1 9 62 115
3698	0 1 24 54 123
3699	0 1 17 61 122
3700	0 0 12 91 120
3701	0 1 21 73 114
3702	0 1 9 79 126
3703	0 0 20 47 121
3704	0 1 9 72 127
3705	0 2 18 69 117
3706	0 0 10 76 123
3707	0 0 37 72 126
3708	0 1 18 74 116
3709	0 0 18 76 116
3710	0 0 9 57 123
3711	0 1 17 82 124
3712	0 0 36 88 123
3713	0 1 9 40 125
3714	0 1 21 67 126
3715	0 0 11 71 117
3716	0 1 8 24 125
3717	0 1 11 68 124
3718	0 1 10 79 126
3719	0 1 16 63 124
3720	0 1 7 39 120
3721	0 1 9 78 113
3722	0 1 16 63 125
3723	0 0 20 81 123
3724	0 2 8 36 119
3725	0 1 8 38 113
3726	0 1 12 71 122
3727	0 1 8 35 124
3728	0 0 18 88 115
3729	0 1 17 36 126
3730	0 1 8 67 118
3731	0 0 21 51 121
3732	0 0 7 35 114
3733	0 5 19 59 123
3734	0 0 8 24 126
3735	0 0 14 69 125
3736	0 1 7 36 118
3737	0 0 8 44 124
3738	0 1 9 25 124
3739	0 1 15 65 115
3740	0 3 17 71 124
3741	0 0 7 46 124
3742	0 1 9 41 123
3743	0 1 21 75 125
3744	0 0 24 77 124
3745	0 1 29 83 126
3746	0 1 11 52 123
3747	0 1 9 73 117
3748	0 0 20 88 122
3749	0 1 16 43 119
3750	0 1 7 75 123
3751	0 0 19 77 125
3752	0 0 22 63 116
3753	0 1 12 69 126
3754	0 2 7 34 114
3755	0 0 9 43 114
3756	0 1 12 39 124
3757	0 0 8 36 117
3758	0 1 9 69 127
3759	0 0 17 75 116
3760	0 1 18 49 114
3761	0 1 17 61 125
3762	0 1 9 72 125
3763	0 1 11 81 121
3764	0 1 6 44 116
3765	0 1 9 42 118
3766	0 0 20 93 113
3767	0 0 12 74 127
3768	0 1 8 58 121
3769	0 1 15 39 115
3770	0 0 18 82 125
3771	0 1 7 45 116
3772	0 1 12 53 117
3773	0 1 19 73 116
3774	0 0 21 87 113
3775	0 1 12 41 114
3776	0 1 8 35 112
3777	0 1 10 65 116
3778	0 0 8 65 114
3779	0 1 6 75 114
3780	0 1 8 39 120
3781	0 0 9 64 115
3782	0 1 8 36 115
3783	0 2 17 88 115
3784	0 0 20 72 121
3785	0 2 9 86 115
3786	0 3 8 38 120
3787	0 0 6 22 115
3788	0 1 9 42 117
3789	0 1 12 85 114
3790	0 5 35 83 119
3791	0 1 8 43 115
3792	0 0 8 41 114
3793	0 1 17 62 117
3794	0 1 7 37 123
3795	0 1 9 92 114
3796	0 1 10 79 114
3797	0 1 9 79 114
3798	0 1 22 48 115
3799	0 0 9 72 116
3800	0 1 8 53 117
3801	0 0 7 79 115
3802	0 1 8 21 114
3803	0 1 15 63 124
3804	0 0 8 81 122
3805	0 2 21 49 115
3806	0 0 16 71 118
3807	0 1 9 51 115
3808	0 0 39 88 115
3809	0 1 8 42 124
3810	0 0 9 77 114
3811	0 0 24 72 124
3812	0 1 8 79 123
3813	0 1 20 78 123
3814	0 1 8 93 124
3815	0 3 41 72 115
3816	0 1 9 53 117
3817	0 0 11 49 115
3818	0 0 16 48 115
3819	0 1 9 44 113
3820	0 1 9 73 115
3821	0 1 19 72 117
3822	0 1 13 77 115
3823	0 0 18 68 115
3824	0 1 8 49 115
3825	0 2 15 41 115
3826	0 0 10 83 124
3827	0 1 8 41 114
3828	0 0 19 91 123
3829	0 1 26 84 114
3830	0 1 24 72 120
3831	0 1 21 83 111
3832	0 0 8 61 119
3833	0 0 9 71 117
3834	0 0 8 63 125
3835	0 0 15 59 118
3836	0 0 41 72 124
3837	0 0 15 68 122
3838	0 1 11 73 114
3839	0 1 7 20 114
3840	0 1 21 66 116
3841	0 0 21 69 114
3842	0 0 9 84 123
3843	0 0 22 74 116
3844	0 0 9 68 109
3845	0 0 20 79 111
3846	0 0 12 54 113
3847	0 2 19 67 114
3848	0 0 10 67 115
3849	0 0 8 63 112
3850	0 1 9 69 114
3851	0 0 31 73 114
3852	0 0 16 84 113
3853	0 1 17 66 115
3854	0 0 36 74 113
3855	0 0 34 78 116
3856	0 2 9 37 114
3857	0 1 24 62 113
3858	0 1 14 63 116
3859	0 0 15 69 112
3860	0 0 10 71 114
3861	0 0 12 71 115
3862	0 1 15 42 115
3863	0 0 7 42 115
3864	0 2 16 49 112
3865	0 0 8 27 115
3866	0 0 9 76 115
3867	0 0 19 68 113
3868	0 1 7 64 114
3869	0 1 12 82 114
3870	0 0 33 72 115
3871	0 0 8 63 113
3872	0 0 33 65 114
3873	0 1 6 61 112
3874	0 0 8 51 115
3875	0 1 15 68 113
3876	0 0 9 63 115
3877	0 1 17 66 115
3878	0 0 15 73 113
3879	0 0 18 83 111
3880	0 0 33 67 114
3881	0 0 9 67 114
3882	0 0 16 77 114
3883	0 0 9 75 113
3884	0 0 17 68 111
3885	0 1 7 61 112
3886	0 0 34 76 115
3887	0 0 7 33 114
3888	0 4 8 37 114
3889	0 0 15 62 114
3890	0 0 8 71 114
3891	0 0 9 75 113
3892	0 0 7 39 116
3893	0 0 7 63 113
3894	0 1 9 34 114
3895	0 0 17 79 115
3896	0 0 9 79 114
3897	0 1 19 68 116
3898	0 0 15 74 114
3899	0 0 13 73 111
3900	0 1 6 53 112
3901	0 1 17 66 114
3902	0 0 15 69 113
3903	0 1 7 61 114
3904	0 0 14 79 114
3905	0 0 15 69 114
3906	0 1 8 42 113
3907	0 1 12 78 115
3908	0 0 9 72 115
3909	0 1 18 57 113
3910	0 0 15 79 114
3911	0 0 7 59 114
3912	0 1 11 67 114
3913	0 0 16 65 114
3914	0 1 16 65 115
3915	0 1 17 62 114
3916	0 1 11 45 114
3917	0 0 7 61 114
3918	0 0 8 71 113
3919	0 1 7 33 114
3920	0 0 7 67 115
3921	0 6 15 69 112
3922	0 0 9 62 114
3923	0 0 8 36 114
3924	0 3 17 55 113
3925	0 0 13 77 115
3926	0 1 19 56 116
3927	0 0 8 43 114
3928	0 0 17 78 113
3929	0 1 11 73 115
3930	0 1 7 53 113
3931	0 0 15 79 113
3932	0 1 12 46 114
3933	0 0 11 76 113
3934	0 0 16 78 113
3935	0 0 8 48 115
3936	0 0 8 74 114
3937	0 0 7 68 113
3938	0 1 26 69 115
3939	0 0 12 71 114
3940	0 0 7 82 112
3941	0 2 16 69 114
3942	0 0 8 32 114
3943	0 0 15 62 117
3944	0 2 11 62 113
3945	0 0 8 39 114
3946	0 1 8 71 115
3947	0 0 7 78 115
3948	0 0 17 78 114
3949	0 0 25 77 113
3950	0 0 7 54 115
3951	0 0 11 74 113
3952	0 0 18 78 116
3953	0 2 9 55 112
3954	0 0 17 74 115
3955	0 1 19 76 113
3956	0 0 32 83 113
3957	0 0 9 59 116
3958	0 1 16 83 112
3959	0 0 34 75 116
3960	0 2 15 77 112
3961	0 1 17 78 114
3962	0 2 16 68 114
3963	0 0 8 72 114
3964	0 0 17 54 113
3965	0 1 7 41 117
3966	0 0 16 71 112
3967	0 0 8 52 114
3968	0 0 15 68 113
3969	0 0 7 58 114
3970	0 0 18 88 113
3971	0 0 7 64 114
3972	0 0 17 73 117
3973	0 2 17 57 113
3974	0 1 7 72 115
3975	0 1 19 45 113
3976	0 1 11 49 114
3977	0 1 26 73 120
3978	0 1 12 53 112
3979	0 0 18 78 111
3980	0 0 9 69 112
3981	0 1 11 89 112
3982	0 1 8 44 113
3983	0 1 16 68 115
3984	0 1 6 32 115
3985	0 0 7 77 115
3986	0 1 9 33 112
3987	0 2 14 83 117
3988	0 0 13 78 113
3989	0 1 15 81 114
3990	0 0 9 85 114
3991	0 0 34 82 113
3992	0 0 34 82 114
3993	0 1 18 79 115
3994	0 1 21 63 113
3995	0 0 16 61 113
3996	0 1 13 38 114
3997	0 2 17 68 115
3998	0 0 8 28 114
3999	0 1 16 76 114
4000	0 0 14 75 114
4001	0 0 7 65 113
4002	0 0 18 75 115
4003	0 1 11 77 114
4004	0 0 13 39 115
4005	0 0 33 78 114
4006	0 1 18 71 111
4007	0 0 19 83 114
4008	0 0 8 32 115
4009	0 0 7 35 114
4010	0 1 16 83 113
4011	0 0 17 79 115
4012	0 0 16 72 114
4013	0 1 9 62 111
4014	0 1 16 63 114
4015	0 0 26 79 116
4016	0 0 9 34 112
4017	0 0 9 56 114
4018	0 1 13 59 114
4019	0 0 8 57 116
4020	0 2 8 65 113
4021	0 0 7 74 116
4022	0 2 18 68 113
4023	0 0 16 73 114
4024	0 1 17 72 114
4025	0 0 15 78 115
4026	0 0 18 76 112
4027	0 0 18 67 114
4028	0 0 11 55 113
4029	0 0 10 79 113
4030	0 0 11 74 114
4031	0 0 8 46 114
4032	0 0 7 66 117
4033	0 0 11 61 113
4034	0 2 12 46 113
4035	0 2 7 44 115
4036	0 0 7 47 112
4037	0 0 18 53 115
4038	0 0 7 76 115
4039	0 3 13 72 113
4040	0 1 16 63 113
4041	0 0 8 39 115
4042	0 0 7 67 113
4043	0 1 9 42 115
4044	0 0 8 51 113
4045	0 0 17 69 114
4046	0 0 17 71 115
4047	0 0 16 83 113
4048	0 0 9 67 113
4049	0 1 9 62 113
4050	0 2 16 65 113
4051	0 2 18 82 115
4052	0 1 7 47 113
4053	0 0 8 65 115
4054	0 0 8 54 115
4055	0 0 15 53 115
4056	0 1 9 51 114
4057	0 0 8 78 115
4058	0 0 9 74 112
4059	0 0 17 77 113
4060	0 4 9 64 116
4061	0 0 18 76 113
4062	0 0 17 68 113
4063	0 0 11 79 116
4064	0 1 17 55 115
4065	0 0 28 75 115
4066	0 1 11 81 118
4067	0 0 9 61 113
4068	0 2 18 74 116
4069	0 1 7 76 113
4070	0 2 8 35 115
4071	0 0 12 35 114
4072	0 2 9 35 113
4073	0 0 7 73 115
4074	0 1 9 62 112
4075	0 0 7 76 114
4076	0 0 15 66 115
4077	0 0 26 81 115
4078	0 2 18 81 113
4079	0 0 8 82 115
4080	0 1 13 75 112
4081	0 0 16 76 113
4082	0 1 11 79 113
4083	0 1 35 83 114
4084	0 0 32 87 113
4085	0 0 23 76 114
4086	0 2 7 72 111
4087	0 0 11 45 115
4088	0 0 7 77 115
4089	0 2 25 81 114
4090	0 0 12 78 114
4091	0 0 9 73 115
4092	0 1 11 57 116
4093	0 1 5 51 113
4094	0 1 9 36 114
4095	0 0 8 63 113
4096	0 2 12 62 116
4097	0 1 9 78 113
4098	0 0 18 72 115
4099	0 0 9 82 113
4100	0 0 14 76 114
4101	0 0 25 81 114
4102	0 0 17 76 113
4103	0 1 8 35 115
4104	0 0 19 79 112
4105	0 0 7 77 113
4106	0 0 9 33 114
4107	0 2 7 59 112
4108	0 0 8 44 113
4109	0 0 8 42 116
4110	0 0 8 78 113
4111	0 0 25 69 114
4112	0 1 7 67 114
4113	0 0 36 71 114
4114	0 0 19 84 115
4115	0 0 23 82 113
4116	0 1 8 75 114
4117	0 1 18 66 113
4118	0 0 8 66 115
4119	0 1 19 77 114
4120	0 0 12 75 112
4121	0 0 14 82 116
4122	0 2 13 73 113
4123	0 0 17 83 115
4124	0 2 18 81 113
4125	0 1 9 36 115
4126	0 1 21 75 113
4127	0 0 7 34 115
4128	0 0 22 77 112
4129	0 1 14 65 115
4130	0 0 9 41 115
4131	0 1 22 72 115
4132	0 0 17 82 114
4133	0 2 9 51 113
4134	0 0 7 51 114
4135	0 0 12 78 115
4136	0 0 13 83 113
4137	0 1 11 37 114
4138	0 0 8 53 115
4139	0 0 9 56 114
4140	0 0 9 76 113
4141	0 0 8 71 113
4142	0 0 32 89 115
4143	0 0 13 81 114
4144	0 0 12 83 114
4145	0 0 35 76 113
4146	0 0 11 79 116
4147	0 0 18 77 113
4148	0 0 16 82 113
4149	0 0 17 69 114
4150	0 0 29 78 114
4151	0 0 18 72 115
4152	0 0 27 77 114
4153	0 1 17 81 114
4154	0 0 17 86 115
4155	0 0 19 81 114
4156	0 0 17 76 115
4157	0 1 9 86 114
4158	0 0 18 77 113
4159	0 0 11 73 114
4160	0 0 17 64 113
4161	0 1 9 43 114
4162	0 0 7 72 114
4163	0 0 16 74 115
4164	0 1 15 68 116
4165	0 1 15 82 115
4166	0 0 8 58 113
4167	0 0 16 82 113
4168	0 0 27 85 113
4169	0 0 20 81 114
4170	0 0 17 64 113
4171	0 2 12 64 115
4172	0 0 19 83 113
4173	0 1 8 66 115
4174	0 0 16 78 113
4175	0 0 17 68 114
4176	0 1 23 76 115
4177	0 0 12 35 113
4178	0 0 7 56 113
4179	0 1 8 45 114
4180	0 0 18 76 113
4181	0 0 11 67 113
4182	0 0 23 78 115
4183	0 0 17 74 114
4184	0 1 35 78 114
4185	0 0 17 76 113
4186	0 1 8 73 115
4187	0 0 25 76 113
4188	0 0 17 72 114
4189	0 2 17 84 114
4190	0 1 8 35 114
4191	0 0 14 57 113
4192	0 1 9 68 117
4193	0 0 17 71 113
4194	0 0 17 79 114
4195	0 1 14 68 114
4196	0 0 34 79 114
4197	0 1 12 53 114
4198	0 1 9 37 115
4199	0 1 18 73 112
4200	0 0 11 61 117
4201	0 0 9 52 112
4202	0 1 7 57 113
4203	0 0 20 75 113
4204	0 0 19 77 117
4205	0 0 9 37 114
4206	0 1 16 33 114
4207	0 0 28 74 113
4208	0 0 8 66 114
4209	0 0 8 69 115
4210	0 0 20 75 112
4211	0 0 20 72 113
4212	0 0 18 74 114
4213	0 0 18 64 113
4214	0 0 22 63 114
4215	0 0 12 53 116
4216	0 2 16 69 114
4217	0 0 23 79 115
4218	0 1 9 37 112
4219	0 0 11 61 114
4220	0 2 20 75 114
4221	0 0 8 63 116
4222	0 0 17 79 111
4223	0 0 13 78 110
4224	0 0 13 78 110
4225	0 0 16 76 111
4226	0 1 8 33 113
4227	0 4 12 76 113
4228	0 0 9 64 114
4229	0 0 8 49 114
4230	0 0 11 77 115
4231	0 0 7 76 114
4232	0 2 13 58 115
4233	0 0 7 79 113
4234	0 1 17 69 114
4235	0 1 7 36 114
4236	0 3 9 57 116
4237	0 0 15 74 113
4238	0 0 7 34 115
4239	0 1 14 77 113
4240	0 0 33 71 113
4241	0 1 17 65 114
4242	0 1 16 79 113
4243	0 0 8 67 114
4244	0 1 15 82 115
4245	0 0 24 76 114
4246	0 1 7 33 114
4247	0 1 17 75 114
4248	0 0 9 64 114
4249	0 1 15 82 114
4250	0 0 16 63 114
4251	0 0 15 88 114
4252	0 3 7 56 114
4253	0 0 7 34 114
4254	0 0 17 69 114
4255	0 2 16 81 114
4256	0 0 11 64 116
4257	0 5 17 74 111
4258	0 0 6 36 114
4259	0 0 8 46 113
4260	0 0 7 52 114
4261	0 0 9 72 114
4262	0 2 15 83 114
4263	0 1 16 62 116
4264	0 0 12 61 115
4265	0 1 18 57 113
4266	0 0 8 58 115
4267	0 0 17 76 111
4268	0 0 16 75 115
4269	0 0 9 67 115
4270	0 0 8 82 112
4271	0 0 15 89 114
4272	0 0 8 65 117
4273	0 0 8 78 113
4274	0 0 17 81 114
4275	0 1 7 41 113
4276	0 0 18 78 113
4277	0 0 20 68 114
4278	0 2 11 63 114
4279	0 0 16 49 114
4280	0 2 7 35 113
4281	0 0 12 68 116
4282	0 0 11 78 112
4283	0 0 17 79 113
4284	0 0 16 75 113
4285	0 1 8 76 115
4286	0 0 7 67 114
4287	0 0 36 81 115
4288	0 1 17 79 113
4289	0 2 8 72 113
4290	0 0 9 77 114
4291	0 1 8 65 115
4292	0 0 34 78 113
4293	0 0 18 71 114
4294	0 0 16 83 114
4295	0 0 9 79 114
4296	0 1 16 78 115
4297	0 0 15 68 112
4298	0 1 8 55 113
4299	0 1 18 63 115
4300	0 0 11 35 116
4301	0 1 7 44 115
4302	0 0 15 82 112
4303	0 1 31 69 115
4304	0 0 20 47 112
4305	0 0 12 72 116
4306	0 0 11 74 114
4307	0 1 8 66 114
4308	0 0 8 36 115
4309	0 1 20 79 114
4310	0 0 11 64 112
4311	0 1 17 71 113
4312	0 0 17 78 114
4313	0 1 9 52 113
4314	0 0 34 75 113
4315	0 1 17 71 114
4316	0 0 35 51 115
4317	0 0 17 82 112
4318	0 0 9 57 114
4319	0 1 17 74 115
4320	0 0 17 78 115
4321	0 0 18 76 112
4322	0 1 15 72 114
4323	0 0 17 75 115
4324	0 0 20 84 113
4325	0 0 18 86 114
4326	0 0 33 84 113
4327	0 1 8 41 113
4328	0 1 16 72 115
4329	0 0 28 74 113
4330	0 1 34 78 114
4331	0 0 7 75 115
4332	0 1 14 84 114
4333	0 0 33 79 114
4334	0 0 11 78 114
4335	0 0 15 78 113
4336	0 0 34 75 113
4337	0 0 22 76 115
4338	0 0 16 75 113
4339	0 0 8 54 114
4340	0 0 21 68 115
4341	0 0 8 35 114
4342	0 0 9 73 114
4343	0 0 16 85 114
4344	0 0 17 79 115
4345	0 2 33 81 112
4346	0 0 16 62 115
4347	0 0 18 78 113
4348	0 1 8 45 115
4349	0 0 33 75 113
4350	0 0 17 74 113
4351	0 0 8 66 114
4352	0 2 12 75 115
4353	0 0 12 73 113
4354	0 3 17 74 116
4355	0 0 20 77 113
4356	0 0 12 65 112
4357	0 0 8 76 116
4358	0 5 29 82 114
4359	0 0 6 34 115
4360	0 0 8 71 114
4361	0 0 11 35 112
4362	0 5 18 67 116
4363	0 0 8 69 115
4364	0 0 8 44 113
4365	0 0 9 39 114
4366	0 0 6 64 115
4367	0 0 17 74 119
4368	0 0 17 76 128
4369	0 0 36 82 116
4370	0 0 18 78 113
4371	0 0 18 85 127
4372	0 0 33 82 116
4373	0 1 7 33 123
4374	0 0 6 35 114
4375	0 1 8 65 116
4376	0 0 16 73 119
4377	0 1 9 33 117
4378	0 0 16 56 117
4379	0 1 7 37 116
4380	0 0 8 66 114
4381	0 2 29 86 113
4382	0 0 6 59 115
4383	0 0 19 75 115
4384	0 2 6 34 114
4385	0 0 8 59 113
4386	0 0 8 64 113
4387	0 1 8 67 113
4388	0 0 6 32 115
4389	0 0 11 61 115
4390	0 0 9 52 112
4391	0 0 20 76 115
4392	0 2 9 55 113
4393	0 0 8 71 113
4394	0 0 9 65 115
4395	0 3 8 35 114
4396	0 1 7 34 115
4397	0 0 6 63 118
4398	0 0 9 56 116
4399	0 0 19 48 112
4400	0 0 18 65 115
4401	0 0 8 81 113
4402	0 0 34 81 115
4403	0 0 35 71 113
4404	0 0 14 69 115
4405	0 1 12 74 115
4406	0 2 8 49 114
4407	0 0 5 62 114
4408	0 1 16 59 113
4409	0 0 18 72 114
4410	0 0 12 74 115
4411	0 2 8 52 114
4412	0 0 9 58 115
4413	0 0 9 31 112
4414	0 0 7 35 115
4415	0 1 18 82 113
4416	0 0 8 71 114
4417	0 1 20 73 114
4418	0 2 15 63 114
4419	0 0 6 72 114
4420	0 0 15 65 112
4421	0 1 9 84 111
4422	0 0 18 71 113
4423	0 0 11 82 113
4424	0 0 18 77 115
4425	0 0 20 76 114
4426	0 1 31 84 114
4427	0 1 17 37 113
4428	0 2 17 69 115
4429	0 0 9 61 114
4430	0 1 19 82 115
4431	0 0 13 34 114
4432	0 2 19 52 113
4433	0 0 19 57 116
4434	0 2 18 44 112
4435	0 0 11 84 114
4436	0 0 20 84 122
4437	0 0 20 69 117
4438	0 0 21 81 118
4439	0 0 36 79 120
4440	0 6 16 69 114
4441	0 0 8 71 115
4442	0 0 15 72 113
4443	0 0 19 72 114
4444	0 1 19 88 112
4445	0 0 17 71 115
4446	0 1 24 46 116
4447	0 0 14 75 114
4448	0 1 9 36 113
4449	0 0 20 72 115
4450	0 0 8 34 115
4451	0 0 8 65 115
4452	0 0 18 77 114
4453	0 1 9 83 113
4454	0 0 9 66 115
4455	0 0 6 67 113
4456	0 1 20 78 113
4457	0 0 17 75 115
4458	0 1 9 57 113
4459	0 0 8 24 116
4460	0 1 11 61 114
4461	0 1 7 62 113
4462	0 0 33 83 113
4463	0 0 33 76 114
4464	0 0 17 83 115
4465	0 0 20 82 114
4466	0 0 20 84 115
4467	0 0 11 45 115
4468	0 3 9 61 114
4469	0 0 9 72 109
4470	0 0 19 76 112
4471	0 0 17 73 113
4472	0 0 17 76 113
4473	0 0 8 81 114
4474	0 0 9 81 114
4475	0 0 9 65 113
4476	0 0 13 79 112
4477	0 1 17 66 116
4478	0 0 8 55 114
4479	0 0 19 83 113
4480	0 0 20 79 115
4481	0 0 8 34 114
4482	0 0 9 77 114
4483	0 1 7 83 113
4484	0 0 19 74 115
4485	0 0 18 72 114
4486	0 1 8 85 113
4487	0 2 18 57 115
4488	0 0 8 34 113
4489	0 3 20 55 114
4490	0 0 22 64 113
4491	0 1 8 56 113
4492	0 1 7 67 115
4493	0 1 9 33 113
4494	0 1 6 35 114
4495	0 0 7 62 115
4496	0 1 11 73 115
4497	0 0 21 87 113
4498	0 2 16 49 114
4499	0 0 9 65 112
4500	0 0 9 57 114
4501	0 0 11 67 114
4502	0 3 8 72 113
4503	0 2 21 76 114
4504	0 0 13 85 116
4505	0 1 18 73 112
4506	0 0 34 74 115
4507	0 1 22 66 113
4508	0 0 8 58 114
4509	0 0 11 46 115
4510	0 0 18 72 113
4511	0 1 17 85 112
4512	0 1 18 79 115
4513	0 0 21 54 112
4514	0 0 7 79 116
4515	0 1 8 67 113
4516	0 0 20 77 114
4517	0 2 14 59 114
4518	0 0 13 71 114
4519	0 2 14 82 115
4520	0 0 9 88 115
4521	0 0 22 77 112
4522	0 0 8 69 115
4523	0 0 22 79 114
4524	0 0 27 73 112
4525	0 7 14 77 115
4526	0 0 16 76 114
4527	0 0 20 84 114
4528	0 1 7 37 113
4529	0 0 6 59 113
4530	0 0 19 72 115
4531	0 0 22 71 114
4532	0 3 22 67 113
4533	0 1 11 34 111
4534	0 0 7 66 111
4535	0 0 23 79 114
4536	0 0 29 78 112
4537	0 0 9 64 116
4538	0 0 21 75 114
4539	0 0 16 76 112
4540	0 0 9 79 114
4541	0 1 9 39 114
4542	0 0 12 35 115
4543	0 1 11 27 114
4544	0 5 11 37 112
4545	0 0 6 33 113
4546	0 1 6 24 113
4547	0 1 11 34 113
4548	0 1 9 86 114
4549	0 1 7 24 113
4550	0 1 8 20 115
4551	0 1 9 23 113
4552	0 1 11 38 114
4553	0 1 11 35 114
4554	0 1 12 66 115
4555	0 1 7 34 113
4556	0 1 7 15 115
4557	0 1 9 35 112
4558	0 1 6 34 114
4559	0 1 8 34 114
4560	0 1 9 49 115
4561	0 1 7 23 115
4562	0 1 8 48 112
4563	0 0 9 33 115
4564	0 1 6 35 113
4565	0 1 7 47 115
4566	0 1 8 28 112
4567	0 1 9 38 113
4568	0 1 8 39 114
4569	0 1 6 21 113
4570	0 1 7 34 114
4571	0 1 9 56 114
4572	0 3 8 49 115
4573	0 0 6 34 114
4574	0 3 7 34 113
4575	0 3 8 34 115
4576	0 3 7 27 114
4577	0 1 4 12 113
4578	0 3 8 29 115
4579	0 1 7 16 112
4580	0 3 9 59 114
4581	0 0 7 36 113
4582	0 3 7 58 114
4583	0 2 9 33 114
4584	0 1 8 22 116
4585	0 0 6 61 112
4586	0 3 9 37 115
4587	0 2 9 77 114
4588	0 3 8 24 116
4589	0 1 7 26 114
4590	0 2 8 34 116
4591	0 2 7 49 114
4592	0 1 6 34 111
4593	0 2 8 35 114
4594	0 3 7 20 112
4595	0 3 8 34 115
4596	0 3 9 42 115
4597	0 1 8 49 114
4598	0 1 8 34 114
4599	0 0 8 75 114
4600	0 3 8 34 112
4601	0 0 7 21 112
4602	0 3 7 36 116
4603	0 9 34 67 113
4604	0 8 26 81 114
4605	0 7 31 87 114
4606	0 6 21 59 115
4607	0 7 18 35 115
4608	0 9 26 35 114
4609	0 9 35 39 113
4610	0 9 23 34 115
4611	0 7 36 61 74
4612	0 9 37 51 54
4613	0 7 18 46 74
4614	0 8 35 39 55
4615	0 7 15 36 52
4616	0 7 23 43 86
4617	0 7 26 77 87
4618	0 11 33 57 95
4619	0 8 24 49 61
4620	0 6 9 23 32
4621	0 9 26 34 53
4622	0 7 28 71 79
4623	0 2 8 33 87
4624	0 7 20 45 92
4625	0 6 23 42 54
4626	0 6 34 57 88
4627	2 19 34 82 86
4628	0 7 19 35 62
4629	0 8 26 73 98
4630	0 5 16 35 54
4631	1 8 18 21 38
4632	0 6 17 49 64
4633	0 2 7 7 55
4634	0 0 7 49 49
4635	0 2 8 33 33
4636	0 0 1 89 89
4637	0 0 0 0 0
4638	0 0 3 3 3
4639	0 0 0 0 0
