1	43
2	312
3	276
4	438
5	551
6	661
7	586
8	570
9	484
10	688
11	591
12	589
13	639
14	710
15	843
16	746
17	795
18	769
19	748
20	651
21	709
22	905
23	851
24	836
25	883
26	813
27	971
28	837
29	829
30	870
31	773
32	718
33	518
34	804
35	586
36	807
37	736
38	655
39	801
40	895
41	592
42	734
43	754
44	758
45	734
46	904
47	501
48	784
49	624
50	623
51	782
52	649
53	802
54	722
55	698
56	773
57	653
58	801
59	769
60	833
61	718
62	787
63	843
64	496
65	884
66	745
67	689
68	791
69	819
70	672
71	696
72	954
73	948
74	778
75	662
76	628
77	810
78	675
79	740
80	755
81	807
82	759
83	703
84	1007
85	719
86	704
87	629
88	697
89	725
90	722
91	539
92	628
93	712
94	895
95	848
96	665
97	712
98	664
99	853
100	809
101	832
102	803
103	628
104	711
105	726
106	829
107	736
108	505
109	709
110	756
111	776
112	646
113	744
114	782
115	708
116	642
117	733
118	816
119	750
120	650
121	515
122	625
123	664
124	689
125	869
126	681
127	622
128	717
129	735
130	840
131	670
132	642
133	667
134	654
135	561
136	755
137	640
138	700
139	834
140	736
141	723
142	733
143	609
144	539
145	891
146	663
147	685
148	681
149	674
150	823
151	610
152	613
153	630
154	588
155	572
156	763
157	901
158	822
159	714
160	650
161	533
162	686
163	847
164	781
165	678
166	839
167	893
168	859
169	617
170	859
171	834
172	894
173	744
174	637
175	599
176	655
177	907
178	912
179	743
180	775
181	821
182	762
183	786
184	627
185	853
186	770
187	691
188	743
189	662
190	898
191	612
192	714
193	575
194	637
195	638
196	767
197	753
198	764
199	821
200	876
201	814
202	775
203	841
204	748
205	739
206	681
207	669
208	689
209	759
210	835
211	722
212	694
213	816
214	792
215	621
216	674
217	609
218	614
219	676
220	838
221	692
222	736
223	820
224	892
225	898
226	854
227	803
228	660
229	780
230	869
231	844
232	698
233	730
234	809
235	813
236	820
237	681
238	630
239	600
240	773
241	682
242	627
243	770
244	723
245	786
246	623
247	737
248	733
249	872
250	761
251	669
252	700
253	830
254	556
255	681
256	616
257	856
258	657
259	536
260	830
261	818
262	595
263	587
264	651
265	749
266	655
267	670
268	930
269	784
270	678
271	752
272	775
273	735
274	781
275	746
276	840
277	902
278	786
279	904
280	607
281	835
282	896
283	765
284	722
285	786
286	762
287	831
288	714
289	471
290	863
291	569
292	884
293	792
294	780
295	793
296	712
297	911
298	876
299	781
300	762
301	740
302	730
303	745
304	811
305	734
306	855
307	627
308	648
309	681
310	852
311	782
312	614
313	657
314	758
315	908
316	811
317	661
318	763
319	658
320	745
321	778
322	861
323	630
324	696
325	784
326	707
327	771
328	738
329	742
330	730
331	515
332	837
333	641
334	540
335	772
336	803
337	920
338	629
339	730
340	754
341	749
342	917
343	715
344	829
345	559
346	634
347	779
348	662
349	736
350	758
351	591
352	806
353	688
354	723
355	725
356	594
357	815
358	769
359	570
360	869
361	880
362	931
363	823
364	728
365	956
366	747
367	759
368	760
369	767
370	804
371	721
372	608
373	584
374	854
375	704
376	651
377	753
378	793
379	750
380	933
381	750
382	728
383	663
384	718
385	572
386	745
387	855
388	750
389	537
390	767
391	789
392	571
393	652
394	555
395	725
396	641
397	720
398	662
399	591
400	683
401	836
402	933
403	636
404	582
405	650
406	705
407	774
408	876
409	756
410	724
411	670
412	850
413	688
414	724
415	838
416	518
417	733
418	737
419	791
420	762
421	753
422	777
423	746
424	641
425	742
426	489
427	825
428	757
429	848
430	653
431	669
432	801
433	895
434	869
435	834
436	789
437	677
438	790
439	509
440	726
441	601
442	844
443	841
444	756
445	737
446	640
447	635
448	815
449	768
450	624
451	692
452	682
453	805
454	698
455	691
456	640
457	713
458	607
459	578
460	776
461	570
462	686
463	852
464	790
465	897
466	675
467	872
468	842
469	693
470	901
471	659
472	844
473	728
474	800
475	681
476	732
477	797
478	947
479	821
480	782
481	688
482	623
483	764
484	697
485	690
486	751
487	797
488	699
489	818
490	647
491	961
492	669
493	746
494	837
495	688
496	851
497	585
498	850
499	718
500	891
501	639
502	601
503	743
504	725
505	732
506	750
507	873
508	628
509	844
510	808
511	839
512	649
513	723
514	799
515	735
516	738
517	736
518	629
519	682
520	631
521	673
522	788
523	760
524	798
525	989
526	700
527	890
528	651
529	822
530	849
531	872
532	850
533	815
534	644
535	745
536	505
537	584
538	817
539	671
540	719
541	639
542	630
543	608
544	938
545	786
546	700
547	857
548	769
549	674
550	640
551	927
552	805
553	665
554	678
555	841
556	627
557	760
558	755
559	742
560	793
561	845
562	630
563	643
564	763
565	958
566	798
567	964
568	759
569	686
570	919
571	808
572	963
573	723
574	738
575	774
576	828
577	730
578	816
579	434
580	813
581	731
582	1067
583	795
584	778
585	584
586	909
587	734
588	686
589	728
590	483
591	674
592	460
593	845
594	1008
595	523
596	708
597	745
598	809
599	768
600	924
601	816
602	578
603	730
604	680
605	652
606	807
607	740
608	717
609	746
610	887
611	809
612	766
613	759
614	744
615	827
616	767
617	758
618	703
619	785
620	713
621	716
622	623
623	836
624	753
625	535
626	576
627	688
628	723
629	718
630	872
631	723
632	611
633	690
634	838
635	791
636	717
637	948
638	815
639	641
640	732
641	622
642	709
643	702
644	982
645	611
646	812
647	675
648	585
649	797
650	649
651	709
652	714
653	710
654	704
655	866
656	782
657	804
658	607
659	802
660	683
661	767
662	555
663	762
664	771
665	789
666	686
667	626
668	801
669	845
670	683
671	498
672	618
673	826
674	726
675	725
676	708
677	815
678	786
679	919
680	683
681	663
682	853
683	804
684	750
685	783
686	631
687	686
688	756
689	778
690	701
691	574
692	921
693	817
694	667
695	872
696	697
697	780
698	906
699	803
700	804
701	712
702	855
703	844
704	722
705	648
706	656
707	712
708	842
709	852
710	825
711	634
712	698
713	606
714	700
715	913
716	746
717	808
718	835
719	634
720	806
721	847
722	687
723	784
724	935
725	851
726	782
727	675
728	749
729	713
730	955
731	781
732	801
733	772
734	743
735	849
736	848
737	967
738	749
739	646
740	768
741	779
742	692
743	813
744	801
745	657
746	770
747	692
748	693
749	789
750	690
751	662
752	821
753	730
754	717
755	814
756	713
757	683
758	632
759	793
760	741
761	664
762	811
763	610
764	728
765	856
766	693
767	626
768	868
769	846
770	816
771	670
772	630
773	765
774	892
775	642
776	670
777	817
778	670
779	701
780	757
781	736
782	717
783	640
784	553
785	745
786	732
787	643
788	853
789	756
790	703
791	708
792	744
793	610
794	725
795	740
796	861
797	860
798	645
799	607
800	826
801	792
802	689
803	712
804	787
805	825
806	633
807	719
808	584
809	596
810	855
811	643
812	745
813	679
814	644
815	648
816	830
817	748
818	677
819	814
820	844
821	557
822	786
823	695
824	654
825	783
826	734
827	581
828	649
829	810
830	926
831	807
832	683
833	956
834	723
835	770
836	747
837	956
838	579
839	653
840	757
841	711
842	625
843	822
844	590
845	723
846	837
847	573
848	696
849	794
850	815
851	903
852	686
853	613
854	654
855	734
856	893
857	621
858	645
859	604
860	907
861	701
862	781
863	679
864	555
865	580
866	680
867	783
868	808
869	619
870	783
871	767
872	795
873	823
874	787
875	749
876	729
877	589
878	842
879	757
880	575
881	733
882	671
883	651
884	535
885	770
886	908
887	896
888	876
889	788
890	698
891	694
892	521
893	851
894	667
895	614
896	560
897	804
898	765
899	819
900	796
901	740
902	801
903	716
904	780
905	867
906	794
907	733
908	716
909	715
910	901
911	658
912	863
913	871
914	779
915	552
916	732
917	722
918	759
919	845
920	863
921	829
922	820
923	803
924	623
925	801
926	720
927	623
928	787
929	786
930	777
931	803
932	610
933	1005
934	693
935	519
936	925
937	995
938	743
939	817
940	1002
941	712
942	930
943	691
944	857
945	730
946	890
947	966
948	730
949	795
950	792
951	665
952	749
953	721
954	725
955	830
956	674
957	612
958	588
959	741
960	935
961	980
962	739
963	823
964	669
965	852
966	654
967	814
968	756
969	884
970	806
971	634
972	673
973	825
974	713
975	955
976	768
977	788
978	772
979	800
980	849
981	1038
982	706
983	761
984	743
985	680
986	820
987	926
988	767
989	798
990	669
991	767
992	621
993	606
994	580
995	689
996	701
997	705
998	645
999	743
1000	634
1001	677
1002	767
1003	596
1004	623
1005	586
1006	657
1007	834
1008	633
1009	781
1010	689
1011	792
1012	627
1013	780
1014	493
1015	596
1016	660
1017	784
1018	697
1019	729
1020	723
1021	650
1022	702
1023	624
1024	744
1025	595
1026	901
1027	797
1028	885
1029	474
1030	663
1031	463
1032	819
1033	660
1034	735
1035	643
1036	645
1037	690
1038	636
1039	525
1040	628
1041	917
1042	653
1043	608
1044	767
1045	869
1046	677
1047	685
1048	545
1049	802
1050	782
1051	718
1052	665
1053	833
1054	756
1055	668
1056	656
1057	588
1058	776
1059	659
1060	757
1061	816
1062	669
1063	830
1064	903
1065	701
1066	922
1067	884
1068	726
1069	708
1070	902
1071	770
1072	634
1073	705
1074	824
1075	726
1076	694
1077	705
1078	755
1079	607
1080	683
1081	810
1082	712
1083	758
1084	584
1085	762
1086	758
1087	704
1088	808
1089	672
1090	742
1091	730
1092	862
1093	645
1094	747
1095	734
1096	814
1097	705
1098	589
1099	856
1100	790
1101	731
1102	757
1103	802
1104	684
1105	653
1106	645
1107	640
1108	764
1109	653
1110	674
1111	828
1112	738
1113	647
1114	817
1115	595
1116	765
1117	671
1118	618
1119	779
1120	738
1121	774
1122	859
1123	768
1124	605
1125	667
1126	789
1127	592
1128	755
1129	646
1130	718
1131	753
1132	693
1133	629
1134	886
1135	1054
1136	761
1137	803
1138	474
1139	614
1140	766
1141	744
1142	913
1143	789
1144	680
1145	714
1146	914
1147	708
1148	666
1149	788
1150	621
1151	809
1152	692
1153	620
1154	748
1155	803
1156	614
1157	867
1158	803
1159	714
1160	806
1161	738
1162	882
1163	652
1164	796
1165	562
1166	571
1167	640
1168	773
1169	813
1170	644
1171	765
1172	677
1173	879
1174	732
1175	870
1176	653
1177	576
1178	567
1179	813
1180	773
1181	696
1182	809
1183	797
1184	803
1185	875
1186	826
1187	944
1188	797
1189	843
1190	779
1191	861
1192	966
1193	899
1194	807
1195	893
1196	789
1197	780
1198	711
1199	772
1200	816
1201	932
1202	767
1203	780
1204	785
1205	751
1206	627
1207	600
1208	703
1209	723
1210	692
1211	637
1212	682
1213	693
1214	753
1215	764
1216	643
1217	679
1218	703
1219	782
1220	680
1221	700
1222	896
1223	803
1224	573
1225	759
1226	1007
1227	829
1228	623
1229	725
1230	891
1231	543
1232	684
1233	787
1234	694
1235	924
1236	633
1237	651
1238	795
1239	717
1240	515
1241	816
1242	777
1243	879
1244	888
1245	550
1246	638
1247	684
1248	670
1249	631
1250	874
1251	559
1252	739
1253	863
1254	667
1255	706
1256	921
1257	810
1258	825
1259	548
1260	667
1261	791
1262	822
1263	761
1264	552
1265	854
1266	833
1267	757
1268	759
1269	697
1270	655
1271	595
1272	777
1273	915
1274	766
1275	728
1276	687
1277	697
1278	772
1279	734
1280	758
1281	831
1282	608
1283	789
1284	753
1285	659
1286	767
1287	733
1288	753
1289	770
1290	588
1291	722
1292	672
1293	880
1294	796
1295	964
1296	741
1297	745
1298	694
1299	739
1300	767
1301	690
1302	726
1303	664
1304	871
1305	648
1306	794
1307	744
1308	732
1309	557
1310	639
1311	852
1312	759
1313	603
1314	691
1315	709
1316	769
1317	765
1318	735
1319	795
1320	859
1321	721
1322	751
1323	558
1324	753
1325	775
1326	707
1327	868
1328	865
1329	693
1330	790
1331	702
1332	793
1333	823
1334	861
1335	697
1336	739
1337	823
1338	871
1339	909
1340	507
1341	775
1342	838
1343	718
1344	765
1345	771
1346	768
1347	888
1348	831
1349	843
1350	819
1351	886
1352	659
1353	623
1354	844
1355	867
1356	672
1357	912
1358	789
1359	812
1360	797
1361	825
1362	635
1363	771
1364	887
1365	739
1366	660
1367	818
1368	719
1369	828
1370	668
1371	797
1372	889
1373	677
1374	837
1375	747
1376	606
1377	809
1378	922
1379	719
1380	813
1381	820
1382	858
1383	762
1384	886
1385	738
1386	876
1387	699
1388	549
1389	763
1390	623
1391	635
1392	880
1393	794
1394	858
1395	831
1396	849
1397	624
1398	830
1399	660
1400	844
1401	972
1402	997
1403	706
1404	648
1405	820
1406	766
1407	767
1408	767
1409	810
1410	764
1411	733
1412	624
1413	838
1414	826
1415	871
1416	830
1417	801
1418	802
1419	710
1420	681
1421	873
1422	657
1423	760
1424	698
1425	802
1426	782
1427	866
1428	889
1429	858
1430	801
1431	501
1432	561
1433	881
1434	718
1435	723
1436	712
1437	798
1438	688
1439	761
1440	772
1441	526
1442	800
1443	798
1444	771
1445	785
1446	858
1447	797
1448	824
1449	727
1450	890
1451	791
1452	851
1453	829
1454	750
1455	675
1456	705
1457	845
1458	795
1459	798
1460	713
1461	675
1462	737
1463	758
1464	619
1465	601
1466	587
1467	492
1468	738
1469	719
1470	575
1471	810
1472	765
1473	631
1474	805
1475	847
1476	734
1477	674
1478	808
1479	718
1480	744
1481	643
1482	682
1483	687
1484	772
1485	803
1486	759
1487	818
1488	832
1489	726
1490	953
1491	838
1492	780
1493	704
1494	710
1495	794
1496	752
1497	815
1498	812
1499	930
1500	673
1501	878
1502	834
1503	777
1504	808
1505	795
1506	879
1507	896
1508	924
1509	888
1510	770
1511	712
1512	948
1513	708
1514	802
1515	817
1516	788
1517	825
1518	693
1519	793
1520	743
1521	940
1522	1029
1523	730
1524	789
1525	823
1526	933
1527	602
1528	898
1529	661
1530	790
1531	645
1532	736
1533	796
1534	758
1535	807
1536	599
1537	526
1538	588
1539	656
1540	659
1541	885
1542	716
1543	911
1544	816
1545	797
1546	465
1547	714
1548	623
1549	599
1550	829
1551	530
1552	632
1553	620
1554	907
1555	520
1556	779
1557	678
1558	807
1559	820
1560	521
1561	758
1562	731
1563	815
1564	728
1565	740
1566	778
1567	794
1568	760
1569	1006
1570	815
1571	763
1572	611
1573	616
1574	706
1575	847
1576	645
1577	700
1578	652
1579	668
1580	830
1581	605
1582	746
1583	780
1584	777
1585	585
1586	803
1587	702
1588	697
1589	510
1590	880
1591	824
1592	628
1593	889
1594	898
1595	648
1596	770
1597	852
1598	792
1599	613
1600	865
1601	578
1602	529
1603	752
1604	551
1605	756
1606	611
1607	749
1608	763
1609	826
1610	792
1611	684
1612	785
1613	718
1614	715
1615	662
1616	884
1617	592
1618	820
1619	761
1620	594
1621	788
1622	604
1623	583
1624	743
1625	753
1626	829
1627	755
1628	832
1629	707
1630	656
1631	638
1632	710
1633	707
1634	682
1635	742
1636	615
1637	719
1638	678
1639	933
1640	799
1641	626
1642	823
1643	685
1644	770
1645	828
1646	844
1647	897
1648	902
1649	858
1650	635
1651	707
1652	688
1653	647
1654	733
1655	570
1656	618
1657	698
1658	652
1659	813
1660	652
1661	574
1662	820
1663	638
1664	820
1665	630
1666	658
1667	798
1668	729
1669	852
1670	747
1671	632
1672	637
1673	773
1674	683
1675	852
1676	840
1677	601
1678	759
1679	805
1680	621
1681	624
1682	975
1683	666
1684	715
1685	674
1686	806
1687	785
1688	783
1689	714
1690	575
1691	939
1692	702
1693	787
1694	832
1695	939
1696	602
1697	741
1698	841
1699	821
1700	915
1701	793
1702	944
1703	732
1704	606
1705	748
1706	887
1707	711
1708	621
1709	832
1710	864
1711	815
1712	643
1713	721
1714	717
1715	503
1716	715
1717	599
1718	766
1719	747
1720	642
1721	778
1722	660
1723	795
1724	830
1725	699
1726	850
1727	694
1728	769
1729	481
1730	776
1731	885
1732	923
1733	762
1734	818
1735	806
1736	754
1737	645
1738	584
1739	793
1740	731
1741	788
1742	807
1743	722
1744	675
1745	898
1746	823
1747	808
1748	683
1749	713
1750	615
1751	745
1752	825
1753	825
1754	697
1755	759
1756	854
1757	803
1758	597
1759	680
1760	679
1761	728
1762	807
1763	640
1764	781
1765	561
1766	871
1767	651
1768	743
1769	795
1770	590
1771	742
1772	618
1773	672
1774	585
1775	706
1776	592
1777	558
1778	570
1779	752
1780	858
1781	571
1782	718
1783	827
1784	751
1785	609
1786	753
1787	843
1788	812
1789	644
1790	750
1791	673
1792	625
1793	732
1794	803
1795	689
1796	764
1797	678
1798	774
1799	703
1800	695
1801	648
1802	853
1803	358
1804	629
1805	684
1806	628
1807	691
1808	777
1809	561
1810	762
1811	718
1812	800
1813	853
1814	582
1815	660
1816	910
1817	816
1818	824
1819	522
1820	611
1821	874
1822	771
1823	744
1824	648
1825	853
1826	835
1827	808
1828	644
1829	764
1830	767
1831	640
1832	657
1833	818
1834	769
1835	903
1836	960
1837	931
1838	788
1839	570
1840	829
1841	738
1842	730
1843	800
1844	780
1845	844
1846	798
1847	711
1848	651
1849	876
1850	799
1851	871
1852	749
1853	853
1854	738
1855	760
1856	683
1857	767
1858	637
1859	899
1860	807
1861	879
1862	815
1863	825
1864	716
1865	879
1866	740
1867	930
1868	780
1869	684
1870	755
1871	672
1872	888
1873	890
1874	799
1875	722
1876	680
1877	790
1878	782
1879	872
1880	803
1881	793
1882	901
1883	771
1884	623
1885	765
1886	819
1887	656
1888	782
1889	872
1890	675
1891	572
1892	775
1893	591
1894	759
1895	805
1896	753
1897	694
1898	688
1899	786
1900	540
1901	827
1902	831
1903	746
1904	953
1905	747
1906	712
1907	772
1908	638
1909	780
1910	755
1911	874
1912	819
1913	812
1914	938
1915	826
1916	695
1917	804
1918	674
1919	741
1920	721
1921	695
1922	763
1923	681
1924	799
1925	699
1926	789
1927	767
1928	764
1929	554
1930	721
1931	499
1932	894
1933	871
1934	873
1935	759
1936	827
1937	639
1938	704
1939	781
1940	750
1941	480
1942	692
1943	616
1944	734
1945	918
1946	547
1947	464
1948	941
1949	672
1950	934
1951	705
1952	776
1953	631
1954	948
1955	879
1956	866
1957	925
1958	720
1959	788
1960	804
1961	505
1962	835
1963	741
1964	698
1965	869
1966	669
1967	586
1968	582
1969	804
1970	707
1971	737
1972	695
1973	868
1974	782
1975	567
1976	789
1977	587
1978	800
1979	717
1980	783
1981	843
1982	818
1983	880
1984	866
1985	638
1986	749
1987	832
1988	612
1989	613
1990	764
1991	850
1992	807
1993	508
1994	854
1995	686
1996	925
1997	727
1998	732
1999	699
2000	793
2001	824
2002	950
2003	672
2004	766
2005	588
2006	663
2007	853
2008	713
2009	743
2010	825
2011	750
2012	763
2013	553
2014	947
2015	733
2016	537
2017	780
2018	898
2019	1020
2020	622
2021	695
2022	660
2023	683
2024	778
2025	654
2026	803
2027	779
2028	725
2029	819
2030	845
2031	657
2032	814
2033	737
2034	939
2035	940
2036	625
2037	785
2038	631
2039	679
2040	838
2041	601
2042	709
2043	768
2044	661
2045	819
2046	715
2047	711
2048	904
2049	821
2050	625
2051	949
2052	811
2053	744
2054	738
2055	887
2056	697
2057	753
2058	728
2059	705
2060	899
2061	939
2062	863
2063	781
2064	771
2065	518
2066	947
2067	559
2068	746
2069	960
2070	960
2071	855
2072	760
2073	768
2074	785
2075	596
2076	803
2077	683
2078	696
2079	715
2080	564
2081	685
2082	866
2083	618
2084	789
2085	774
2086	883
2087	708
2088	703
2089	678
2090	785
2091	926
2092	710
2093	896
2094	700
2095	977
2096	746
2097	854
2098	818
2099	731
2100	832
2101	740
2102	757
2103	722
2104	929
2105	624
2106	627
2107	767
2108	754
2109	784
2110	652
2111	872
2112	678
2113	752
2114	875
2115	729
2116	880
2117	519
2118	742
2119	815
2120	949
2121	642
2122	636
2123	633
2124	477
2125	618
2126	623
2127	848
2128	574
2129	873
2130	819
2131	711
2132	622
2133	657
2134	893
2135	676
2136	746
2137	486
2138	864
2139	728
2140	661
2141	685
2142	803
2143	798
2144	737
2145	714
2146	892
2147	767
2148	777
2149	733
2150	891
2151	712
2152	803
2153	694
2154	646
2155	540
2156	936
2157	735
2158	709
2159	779
2160	671
2161	693
2162	820
2163	604
2164	841
2165	881
2166	678
2167	654
2168	599
2169	700
2170	866
2171	833
2172	571
2173	753
2174	694
2175	810
2176	736
2177	790
2178	760
2179	737
2180	574
2181	639
2182	588
2183	787
2184	609
2185	626
2186	802
2187	758
2188	851
2189	624
2190	554
2191	659
2192	490
2193	536
2194	727
2195	600
2196	682
2197	714
2198	620
2199	621
2200	682
2201	723
2202	594
2203	479
2204	490
2205	678
2206	753
2207	696
2208	638
2209	660
2210	675
2211	554
2212	618
2213	653
2214	547
2215	644
2216	464
2217	454
2218	592
2219	532
2220	545
2221	648
2222	625
2223	657
2224	632
2225	604
2226	543
2227	588
2228	628
2229	563
2230	505
2231	558
2232	581
2233	496
2234	486
2235	350
2236	381
2237	456
2238	446
2239	379
2240	471
2241	581
2242	662
2243	654
2244	493
2245	704
2246	614
2247	503
2248	602
2249	547
2250	602
2251	525
2252	513
2253	561
2254	527
2255	426
2256	483
2257	533
2258	636
2259	606
2260	699
2261	596
2262	556
2263	727
2264	674
2265	762
2266	773
2267	871
2268	650
2269	541
2270	480
2271	817
2272	675
2273	868
2274	629
2275	914
2276	600
2277	620
2278	738
2279	713
2280	854
2281	803
2282	761
2283	878
2284	732
2285	753
2286	702
2287	785
2288	674
2289	737
2290	762
2291	923
2292	849
2293	827
2294	926
2295	826
2296	756
2297	754
2298	901
2299	696
2300	736
2301	675
2302	601
2303	683
2304	727
2305	717
2306	608
2307	731
2308	730
2309	872
2310	786
2311	675
2312	780
2313	607
2314	866
2315	721
2316	890
2317	676
2318	753
2319	608
2320	743
2321	721
2322	680
2323	785
2324	773
2325	744
2326	898
2327	705
2328	786
2329	744
2330	741
2331	893
2332	768
2333	695
2334	707
2335	671
2336	705
2337	779
2338	815
2339	832
2340	807
2341	834
2342	779
2343	713
2344	633
2345	824
2346	938
2347	798
2348	844
2349	666
2350	778
2351	712
2352	586
2353	679
2354	724
2355	1010
2356	854
2357	932
2358	920
2359	615
2360	803
2361	713
2362	890
2363	738
2364	661
2365	730
2366	799
2367	592
2368	661
2369	546
2370	799
2371	473
2372	476
2373	582
2374	584
2375	681
2376	430
2377	666
2378	647
2379	618
2380	712
2381	557
2382	706
2383	698
2384	557
2385	523
2386	566
2387	555
2388	528
2389	665
2390	617
2391	640
2392	650
2393	696
2394	511
2395	628
2396	757
2397	749
2398	533
2399	607
2400	499
2401	570
2402	603
2403	598
2404	744
2405	461
2406	551
2407	801
2408	751
2409	742
2410	674
2411	602
2412	491
2413	502
2414	561
2415	620
2416	671
2417	585
2418	689
2419	564
2420	470
2421	548
2422	727
2423	570
2424	601
2425	468
2426	633
2427	619
2428	637
2429	714
2430	529
2431	643
2432	728
2433	522
2434	619
2435	525
2436	497
2437	618
2438	745
2439	389
2440	589
2441	595
2442	629
2443	689
2444	397
2445	528
2446	515
2447	645
2448	644
2449	573
2450	687
2451	678
2452	673
2453	691
2454	695
2455	533
2456	545
2457	766
2458	635
2459	649
2460	473
2461	625
2462	725
2463	610
2464	574
2465	579
2466	594
2467	481
2468	635
2469	482
2470	666
2471	709
2472	561
2473	638
2474	653
2475	611
2476	737
2477	743
2478	513
2479	565
2480	590
2481	692
2482	770
2483	741
2484	631
2485	646
2486	641
2487	652
2488	615
2489	544
2490	648
2491	754
2492	645
2493	516
2494	758
2495	434
2496	638
2497	690
2498	770
2499	587
2500	701
2501	756
2502	648
2503	439
2504	493
2505	452
2506	581
2507	563
2508	563
2509	562
2510	625
2511	502
2512	595
2513	754
2514	672
2515	742
2516	679
2517	715
2518	699
2519	534
2520	663
2521	645
2522	631
2523	617
2524	568
2525	502
2526	571
2527	540
2528	611
2529	644
2530	719
2531	661
2532	721
2533	596
2534	623
2535	668
2536	567
2537	746
2538	601
2539	514
2540	630
2541	636
2542	635
2543	697
2544	714
2545	664
2546	653
2547	544
2548	645
2549	621
2550	568
2551	547
2552	814
2553	731
2554	599
2555	587
2556	554
2557	567
2558	587
2559	615
2560	524
2561	628
2562	632
2563	642
2564	572
2565	602
2566	759
2567	559
2568	600
2569	537
2570	513
2571	660
2572	655
2573	537
2574	522
2575	640
2576	687
2577	700
2578	627
2579	801
2580	703
2581	651
2582	625
2583	657
2584	618
2585	710
2586	571
2587	700
2588	694
2589	612
2590	417
2591	635
2592	503
2593	606
2594	545
2595	791
2596	548
2597	716
2598	669
2599	764
2600	718
2601	663
2602	752
2603	529
2604	635
2605	753
2606	657
2607	631
2608	808
2609	629
2610	508
2611	615
2612	545
2613	600
2614	645
2615	664
2616	562
2617	737
2618	552
2619	659
2620	729
2621	688
2622	528
2623	524
2624	552
2625	750
2626	751
2627	425
2628	620
2629	619
2630	617
2631	366
2632	520
2633	354
2634	421
2635	601
2636	609
2637	634
2638	554
2639	669
2640	754
2641	737
2642	528
2643	598
2644	521
2645	597
2646	537
2647	679
2648	511
2649	633
2650	508
2651	508
2652	540
2653	594
2654	494
2655	638
2656	701
2657	562
2658	695
2659	707
2660	741
2661	619
2662	611
2663	674
2664	687
2665	604
2666	617
2667	624
2668	574
2669	671
2670	660
2671	676
2672	711
2673	596
2674	513
2675	537
2676	601
2677	376
2678	634
2679	755
2680	683
2681	496
2682	706
2683	872
2684	707
2685	638
2686	719
2687	744
2688	544
2689	673
2690	553
2691	646
2692	730
2693	614
2694	384
2695	603
2696	571
2697	529
2698	710
2699	644
2700	524
2701	631
2702	619
2703	788
2704	573
2705	538
2706	539
2707	652
2708	650
2709	645
2710	594
2711	578
2712	773
2713	576
2714	543
2715	636
2716	477
2717	662
2718	552
2719	538
2720	671
2721	633
2722	672
2723	606
2724	596
2725	610
2726	621
2727	585
2728	794
2729	743
2730	583
2731	573
2732	531
2733	571
2734	495
2735	581
2736	574
2737	538
2738	577
2739	631
2740	609
2741	705
2742	557
2743	548
2744	669
2745	617
2746	646
2747	825
2748	626
2749	678
2750	589
2751	679
2752	684
2753	656
2754	743
2755	679
2756	583
2757	732
2758	729
2759	586
2760	629
2761	743
2762	645
2763	664
2764	540
2765	607
2766	342
2767	657
2768	671
2769	523
2770	556
2771	670
2772	627
2773	586
2774	707
2775	643
2776	776
2777	752
2778	462
2779	639
2780	703
2781	574
2782	723
2783	773
2784	667
2785	705
2786	644
2787	519
2788	735
2789	602
2790	631
2791	709
2792	565
2793	658
2794	575
2795	645
2796	638
2797	626
2798	620
2799	717
2800	660
2801	497
2802	662
2803	484
2804	755
2805	616
2806	779
2807	563
2808	487
2809	508
2810	665
2811	445
2812	680
2813	635
2814	721
2815	472
2816	619
2817	786
2818	719
2819	595
2820	655
2821	683
2822	593
2823	630
2824	650
2825	503
2826	514
2827	501
2828	604
2829	648
2830	570
2831	521
2832	516
2833	646
2834	635
2835	602
2836	673
2837	523
2838	486
2839	757
2840	672
2841	593
2842	427
2843	545
2844	626
2845	410
2846	562
2847	543
2848	546
2849	649
2850	623
2851	526
2852	679
2853	548
2854	603
2855	698
2856	691
2857	618
2858	557
2859	425
2860	545
2861	614
2862	732
2863	719
2864	483
2865	696
2866	524
2867	603
2868	635
2869	594
2870	626
2871	689
2872	538
2873	623
2874	764
2875	638
2876	529
2877	647
2878	811
2879	665
2880	581
2881	641
2882	697
2883	576
2884	589
2885	687
2886	742
2887	628
2888	751
2889	627
2890	556
2891	593
2892	745
2893	692
2894	659
2895	522
2896	775
2897	550
2898	633
2899	693
2900	508
2901	527
2902	466
2903	595
2904	684
2905	627
2906	662
2907	537
2908	565
2909	563
2910	732
2911	512
2912	488
2913	683
2914	498
2915	595
2916	577
2917	541
2918	768
2919	677
2920	550
2921	470
2922	654
2923	750
2924	640
2925	582
2926	616
2927	663
2928	627
2929	768
2930	555
2931	442
2932	415
2933	596
2934	532
2935	649
2936	566
2937	584
2938	556
2939	719
2940	640
2941	577
2942	664
2943	616
2944	561
2945	556
2946	464
2947	564
2948	556
2949	653
2950	600
2951	651
2952	735
2953	544
2954	612
2955	560
2956	479
2957	665
2958	527
2959	676
2960	636
2961	730
2962	534
2963	545
2964	668
2965	552
2966	482
2967	495
2968	640
2969	380
2970	583
2971	637
2972	656
2973	391
2974	568
2975	609
2976	787
2977	657
2978	694
2979	839
2980	562
2981	495
2982	594
2983	524
2984	663
2985	595
2986	616
2987	670
2988	539
2989	644
2990	687
2991	607
2992	513
2993	531
2994	590
2995	705
2996	687
2997	607
2998	759
2999	593
3000	651
3001	579
3002	544
3003	746
3004	348
3005	618
3006	686
3007	759
3008	447
3009	655
3010	769
3011	629
3012	666
3013	723
3014	518
3015	778
3016	692
3017	635
3018	675
3019	667
3020	661
3021	599
3022	503
3023	464
3024	637
3025	708
3026	540
3027	664
3028	621
3029	694
3030	762
3031	711
3032	485
3033	551
3034	641
3035	656
3036	554
3037	627
3038	557
3039	693
3040	567
3041	674
3042	433
3043	746
3044	701
3045	754
3046	505
3047	699
3048	581
3049	659
3050	634
3051	623
3052	574
3053	753
3054	674
3055	638
3056	486
3057	625
3058	682
3059	778
3060	629
3061	624
3062	665
3063	626
3064	542
3065	663
3066	638
3067	671
3068	565
3069	652
3070	700
3071	748
3072	708
3073	528
3074	711
3075	489
3076	590
3077	673
3078	808
3079	714
3080	554
3081	818
3082	772
3083	620
3084	501
3085	601
3086	756
3087	631
3088	537
3089	587
3090	570
3091	558
3092	540
3093	703
3094	672
3095	550
3096	464
3097	628
3098	536
3099	684
3100	547
3101	519
3102	629
3103	710
3104	496
3105	609
3106	668
3107	660
3108	642
3109	644
3110	481
3111	852
3112	642
3113	573
3114	626
3115	595
3116	586
3117	462
3118	633
3119	580
3120	588
3121	629
3122	649
3123	564
3124	707
3125	655
3126	671
3127	491
3128	727
3129	513
3130	644
3131	487
3132	699
3133	409
3134	697
3135	682
3136	632
3137	636
3138	587
3139	584
3140	636
3141	747
3142	650
3143	509
3144	531
3145	586
3146	646
3147	622
3148	695
3149	622
3150	591
3151	723
3152	548
3153	629
3154	804
3155	758
3156	660
3157	558
3158	588
3159	633
3160	559
3161	699
3162	610
3163	693
3164	760
3165	719
3166	762
3167	367
3168	474
3169	534
3170	660
3171	684
3172	628
3173	611
3174	548
3175	708
3176	698
3177	591
3178	635
3179	682
3180	736
3181	598
3182	683
3183	601
3184	535
3185	657
3186	653
3187	554
3188	613
3189	651
3190	482
3191	523
3192	701
3193	548
3194	562
3195	591
3196	706
3197	647
3198	677
3199	701
3200	633
3201	591
3202	646
3203	531
3204	635
3205	615
3206	649
3207	543
3208	630
3209	663
3210	539
3211	479
3212	542
3213	737
3214	644
3215	658
3216	639
3217	791
3218	691
3219	804
3220	685
3221	646
3222	625
3223	649
3224	567
3225	781
3226	635
3227	745
3228	720
3229	648
3230	603
3231	663
3232	567
3233	616
3234	633
3235	558
3236	544
3237	490
3238	703
3239	672
3240	660
3241	677
3242	667
3243	694
3244	647
3245	531
3246	614
3247	671
3248	622
3249	612
3250	645
3251	654
3252	524
3253	670
3254	483
3255	773
3256	720
3257	502
3258	688
3259	755
3260	548
3261	605
3262	739
3263	784
3264	555
3265	529
3266	703
3267	796
3268	530
3269	684
3270	716
3271	471
3272	686
3273	695
3274	716
3275	666
3276	643
3277	695
3278	536
3279	725
3280	482
3281	608
3282	605
3283	758
3284	741
3285	639
3286	655
3287	525
3288	523
3289	566
3290	688
3291	734
3292	780
3293	556
3294	806
3295	592
3296	531
3297	685
3298	684
3299	589
3300	633
3301	762
3302	709
3303	556
3304	692
3305	618
3306	674
3307	582
3308	511
3309	677
3310	490
3311	576
3312	518
3313	608
3314	440
3315	701
3316	699
3317	719
3318	648
3319	469
3320	638
3321	735
3322	673
3323	682
3324	696
3325	617
3326	586
3327	667
3328	552
3329	544
3330	679
3331	777
3332	503
3333	704
3334	522
3335	602
3336	583
3337	589
3338	576
3339	628
3340	508
3341	655
3342	493
3343	375
3344	614
3345	621
3346	536
3347	491
3348	535
3349	632
3350	680
3351	660
3352	675
3353	782
3354	568
3355	660
3356	598
3357	574
3358	686
3359	675
3360	688
3361	548
3362	660
3363	527
3364	489
3365	492
3366	683
3367	394
3368	539
3369	520
3370	692
3371	642
3372	693
3373	608
3374	440
3375	454
3376	677
3377	522
3378	652
3379	513
3380	611
3381	713
3382	556
3383	766
3384	536
3385	569
3386	624
3387	506
3388	835
3389	602
3390	655
3391	664
3392	686
3393	699
3394	614
3395	598
3396	382
3397	537
3398	547
3399	824
3400	558
3401	473
3402	622
3403	718
3404	499
3405	616
3406	578
3407	564
3408	527
3409	566
3410	491
3411	645
3412	418
3413	477
3414	751
3415	727
3416	767
3417	554
3418	796
3419	720
3420	653
3421	641
3422	640
3423	482
3424	673
3425	692
3426	737
3427	696
3428	552
3429	703
3430	706
3431	742
3432	741
3433	522
3434	535
3435	755
3436	666
3437	717
3438	542
3439	643
3440	629
3441	660
3442	577
3443	755
3444	674
3445	731
3446	495
3447	625
3448	649
3449	528
3450	481
3451	499
3452	552
3453	704
3454	692
3455	565
3456	717
3457	562
3458	615
3459	504
3460	665
3461	525
3462	569
3463	632
3464	553
3465	600
3466	603
3467	769
3468	584
3469	816
3470	587
3471	581
3472	711
3473	444
3474	586
3475	494
3476	680
3477	529
3478	679
3479	572
3480	715
3481	559
3482	523
3483	628
3484	629
3485	499
3486	693
3487	609
3488	707
3489	636
3490	534
3491	680
3492	438
3493	629
3494	676
3495	681
3496	689
3497	603
3498	544
3499	723
3500	632
3501	778
3502	757
3503	593
3504	568
3505	495
3506	672
3507	768
3508	503
3509	701
3510	644
3511	658
3512	576
3513	651
3514	523
3515	573
3516	593
3517	749
3518	643
3519	592
3520	599
3521	627
3522	476
3523	611
3524	633
3525	574
3526	603
3527	502
3528	558
3529	507
3530	611
3531	478
3532	715
3533	664
3534	784
3535	596
3536	514
3537	643
3538	607
3539	532
3540	529
3541	686
3542	745
3543	576
3544	507
3545	677
3546	583
3547	530
3548	763
3549	641
3550	536
3551	585
3552	643
3553	672
3554	528
3555	598
3556	628
3557	772
3558	729
3559	474
3560	521
3561	634
3562	568
3563	611
3564	497
3565	519
3566	542
3567	610
3568	552
3569	705
3570	644
3571	754
3572	752
3573	515
3574	638
3575	677
3576	596
3577	608
3578	648
3579	650
3580	690
3581	596
3582	525
3583	800
3584	619
3585	635
3586	535
3587	641
3588	694
3589	535
3590	643
3591	639
3592	740
3593	576
3594	601
3595	650
3596	644
3597	511
3598	661
3599	644
3600	692
3601	632
3602	385
3603	457
3604	675
3605	623
3606	508
3607	632
3608	724
3609	348
3610	594
3611	579
3612	580
3613	617
3614	545
3615	676
3616	640
3617	811
3618	464
3619	479
3620	660
3621	650
3622	536
3623	663
3624	638
3625	501
3626	649
3627	575
3628	633
3629	552
3630	532
3631	518
3632	519
3633	658
3634	485
3635	684
3636	513
3637	643
3638	608
3639	648
3640	640
3641	661
3642	675
3643	571
3644	685
3645	684
3646	768
3647	626
3648	510
3649	625
3650	411
3651	740
3652	618
3653	761
3654	768
3655	538
3656	482
3657	733
3658	765
3659	825
3660	679
3661	433
3662	612
3663	708
3664	648
3665	778
3666	449
3667	527
3668	636
3669	451
3670	464
3671	637
3672	331
3673	592
3674	669
3675	547
3676	727
3677	577
3678	801
3679	573
3680	666
3681	669
3682	561
3683	525
3684	540
3685	627
3686	582
3687	613
3688	482
3689	700
3690	433
3691	622
3692	586
3693	643
3694	727
3695	716
3696	615
3697	637
3698	657
3699	640
3700	736
3701	685
3702	646
3703	656
3704	636
3705	660
3706	669
3707	739
3708	636
3709	742
3710	594
3711	676
3712	758
3713	499
3714	702
3715	563
3716	447
3717	611
3718	714
3719	580
3720	469
3721	640
3722	618
3723	770
3724	496
3725	447
3726	604
3727	503
3728	766
3729	522
3730	535
3731	584
3732	492
3733	647
3734	351
3735	637
3736	439
3737	581
3738	434
3739	580
3740	683
3741	539
3742	569
3743	747
3744	718
3745	784
3746	572
3747	593
3748	713
3749	601
3750	629
3751	769
3752	659
3753	646
3754	437
3755	520
3756	553
3757	419
3758	610
3759	656
3760	587
3761	573
3762	569
3763	676
3764	484
3765	556
3766	762
3767	649
3768	604
3769	589
3770	751
3771	509
3772	631
3773	648
3774	704
3775	597
3776	493
3777	588
3778	613
3779	550
3780	523
3781	567
3782	460
3783	753
3784	661
3785	698
3786	494
3787	339
3788	504
3789	699
3790	789
3791	519
3792	464
3793	625
3794	432
3795	730
3796	663
3797	569
3798	584
3799	584
3800	560
3801	582
3802	399
3803	666
3804	587
3805	592
3806	674
3807	541
3808	799
3809	551
3810	654
3811	673
3812	594
3813	693
3814	725
3815	778
3816	516
3817	548
3818	588
3819	525
3820	604
3821	673
3822	704
3823	667
3824	561
3825	543
3826	664
3827	484
3828	807
3829	728
3830	678
3831	744
3832	564
3833	657
3834	629
3835	626
3836	776
3837	646
3838	621
3839	431
3840	668
3841	697
3842	681
3843	700
3844	555
3845	695
3846	577
3847	631
3848	610
3849	590
3850	598
3851	704
3852	779
3853	619
3854	754
3855	755
3856	488
3857	649
3858	556
3859	661
3860	614
3861	635
3862	508
3863	501
3864	557
3865	381
3866	601
3867	694
3868	573
3869	597
3870	759
3871	571
3872	691
3873	530
3874	509
3875	668
3876	575
3877	602
3878	675
3879	751
3880	732
3881	568
3882	649
3883	574
3884	570
3885	536
3886	742
3887	478
3888	496
3889	578
3890	582
3891	545
3892	465
3893	488
3894	526
3895	623
3896	628
3897	663
3898	607
3899	594
3900	523
3901	672
3902	633
3903	547
3904	643
3905	707
3906	504
3907	645
3908	581
3909	587
3910	713
3911	579
3912	563
3913	665
3914	569
3915	597
3916	543
3917	508
3918	629
3919	466
3920	571
3921	679
3922	521
3923	519
3924	608
3925	714
3926	561
3927	488
3928	725
3929	577
3930	537
3931	720
3932	501
3933	643
3934	716
3935	500
3936	649
3937	544
3938	668
3939	621
3940	588
3941	638
3942	486
3943	592
3944	599
3945	453
3946	528
3947	573
3948	631
3949	741
3950	558
3951	621
3952	697
3953	556
3954	659
3955	600
3956	777
3957	571
3958	705
3959	727
3960	705
3961	661
3962	640
3963	558
3964	583
3965	490
3966	671
3967	478
3968	624
3969	500
3970	746
3971	514
3972	642
3973	597
3974	539
3975	585
3976	521
3977	693
3978	552
3979	716
3980	610
3981	717
3982	505
3983	613
3984	357
3985	553
3986	477
3987	654
3988	635
3989	703
3990	656
3991	757
3992	786
3993	667
3994	681
3995	649
3996	548
3997	671
3998	433
3999	626
4000	678
4001	567
4002	655
4003	608
4004	495
4005	737
4006	631
4007	662
4008	440
4009	419
4010	715
4011	660
4012	621
4013	568
4014	640
4015	694
4016	490
4017	518
4018	568
4019	505
4020	603
4021	529
4022	685
4023	626
4024	628
4025	653
4026	670
4027	617
4028	573
4029	702
4030	647
4031	520
4032	503
4033	554
4034	510
4035	530
4036	515
4037	554
4038	561
4039	618
4040	604
4041	488
4042	561
4043	468
4044	472
4045	577
4046	590
4047	709
4048	569
4049	539
4050	614
4051	742
4052	507
4053	528
4054	503
4055	615
4056	552
4057	566
4058	601
4059	730
4060	589
4061	699
4062	628
4063	633
4064	568
4065	676
4066	654
4067	539
4068	679
4069	565
4070	496
4071	512
4072	501
4073	591
4074	640
4075	607
4076	614
4077	716
4078	669
4079	635
4080	641
4081	662
4082	656
4083	817
4084	818
4085	724
4086	553
4087	485
4088	609
4089	708
4090	641
4091	609
4092	531
4093	480
4094	498
4095	568
4096	600
4097	585
4098	609
4099	591
4100	578
4101	726
4102	708
4103	531
4104	676
4105	604
4106	463
4107	571
4108	530
4109	517
4110	573
4111	695
4112	587
4113	692
4114	754
4115	753
4116	578
4117	682
4118	603
4119	681
4120	587
4121	704
4122	625
4123	712
4124	705
4125	495
4126	625
4127	459
4128	731
4129	649
4130	517
4131	645
4132	614
4133	581
4134	488
4135	599
4136	716
4137	490
4138	495
4139	610
4140	627
4141	592
4142	845
4143	669
4144	728
4145	738
4146	644
4147	705
4148	757
4149	655
4150	698
4151	669
4152	735
4153	694
4154	726
4155	733
4156	721
4157	654
4158	718
4159	590
4160	667
4161	534
4162	583
4163	660
4164	672
4165	675
4166	524
4167	765
4168	744
4169	750
4170	613
4171	564
4172	652
4173	513
4174	678
4175	636
4176	675
4177	498
4178	505
4179	540
4180	663
4181	578
4182	715
4183	697
4184	774
4185	613
4186	593
4187	734
4188	649
4189	728
4190	435
4191	589
4192	596
4193	628
4194	674
4195	625
4196	730
4197	523
4198	483
4199	654
4200	557
4201	524
4202	599
4203	704
4204	742
4205	535
4206	532
4207	664
4208	585
4209	593
4210	691
4211	694
4212	671
4213	625
4214	652
4215	543
4216	667
4217	694
4218	474
4219	597
4220	706
4221	569
4222	709
4223	616
4224	680
4225	638
4226	477
4227	689
4228	507
4229	489
4230	607
4231	592
4232	574
4233	595
4234	658
4235	505
4236	591
4237	618
4238	450
4239	639
4240	719
4241	613
4242	665
4243	523
4244	720
4245	750
4246	453
4247	600
4248	555
4249	636
4250	591
4251	726
4252	499
4253	423
4254	647
4255	604
4256	619
4257	642
4258	409
4259	468
4260	458
4261	626
4262	749
4263	602
4264	579
4265	584
4266	515
4267	729
4268	713
4269	619
4270	712
4271	694
4272	567
4273	606
4274	734
4275	505
4276	718
4277	633
4278	574
4279	575
4280	440
4281	631
4282	627
4283	706
4284	682
4285	553
4286	596
4287	811
4288	672
4289	595
4290	617
4291	514
4292	769
4293	661
4294	693
4295	618
4296	658
4297	650
4298	523
4299	589
4300	508
4301	531
4302	615
4303	729
4304	570
4305	623
4306	608
4307	584
4308	453
4309	695
4310	584
4311	630
4312	648
4313	557
4314	737
4315	654
4316	674
4317	700
4318	514
4319	645
4320	747
4321	618
4322	616
4323	655
4324	767
4325	750
4326	771
4327	512
4328	604
4329	736
4330	794
4331	610
4332	741
4333	795
4334	617
4335	747
4336	739
4337	712
4338	655
4339	559
4340	609
4341	501
4342	598
4343	656
4344	716
4345	730
4346	593
4347	662
4348	569
4349	740
4350	651
4351	558
4352	608
4353	616
4354	654
4355	687
4356	571
4357	562
4358	760
4359	465
4360	610
4361	515
4362	605
4363	623
4364	483
4365	530
4366	539
4367	688
4368	717
4369	818
4370	699
4371	788
4372	802
4373	460
4374	466
4375	585
4376	685
4377	490
4378	615
4379	446
4380	565
4381	784
4382	568
4383	657
4384	420
4385	558
4386	588
4387	539
4388	449
4389	593
4390	534
4391	678
4392	575
4393	622
4394	586
4395	521
4396	476
4397	594
4398	582
4399	542
4400	644
4401	662
4402	763
4403	726
4404	584
4405	630
4406	578
4407	489
4408	570
4409	625
4410	664
4411	513
4412	576
4413	469
4414	463
4415	709
4416	560
4417	672
4418	638
4419	537
4420	577
4421	670
4422	678
4423	659
4424	708
4425	702
4426	757
4427	557
4428	615
4429	546
4430	627
4431	506
4432	640
4433	594
4434	554
4435	713
4436	727
4437	691
4438	694
4439	777
4440	613
4441	539
4442	664
4443	625
4444	805
4445	639
4446	607
4447	613
4448	477
4449	678
4450	465
4451	571
4452	715
4453	653
4454	614
4455	577
4456	644
4457	661
4458	554
4459	385
4460	590
4461	543
4462	840
4463	777
4464	675
4465	713
4466	732
4467	526
4468	586
4469	603
4470	698
4471	689
4472	671
4473	574
4474	628
4475	611
4476	689
4477	640
4478	525
4479	732
4480	717
4481	471
4482	647
4483	605
4484	708
4485	655
4486	646
4487	639
4488	458
4489	612
4490	607
4491	514
4492	523
4493	476
4494	498
4495	497
4496	655
4497	738
4498	575
4499	553
4500	570
4501	606
4502	554
4503	682
4504	710
4505	609
4506	733
4507	658
4508	572
4509	556
4510	641
4511	636
4512	672
4513	616
4514	581
4515	577
4516	632
4517	625
4518	591
4519	685
4520	659
4521	742
4522	586
4523	691
4524	672
4525	690
4526	666
4527	704
4528	432
4529	511
4530	702
4531	639
4532	630
4533	522
4534	588
4535	710
4536	715
4537	551
4538	685
4539	643
4540	612
4541	488
4542	523
4543	443
4544	504
4545	431
4546	378
4547	491
4548	688
4549	404
4550	394
4551	376
4552	487
4553	528
4554	582
4555	467
4556	305
4557	490
4558	459
4559	457
4560	530
4561	333
4562	552
4563	439
4564	431
4565	541
4566	330
4567	524
4568	509
4569	367
4570	377
4571	465
4572	531
4573	403
4574	408
4575	481
4576	383
4577	254
4578	404
4579	306
4580	520
4581	432
4582	522
4583	436
4584	323
4585	540
4586	449
4587	591
4588	379
4589	395
4590	441
4591	501
4592	391
4593	447
4594	332
4595	477
4596	476
4597	488
4598	439
4599	454
4600	356
4601	280
4602	300
4603	427
4604	389
4605	397
4606	327
4607	275
4608	337
4609	336
4610	334
4611	349
4612	223
4613	190
4614	203
4615	142
4616	204
4617	244
4618	274
4619	198
4620	101
4621	184
4622	254
4623	159
4624	210
4625	175
4626	251
4627	334
4628	156
4629	264
4630	139
4631	97
4632	136
4633	75
4634	56
4635	43
4636	90
4637	0
4638	3
4639	0
