1	90 90 1316 202287 2451173
2	78 168 250 1053126 1833877
3	78 160 2644 413124 725484
4	0 90 222816 417984 518846
5	0 604 221760 433934 1884682
6	0 538 72698 401232 1846255
7	70 2878 344588 386440 1826954
8	0 327866 439878 1441007 1818102
9	0 350052 517948 1851466 2808162
10	42 366412 418218 1258816 2670775
11	112 386522 427226 1704988 2693202
12	908 386584 452256 1711430 2776045
13	412 320610 448922 1048772 1804876
14	444 199896 386976 1513874 1615320
15	444 386782 491156 1579493 2560192
16	444 322460 476944 1752079 2721152
17	518 358048 394400 1671169 2434086
18	444 329924 386782 1667682 2616653
19	592 324058 367758 1708352 2806603
20	518 307996 408370 1628490 2721877
21	518 280490 302774 1596562 2675405
22	518 274344 322328 1650476 2717547
23	518 348050 386716 1538614 2438753
24	518 282338 412994 1395725 2414329
25	444 298338 352710 1353292 2466130
26	518 313024 432738 1338924 2401253
27	444 352284 389598 1352310 2124397
28	518 355018 451100 1250086 1990290
29	444 258312 367946 1278688 2030882
30	444 354014 495020 1372433 2080106
31	444 300866 394144 1392709 2036260
32	444 358440 386910 1362831 2063305
33	518 362652 451232 1388346 2169196
34	518 322592 386084 1555092 2376877
35	518 322262 381814 1415290 2358800
36	518 316852 386980 1522792 2384441
37	444 322460 435492 1392072 2316545
38	518 316854 386650 1496514 2403098
39	444 322786 424418 1428070 2328327
40	518 317264 451170 1481014 2382057
41	444 323662 420082 1498472 2370393
42	592 312756 374550 1476745 2354766
43	518 368594 387678 1546472 2353984
44	518 322328 378304 1431048 2342981
45	518 334266 387112 1452196 2407433
46	518 368610 411106 1511170 2328038
47	518 366220 456294 1468932 2335040
48	518 322494 427542 1537541 2312669
49	518 347134 411676 1542672 2399922
50	444 367150 386716 1501946 2306284
51	518 327194 375010 1499419 2350190
52	518 316568 371196 1576410 2411179
53	444 373502 433624 1412167 2351680
54	518 329512 432746 1519612 2321199
55	518 332316 451364 1475582 2372715
56	518 331376 373220 1502498 2364732
57	518 369582 411358 1462811 2283445
58	560 364508 387042 1490524 2299632
59	518 321314 390744 1516124 2345681
60	444 322790 372940 1401568 2333510
61	518 362074 386844 1469282 2344965
62	518 354674 394520 1551322 2267090
63	518 363460 387690 1487596 2345162
64	444 364508 394334 1489540 2282038
65	592 378896 395226 1510262 2369723
66	444 349776 410576 1543225 2320119
67	444 318888 451170 1584393 2244304
68	518 386008 426348 1526412 2351106
69	444 322988 434026 1555915 2319024
70	518 326352 409120 1547266 2392080
71	518 372776 421196 1468566 2297821
72	592 322460 368562 1491108 2311844
73	444 366786 390536 1426306 2342879
74	518 365202 386824 1498689 2375922
75	444 315304 390314 1488028 2334681
76	518 360218 438708 1559796 2379579
77	518 366620 387236 1525976 2320663
78	518 367428 386650 1469762 2388213
79	444 386098 427542 1509100 2393102
80	518 322724 402782 1551238 2319936
81	518 367742 386914 1536159 2359920
82	518 368138 386778 1537392 2383584
83	518 360548 410986 1549163 2302772
84	518 372062 413984 1523398 2339129
85	444 368064 386584 1527276 2370378
86	518 372806 405470 1523388 2400176
87	518 355418 374834 1547228 2350731
88	592 376372 387228 1531656 2341586
89	444 371994 387872 1576430 2326336
90	518 363222 390370 1538800 2314268
91	444 360482 387178 1502395 2383400
92	518 386910 427572 1551622 2346887
93	518 319240 409298 1568664 2410043
94	518 364236 439198 1543472 2347267
95	444 341912 383834 1538400 2365326
96	518 353760 386692 1530116 2348619
97	444 353552 388100 1537384 2367626
98	518 365378 463776 1490016 2353077
99	518 312500 451038 1452503 2340561
100	518 317384 387484 1486292 2330572
101	444 318128 387552 1497142 2358480
102	592 370340 415920 1447480 2285311
103	444 328332 436136 1423131 2282150
104	444 362476 381666 1498588 2384608
105	486 363572 386716 1477828 2319100
106	444 365906 389342 1496094 2346275
107	518 367874 412444 1515358 2315600
108	444 358680 401328 1548828 2355060
109	444 365242 383548 1569843 2367804
110	518 322658 380942 1526069 2323273
111	444 368168 429858 1543440 2398848
112	444 369400 386778 1496444 2318023
113	518 370098 388256 1562888 2338846
114	444 322328 382202 1484890 2351769
115	518 327350 393760 1457778 2295228
116	444 329726 402782 1514924 2391410
117	518 308928 421834 1443328 2294640
118	444 307520 330494 1550055 2378724
119	518 258468 366618 1446820 2361277
120	518 299270 390610 1485068 2298633
121	444 367850 440740 1424658 2291420
122	518 305716 388348 1455646 2314554
123	518 345794 392348 1388909 2327494
124	444 376244 451298 1374828 2333332
125	518 322526 358890 1403190 2189957
126	518 385142 426950 1499836 2062001
127	444 361596 386650 1502636 2038310
128	518 324248 375842 1549615 2090049
129	370 352726 437540 1434034 2278013
130	518 348068 415966 1516098 2359338
131	518 362982 451496 1467674 2360449
132	444 344576 424394 1529517 2337551
133	518 318936 384226 1502370 2352221
134	518 354338 438064 1489392 2375947
135	518 329698 388840 1445004 2307695
136	444 353368 385386 1465996 2385587
137	444 371728 397212 1490552 2361271
138	592 360362 401436 1564828 2391724
139	444 321474 373548 1517782 2360278
140	518 362572 391804 1489517 2376715
141	518 367472 398108 1468568 2387893
142	444 365208 443090 1507458 2288166
143	444 349724 377444 1584970 2400502
144	518 371472 402716 1522754 2388900
145	518 363420 382724 1526314 2411554
146	444 373214 389912 1575203 2377064
147	444 369694 395000 1570140 2398352
148	518 322328 434970 1563211 2273154
149	444 369306 388402 1505832 2352324
150	592 370470 394396 1485676 2385689
151	560 322328 378766 1488452 2376150
152	518 368344 483426 1534742 2293701
153	444 369950 392236 1570939 2361405
154	444 367470 387674 1576456 2331595
155	444 367134 457380 1518256 2306745
156	444 370272 388498 1516974 2392354
157	518 364732 379064 1531528 2357343
158	518 377840 435620 1512914 2335949
159	444 321580 386650 1504465 2278458
160	444 365852 384348 1540608 2299846
161	518 372800 387356 1564953 2358040
162	592 366012 387592 1526810 2303545
163	444 328158 374234 1509601 2309263
164	592 372974 386778 1482662 2380481
165	518 321080 420394 1490816 2287445
166	444 322790 406288 1449290 2336116
167	518 328010 408332 1523553 2349013
168	444 345698 386650 1445076 2269910
169	518 356044 395614 1553910 2370210
170	444 367026 377830 1512724 2295804
171	518 364596 397640 1518384 2341154
172	518 371928 393884 1521746 2340369
173	518 367828 394648 1520071 2304091
174	518 368112 387050 1560876 2331110
175	518 371912 387522 1535410 2325122
176	444 374222 389020 1546265 2272986
177	592 363914 397534 1496090 2314762
178	592 365606 387306 1498406 2290210
179	444 322328 377650 1521785 2337993
180	444 364236 386650 1535398 2319675
181	444 368328 386976 1529500 2356726
182	518 328324 387558 1538772 2296944
183	444 364270 432676 1473080 2279438
184	518 340442 386778 1435310 2332685
185	518 362322 387166 1523226 2342707
186	518 365422 387144 1520708 2339978
187	444 361454 386716 1480478 2336134
188	444 338290 368996 1473558 2318967
189	444 295570 432870 1510671 2311578
190	518 322394 399060 1502794 2327192
191	444 347428 415466 1539116 2378320
192	518 322394 389148 1519131 2332200
193	518 368664 411102 1435061 2367162
194	518 360088 386650 1517282 2314960
195	370 371900 387290 1452790 2317006
196	592 362982 387232 1540069 2369910
197	592 333686 388124 1500208 2282099
198	486 371004 390746 1429571 2281725
199	444 314084 381320 1492236 2356858
200	518 369574 387042 1496082 2272355
201	518 369188 386650 1481262 2276289
202	444 319606 387042 1482042 2347603
203	518 354014 428270 1514033 2327857
204	444 368016 390820 1475343 2301538
205	592 350232 373758 1493606 2303783
206	518 356308 435298 1516643 2371349
207	518 335864 386650 1478043 2301949
208	444 329858 386976 1456683 2278931
209	518 322394 375324 1499114 2299035
210	444 316120 386980 1442707 2342179
211	518 322720 476902 1498886 2323373
212	518 330386 381286 1438450 2312819
213	518 319636 451632 1481078 2321079
214	518 322592 384110 1491798 2367719
215	518 321122 387570 1500442 2350687
216	444 322460 412254 1417634 2279391
217	444 322724 412226 1438588 2310928
218	444 302278 387046 1412056 2298769
219	444 322592 409566 1560632 2369241
220	518 352176 387240 1454926 2347791
221	444 346292 386650 1439366 2372729
222	518 313702 403108 1463248 2346302
223	444 350860 419452 1399152 2301010
224	518 314010 374680 1447568 2403632
225	518 366914 396444 1490500 2271682
226	518 364154 386844 1463300 2363606
227	444 319086 365466 1525462 2345258
228	444 354750 411052 1514250 2375568
229	518 322394 403104 1494842 2340530
230	518 355678 440052 1523788 2262263
231	444 360416 397340 1486472 2388776
232	444 296888 402824 1504327 2255421
233	518 367948 390314 1526035 2338296
234	444 353236 412526 1527499 2405218
235	518 337374 370124 1499959 2288211
236	518 337580 386910 1504133 2283646
237	444 370736 407566 1452730 2285046
238	518 322394 368692 1503584 2289525
239	518 356516 393628 1407730 2289816
240	444 367564 387624 1441007 2333864
241	592 322112 377370 1483684 2309068
242	444 370148 388458 1451464 2325164
243	444 370680 436582 1497775 2356678
244	486 329850 386782 1499306 2307123
245	444 350376 413790 1481138 2374908
246	444 371360 433522 1508470 2305742
247	518 322526 407068 1481673 2377020
248	518 322592 374144 1498492 2336021
249	518 366582 388340 1505614 2323991
250	518 337638 385722 1516503 2377925
251	444 350014 411362 1490600 2366835
252	444 373454 386584 1530852 2307661
253	518 332572 389148 1496226 2353656
254	518 370862 387558 1446625 2273811
255	518 341598 451166 1481530 2385521
256	518 316778 397566 1503982 2335245
257	518 371870 498216 1584209 2393972
258	444 336458 386650 1552836 2352817
259	592 322592 367066 1452266 2290147
260	444 366876 450724 1563762 2428806
261	518 327960 421138 1519840 2373141
262	444 312554 386844 1429011 2331189
263	518 366708 390182 1513558 2334967
264	444 370986 408864 1564451 2343648
265	518 314012 382790 1545523 2340394
266	444 322592 377950 1540247 2357913
267	518 327582 387306 1514934 2355274
268	518 371768 434450 1519488 2334187
269	444 348272 386716 1509160 2342126
270	444 332704 361064 1479246 2351791
271	518 387174 422570 1450828 2340589
272	518 336854 414694 1450001 2272176
273	444 344576 386782 1477173 2255280
274	444 292310 442696 1517253 2017996
275	518 346202 386952 1463720 2293602
276	444 302190 354336 1541365 2296664
277	518 322460 384742 1532720 2368298
278	370 328072 372570 1447684 2404257
279	518 361248 386650 1479938 2302551
280	518 368680 386650 1347561 2298145
281	444 355276 374300 1389938 2321656
282	518 369572 386980 1462255 2198257
283	592 339024 420304 1546117 2037458
284	444 322592 450764 1472248 1993957
285	518 303498 387240 1521847 2221877
286	518 370830 419938 1556570 2373263
287	444 322460 428130 1539565 2380030
288	444 364598 425600 1495328 2263997
289	518 340632 388132 1492634 2318942
290	518 350788 387996 1514318 2352560
291	560 328344 371792 1553864 2406878
292	518 346148 386778 1498293 2363563
293	444 322196 421136 1500885 2328377
294	518 312474 376050 1561316 2323868
295	518 323464 439800 1526732 2347354
296	444 362126 386692 1418522 2339884
297	518 364590 400756 1362411 2325402
298	444 322790 376598 1429868 2325677
299	444 365608 396246 1489864 2293187
300	444 373444 443552 1515876 2039470
301	518 325528 381330 1553984 2033110
302	518 372812 434070 1556481 2205566
303	518 322460 440620 1485393 2286930
304	518 367252 406278 1554949 2369779
305	444 368126 427102 1583295 2342606
306	444 322592 436382 1599171 2377249
307	592 368802 423296 1510036 2323373
308	518 368040 433506 1567594 2430611
309	444 322526 367092 1481355 2374870
310	518 363610 434864 1492250 2292008
311	518 354938 426024 1563686 2309416
312	444 313628 393548 1510842 2327978
313	518 372052 423274 1545205 2357227
314	518 347348 451166 1549562 2346767
315	444 322394 375652 1476591 2315681
316	518 352826 498930 1546106 2370219
317	592 335130 386956 1502478 2323306
318	444 368212 386778 1481308 2321615
319	444 322790 397216 1466013 2338675
320	592 365144 386914 1496618 2351414
321	444 368174 446742 1528657 2326773
322	444 354396 386980 1498052 2359654
323	444 379626 439586 1529190 2380372
324	444 350316 398364 1533000 2327423
325	592 364180 388410 1575555 2341189
326	444 364680 383838 1493498 2304727
327	592 377634 387930 1542339 2288146
328	444 368542 394200 1553775 2395356
329	518 350252 374190 1566621 2383373
330	486 374754 430302 1534980 2331371
331	518 364638 415526 1559312 2350386
332	518 327078 440064 1551703 2335714
333	518 331838 387112 1532100 2350925
334	518 355356 386844 1438662 2339485
335	444 317224 386650 1481108 2322053
336	518 327078 387550 1521660 2368829
337	518 319298 437858 1448902 2395101
338	518 339024 375832 1495198 2342761
339	444 348272 386692 1486648 2358210
340	518 322526 390402 1512123 2366222
341	444 363122 387310 1497167 2374694
342	444 368360 411936 1529837 2266668
343	444 375134 415532 1543437 2372803
344	518 343126 444738 1526758 2395299
345	518 324008 387228 1524937 2334610
346	518 387740 451694 1526401 2370400
347	518 354146 387298 1546460 2340814
348	518 365630 386584 1489117 2250702
349	444 368132 411390 1501658 2383721
350	518 386524 396452 1549588 2294002
351	518 367538 387080 1598716 2326868
352	518 349336 400346 1537013 2308074
353	518 367066 386650 1556418 2326110
354	518 376446 407708 1546719 2390987
355	444 369372 426614 1589746 2295902
356	518 319350 398366 1556904 2323980
357	518 375248 412284 1578329 2305758
358	518 370064 432672 1518592 2406400
359	518 366884 426738 1575367 2305965
360	444 367000 446978 1573266 2356809
361	518 365896 398666 1561978 2312062
362	444 373606 407770 1573678 2384723
363	518 355418 397406 1532570 2342756
364	518 364178 381504 1532891 2312094
365	444 364234 392352 1522293 2370483
366	444 367412 451100 1556780 2337118
367	518 370118 422556 1536766 2344487
368	444 357854 387112 1512381 2355343
369	560 355164 386844 1529389 2293679
370	444 365334 438622 1468341 2307877
371	518 331160 385060 1505038 2305181
372	444 366106 429196 1525457 2305043
373	444 369438 386650 1515517 2410078
374	518 370412 387740 1542101 2271952
375	518 358692 451170 1484437 2377598
376	444 369942 451364 1529974 2307561
377	518 322262 441226 1565688 2336653
378	518 322592 430624 1568771 2373292
379	444 374334 405152 1552451 2370637
380	592 333782 386716 1560403 2336355
381	444 357240 387868 1468624 2347421
382	518 362088 388764 1520409 2332303
383	518 375754 390854 1504030 2387623
384	518 322460 394152 1503844 2338139
385	444 364430 386712 1467860 2382861
386	518 317108 386650 1424426 2287681
387	518 364940 428288 1497398 2387505
388	592 321402 405002 1545218 2328827
389	592 353850 418876 1558594 2369256
390	370 345624 386848 1546393 2333092
391	518 372766 413022 1510925 2358074
392	518 338840 386660 1521558 2380356
393	518 372364 387996 1548247 2315258
394	444 349188 439594 1562008 2365422
395	518 369986 426930 1499966 2357069
396	518 322460 389024 1539120 2345426
397	518 369384 386910 1500324 2385622
398	518 367188 386650 1531585 2321970
399	518 340820 368232 1541439 2376492
400	518 368632 388710 1492502 2345151
401	370 372028 420730 1546078 2374185
402	518 356712 447330 1561703 2337441
403	444 322436 371010 1480776 2337060
404	444 359792 386844 1475404 2400706
405	518 367754 451104 1483388 2342896
406	518 322592 414910 1432290 2340130
407	518 334536 383008 1486490 2281348
408	560 354476 386976 1481648 2292490
409	444 322460 380538 1524480 2407427
410	518 337878 414098 1586040 2380623
411	518 324926 446116 1512002 2373395
412	444 305582 382174 1410544 2323770
413	592 351076 390618 1479342 2399839
414	444 329826 391840 1448528 2391591
415	518 313962 382170 1494328 2289489
416	444 322658 394908 1460132 2336620
417	592 351976 397662 1407927 2281181
418	444 336186 371672 1521608 2390117
419	592 348070 391262 1486665 2323273
420	518 348074 386976 1468235 2382336
421	444 352092 397864 1495629 2321722
422	518 358700 432164 1553125 2334675
423	518 338976 424346 1503358 2386622
424	444 335516 394868 1517203 2398858
425	444 322526 394372 1557973 2367517
426	592 350398 386848 1533832 2296854
427	444 322604 386910 1420858 2361397
428	518 339230 470692 1480503 2370153
429	444 330950 387112 1502024 2305700
430	518 369290 386844 1479680 2367354
431	444 343710 450154 1547866 2277872
432	518 338452 386914 1481202 2368405
433	370 298844 386778 1446078 2277830
434	518 322724 436194 1482172 2368387
435	518 359580 386848 1422461 2310472
436	518 372624 390106 1517843 2361158
437	518 338834 402720 1565002 2366926
438	444 353300 386976 1482456 2310711
439	444 355936 387464 1486649 2349576
440	518 299834 395198 1472160 2344736
441	592 373612 451430 1591137 2381792
442	444 350434 386716 1535042 2416858
443	444 287990 421862 1490316 2314920
444	518 353492 386848 1482614 2315048
445	518 365848 394140 1496698 2353584
446	444 319570 395936 1488502 2324993
447	634 312888 424722 1420513 2304873
448	444 327746 386778 1444054 2325619
449	518 367766 443190 1517158 2336080
450	518 322328 370750 1440150 2330690
451	444 364446 418142 1447416 2311720
452	518 366114 473672 1571801 2357946
453	444 343842 390044 1566432 2328444
454	592 368308 394404 1474852 2339272
455	518 361216 386712 1495374 2368248
456	444 369122 386650 1457627 2328013
457	518 350190 426424 1521030 2366926
458	518 300718 367082 1562989 2362344
459	518 322328 374870 1509908 2337586
460	518 331012 386712 1539358 2339796
461	518 367818 387038 1478717 2369538
462	444 367704 390436 1522435 2420298
463	518 306670 386910 1464048 2340018
464	518 342456 385814 1416278 2302631
465	518 351266 438956 1517339 2381788
466	518 363188 386844 1472529 2221804
467	444 371164 386758 1514254 1972186
468	444 322592 387584 1410065 2322569
469	444 371766 438264 1487578 2286078
470	518 325016 386844 1552487 2342407
471	518 368796 390110 1534724 2373264
472	444 322790 376028 1472756 2307801
473	444 325090 387042 1505032 2334902
474	518 367970 442886 1431196 2298713
475	518 332762 373932 1500392 2289834
476	444 304832 392476 1477098 2341525
477	518 344832 385302 1428862 2322057
478	518 354344 387418 1514051 2319230
479	518 335460 443516 1494713 2307746
480	444 314656 451100 1488344 2324997
481	518 322526 374408 1457846 2319068
482	518 336128 500816 1488684 2324221
483	518 341334 400442 1474897 2310274
484	444 344728 386778 1505678 2345591
485	444 341804 443274 1509982 2278601
486	560 371676 405214 1487298 2328300
487	518 302884 355290 1482677 2350654
488	518 371790 387290 1505586 2352175
489	444 324764 421124 1466245 2337319
490	518 348792 386716 1522289 2325271
491	444 318162 367144 1503652 2382160
492	518 373980 419156 1535038 2249963
493	518 366524 411552 1534285 2312784
494	518 373860 386956 1478904 2304448
495	518 347876 397084 1441698 2320536
496	444 363452 386976 1496611 2315921
497	518 330056 387550 1522679 2303893
498	444 322724 431844 1455576 2291922
499	518 361884 386716 1433245 2327553
500	518 329528 411320 1534600 2337490
501	518 341136 386848 1450416 2362973
502	518 322328 413360 1489284 2351354
503	444 322448 385560 1513412 2399899
504	444 359624 429554 1451954 2189106
505	518 363800 386716 1499087 2390641
506	370 356430 402524 1558421 2319148
507	518 371694 409982 1567862 2355773
508	518 366474 433668 1546878 2322567
509	518 374416 439088 1532037 2311047
510	444 322634 374746 1542094 2390723
511	518 372036 440598 1529595 2272221
512	444 368530 400292 1539273 2316450
513	444 322658 423508 1551733 2336008
514	518 365464 425232 1541313 2311446
515	444 342514 451294 1556732 2281715
516	444 323996 443474 1527670 2347989
517	444 352070 388128 1454178 2301629
518	518 319040 386650 1535292 2323544
519	518 368610 425518 1450039 2313843
520	592 322988 499112 1474518 2364006
521	444 341672 451302 1484780 2346263
522	518 339224 373388 1488936 2386561
523	518 352138 387996 1517811 2368648
524	592 350390 388256 1535023 2340251
525	518 345426 386584 1510290 2380530
526	486 338900 379638 1501596 2331211
527	444 374428 437098 1490848 2419308
528	444 332820 372384 1555456 2345407
529	444 371786 451166 1523346 2359124
530	518 322724 411164 1523334 2322214
531	444 330490 386626 1445394 2347231
532	518 342770 373206 1461242 2285720
533	518 375858 451430 1498938 2322021
534	592 302732 444514 1553932 2326550
535	444 330714 386856 1453240 2344417
536	518 368834 387674 1496934 2319741
537	444 366804 398314 1533564 2408162
538	592 320548 374854 1488366 2319771
539	518 369458 391984 1526386 2351536
540	444 373118 432474 1443548 2353392
541	444 308672 386650 1508240 2328946
542	518 369650 399516 1464240 2321536
543	518 328266 378458 1452016 2343494
544	444 364152 386848 1496452 2386213
545	518 342918 386712 1540922 2412200
546	444 329140 386716 1507994 2367548
547	518 326014 411808 1490058 2329280
548	518 349064 395936 1522742 2358158
549	444 361372 392736 1500714 2379344
550	518 322328 387418 1502703 2397982
551	592 369516 387046 1540799 2348879
552	518 372552 391066 1503794 2348334
553	518 371768 390366 1536303 2319814
554	444 367690 379156 1514164 2321871
555	444 322526 375764 1561107 2327280
556	518 366328 451166 1498794 2335708
557	592 369798 430496 1548888 2251016
558	444 370268 413154 1522602 2378448
559	444 381870 389532 1551998 2395676
560	518 386782 425066 1563205 2338442
561	444 334232 451100 1576259 2314245
562	666 365418 422778 1541933 2338527
563	444 315584 394274 1577401 2319945
564	444 373216 417168 1547404 2411365
565	560 374226 447082 1562923 2317549
566	518 369086 396090 1558486 2325228
567	444 345880 402920 1523226 2374574
568	518 368610 417168 1550860 2335481
569	444 369336 389148 1537523 2294121
570	444 376784 391580 1532695 2302764
571	518 346264 386778 1542240 2301785
572	518 342654 450018 1465888 2347198
573	518 356126 386848 1495349 2260605
574	518 323976 379406 1502917 2335811
575	444 342200 386910 1475249 2345887
576	444 339890 388520 1519322 2299749
577	518 346820 395552 1498932 2350360
578	444 366864 426338 1537853 2349299
579	518 368856 390438 1496379 2329938
580	444 373012 387996 1545697 2326826
581	444 338958 388764 1472808 2336822
582	518 302374 390684 1491328 2427473
583	444 335930 439014 1525076 2278737
584	444 367660 388566 1481771 2308618
585	518 314330 386976 1506652 2362021
586	518 372608 445508 1509329 2363464
587	444 319180 384226 1498822 2356131
588	592 346008 386650 1487842 2347250
589	518 372948 408654 1442770 2311596
590	444 348990 392092 1566512 2386412
591	592 351368 394718 1494875 2327937
592	518 368992 451364 1499246 2382845
593	444 347810 372896 1496346 2296711
594	518 366696 394206 1528572 2393203
595	518 267224 373832 1428358 2265032
596	518 364212 391910 1489474 2413472
597	444 320482 369414 1476501 2337335
598	560 368662 410420 1497752 2361621
599	518 367928 383644 1470773 2386575
600	518 361068 392402 1510195 2338040
601	444 382046 441794 1518564 2344730
602	518 359832 438786 1550532 2304813
603	518 356786 387356 1527781 2350566
604	444 351770 387740 1501959 2282310
605	518 320030 387660 1508017 2317457
606	444 347480 397406 1474288 2347710
607	444 322652 370984 1508804 2344991
608	518 369162 394808 1494989 2323867
609	444 322394 488100 1545682 2381942
610	518 341078 389338 1419578 2309516
611	592 345182 371886 1527608 2414795
612	518 365218 386980 1507836 2300804
613	444 355550 398752 1447242 2342443
614	444 369506 387174 1484134 2338614
615	518 353280 376454 1551764 2350395
616	444 322328 370624 1544438 2305471
617	518 371040 386914 1512804 2317855
618	518 327818 418750 1469160 2337820
619	518 322724 404070 1442592 2374802
620	518 316548 450724 1499230 2343928
621	518 318044 387046 1436210 2363424
622	518 322956 451364 1446290 2339198
623	518 367170 451430 1470048 2388562
624	444 286158 423432 1427978 2325522
625	592 296454 387112 1429026 2358674
626	444 324892 451100 1472084 2310048
627	592 322328 440294 1450558 2312927
628	444 303010 372188 1500186 2431993
629	444 360954 426394 1484588 2352632
630	560 298306 392378 1492482 2364078
631	518 303532 424272 1444800 2329394
632	444 296868 408314 1468780 2361430
633	518 367860 390742 1466820 2365650
634	518 322592 389280 1476248 2373902
635	518 361320 439638 1452940 2344937
636	444 298574 388256 1463994 2380533
637	592 328142 372782 1491296 2335040
638	444 322526 438452 1475402 2347361
639	444 319378 386650 1445558 2356268
640	518 369464 421930 1448462 2404524
641	444 312758 422828 1560344 2357726
642	518 334236 386782 1368608 2311165
643	444 323182 414818 1476146 2326046
644	444 322394 376342 1499452 2366005
645	518 362178 451080 1476060 2324119
646	444 294424 387484 1412428 2351253
647	518 369130 386782 1465280 2315781
648	518 311056 438628 1501932 2390878
649	444 311040 503092 1510806 2378868
650	592 302456 386914 1471404 2323078
651	518 354194 386778 1455328 2347442
652	444 338456 386716 1465946 2350301
653	518 322658 398248 1466058 2334533
654	518 370436 386844 1473932 2354971
655	518 370288 406192 1489256 2319216
656	518 314994 351812 1455356 2329616
657	518 322460 432416 1498750 2381021
658	518 349666 386712 1416110 2307679
659	518 370366 386650 1490974 2335459
660	518 329066 397386 1485552 2307961
661	518 310358 386844 1440192 2367328
662	444 352444 453218 1466646 2348146
663	560 322918 422122 1500794 2300003
664	592 314482 386980 1486051 2344659
665	518 359844 392294 1496374 2311813
666	370 365078 407650 1519628 2300422
667	444 322592 372038 1398066 2326162
668	518 363198 389148 1494006 2394571
669	518 321850 370118 1490762 2294901
670	444 301290 356734 1420860 2326148
671	518 317854 367704 1501002 2382580
672	444 303134 330268 1478444 2336962
673	444 299878 322328 1458530 2383892
674	518 295786 375462 1433394 2337658
675	444 302536 324930 1372065 2314068
676	592 317418 370832 1373389 2375120
677	518 321548 373742 1361491 2185334
678	444 297174 324442 1327292 2071299
679	518 300166 350682 1332768 2043930
680	518 305556 355826 1322805 2027637
681	518 301138 388838 1321136 2013553
682	444 317696 348652 1317346 2071627
683	518 367006 390650 1297838 2055630
684	592 367646 409266 1233274 2091245
685	518 321798 398178 1347684 2086402
686	518 322790 370880 1377266 2011766
687	444 322394 384156 1436069 2049562
688	518 367078 386712 1417001 2065088
689	444 370984 414598 1457911 2055886
690	444 316046 394862 1451914 2363993
691	518 302168 386754 1438232 2307690
692	444 319406 424410 1419366 2321073
693	518 313272 417196 1483188 2341008
694	444 355986 424114 1431516 2315657
695	518 326294 422578 1511285 2323523
696	560 341210 392220 1473768 2391365
697	444 367638 402696 1478975 2309167
698	518 302540 372658 1482450 2341219
699	518 371854 442452 1462274 2400931
700	444 351408 382890 1457461 2220360
701	444 322460 377930 1502132 2311265
702	518 313666 451166 1573232 2383745
703	518 322328 386610 1395398 2340337
704	444 322724 440754 1428098 2269181
705	518 292632 387108 1485856 2392002
706	518 353544 407452 1491664 2293939
707	518 322658 367718 1462852 2347232
708	444 366068 391262 1522136 2362250
709	444 361078 386778 1466095 2349150
710	592 322658 425894 1498796 2320166
711	444 322326 408802 1492626 2362539
712	518 369150 394806 1461406 2384363
713	518 363632 379754 1525110 2332673
714	518 369192 388446 1548250 2315791
715	444 358568 411230 1486682 2317758
716	592 322460 370112 1515286 2295683
717	444 345558 391068 1496874 2350276
718	518 363802 392030 1500942 2346743
719	592 359162 386778 1551119 2340495
720	444 317916 375614 1498522 2336819
721	518 322328 370658 1529298 2311826
722	518 303080 433958 1484581 2372374
723	518 309628 322262 1539412 2360946
724	518 311774 374956 1397416 2291706
725	518 304324 406750 1418210 2299582
726	518 307146 322328 1385822 2278066
727	518 369160 454688 1382026 2283781
728	444 322196 390502 1352340 2225862
729	486 368924 386712 1341654 2076891
730	518 349814 386782 1342186 2070619
731	518 322724 388706 1349080 2042990
732	592 376768 451364 1435140 2120222
733	518 367054 502242 1456724 1997818
734	444 386914 442110 1453190 2211282
735	444 419916 451364 1408350 2374563
736	444 354468 451232 1533471 2308685
737	518 436662 515566 1640711 2379091
738	444 387442 437164 1689683 2312736
739	592 377400 451364 1642610 2351347
740	444 423120 451294 1682005 2471220
741	592 387232 451104 1673862 2724830
742	444 387306 443536 1719180 2691633
743	444 374570 437090 1733656 2760896
744	518 435520 455654 1754912 2698880
745	518 416478 451232 1725235 2729365
746	444 387178 451038 1739802 2727654
747	518 362462 425514 1727354 2667247
748	444 381500 442174 1700286 2747621
749	518 369046 473942 1748448 2736291
750	518 365762 456042 1672334 2714794
751	518 387442 439266 1685194 2689411
752	592 380444 515950 1689428 2634530
753	518 365518 450720 1686906 2713599
754	444 374632 450146 1679006 2623101
755	518 390842 451496 1706633 2542185
756	518 365784 492912 1733362 2697257
757	518 356854 386778 1619810 2650635
758	518 322658 414528 1686106 2610920
759	518 377180 473718 1768797 2704482
760	518 393144 451100 1767076 2784549
761	518 373886 403242 1597021 2417562
762	486 372998 398682 1648855 2791322
763	592 372944 452004 1645902 2679222
764	518 386650 497968 1594250 2405878
765	444 353552 442576 1548971 2410645
766	518 303082 420246 1532385 2461423
767	518 371338 443952 1627089 2384812
768	444 370588 435680 1675566 2691452
769	518 376286 449524 1568015 2316653
770	444 354684 428320 1599120 2404108
771	444 373956 451422 1607503 2788194
772	518 387042 450146 1603267 2524904
773	518 368052 451232 1520022 2344843
774	518 439936 486736 1532754 2428696
775	444 328860 439698 1599993 2431664
776	518 346820 436818 1706427 2538441
777	444 380670 451166 1648801 2408922
778	444 386782 494608 1684262 2406414
779	518 370778 457702 1722416 2775008
780	444 384250 508128 1756142 2734197
781	592 366390 454110 1688656 2764653
782	518 369630 451232 1782946 2736756
783	518 444602 494164 1634376 2602905
784	518 386202 495646 1722132 2364107
785	444 365554 420690 1651012 2716193
786	518 376414 438242 1621714 2617462
787	370 367610 428066 1678945 2658387
788	518 341070 386736 1775576 2671663
789	444 371618 465340 1591995 2512488
790	444 387372 487402 1695340 2608219
791	518 341034 426558 1724602 2748166
792	518 386976 442568 1573625 2770600
793	518 372428 451038 1606425 2565902
794	444 366316 450406 1702284 2725736
795	486 422542 451934 1680808 2380233
796	518 387046 424276 1464380 2370471
797	444 368728 457822 1618972 2646487
798	518 351894 433430 1600767 2696474
799	518 355248 451364 1684154 2735890
800	444 387042 502762 1621040 2413958
801	592 423394 451632 1501413 2354479
802	518 386976 454394 1640498 2588458
803	444 438876 451826 1716757 2751293
804	518 406022 474188 1825960 2792066
805	518 371192 464552 1735921 2399139
806	444 396972 515884 1729336 2608822
807	518 327218 434222 1770470 2765394
808	444 397088 451232 1761884 2735333
809	518 365592 441064 1657810 2615086
810	444 353866 399158 1681668 2767859
811	444 386844 449080 1763930 2769195
812	592 420772 451038 1674072 2750102
813	518 335732 420792 1496356 2402087
814	518 301658 342808 1585990 2740435
815	444 378954 456550 1699184 2746585
816	518 314408 386650 1682324 2649569
817	518 322394 370030 1445038 2333703
818	444 369120 387042 1361284 2625891
819	518 350582 398310 1475552 2670896
820	518 338972 386844 1580646 2708992
821	444 322658 451554 1472324 2025688
822	444 336862 386716 1360446 2229085
823	592 347766 422304 1467756 2398497
824	370 325400 388034 1460060 2353763
825	518 320152 441954 1522014 2368668
826	518 350412 399004 1431546 2367797
827	560 328736 386336 1505744 2315775
828	444 367402 446364 1508079 2407368
829	518 308408 426594 1487340 2346110
830	518 317950 386980 1491126 2335256
831	444 352596 439546 1486542 2396225
832	444 291580 443750 1455130 2357345
833	518 324334 387178 1489718 2389400
834	518 361372 386910 1437354 2296914
835	518 322460 428496 1451418 2388483
836	592 315222 387612 1505150 2319202
837	444 364234 398818 1474194 2383828
838	518 322460 371350 1481496 2366628
839	518 356158 386980 1467610 2377851
840	518 364022 413214 1538998 2413466
841	444 357610 420706 1441046 2336642
842	518 322988 419490 1494752 2323722
843	444 297766 406304 1509072 2399725
844	518 367780 386778 1475560 2354558
845	518 316988 390268 1502222 2342074
846	592 325040 451694 1450254 2369935
847	444 355458 386778 1464008 2358404
848	518 322460 421102 1493003 2330212
849	518 290138 363742 1483864 2345824
850	518 373946 397732 1485384 2378310
851	518 350172 386712 1452659 2327059
852	518 322526 365792 1523934 2288982
853	370 368456 387046 1440865 2328857
854	518 314274 386844 1496838 2369020
855	592 367008 419244 1474104 2329970
856	518 322724 421246 1497398 2322832
857	444 298780 451430 1432324 2352228
858	444 325824 444452 1412764 2362573
859	518 322592 369254 1510148 2357682
860	486 370150 425570 1461067 2325467
861	592 349430 427202 1530976 2382614
862	444 303120 386662 1444288 2338458
863	518 340218 387508 1499660 2362454
864	518 365532 392028 1524562 2427465
865	444 369744 386786 1490632 2284573
866	518 372966 386976 1423124 2354643
867	518 322988 405210 1479704 2340669
868	518 354174 386980 1482146 2313814
869	518 305256 387484 1497006 2420650
870	518 363734 394268 1486858 2331732
871	518 351210 386848 1495708 2369851
872	518 345586 386650 1473102 2314089
873	444 308664 411044 1460018 2355230
874	444 362718 386848 1519432 2328349
875	518 316824 386886 1426410 2401018
876	518 322394 455176 1507454 2265337
877	518 331566 386848 1419434 2392792
878	444 370624 386778 1473032 2318816
879	518 356596 449708 1480734 2330165
880	518 332366 387178 1521252 2361712
881	444 374414 438348 1510682 2358506
882	518 322394 374610 1464708 2334205
883	518 368888 395296 1457632 2300464
884	444 361660 451166 1558037 2370343
885	444 329462 386270 1528071 2380661
886	518 366898 386980 1558314 2347796
887	444 370902 399648 1416595 2332148
888	518 322394 400668 1560882 2433672
889	444 322856 371206 1495956 2362394
890	592 305034 386914 1494034 2331557
891	518 322790 500990 1432840 2391393
892	518 315626 387174 1550770 2347688
893	444 370746 422370 1437740 2320725
894	518 322394 370448 1497726 2407846
895	518 368336 386778 1548752 2348493
896	518 315074 395036 1425730 2349698
897	518 322526 402716 1469500 2327846
898	518 355418 387174 1476122 2361808
899	518 364774 386584 1450922 2408253
900	444 353280 385192 1491324 2371525
901	518 346490 386778 1508541 2373279
902	444 365210 513044 1558822 2325566
903	560 322394 370946 1406019 2273401
904	518 322912 386712 1501778 2360828
905	444 384368 423842 1473728 2338883
906	592 369334 399842 1488496 2414805
907	444 368366 404764 1538383 2310868
908	518 355418 386778 1494530 2385116
909	518 367512 421620 1526336 2349308
910	518 312890 375114 1484318 2388878
911	444 318600 444418 1555815 2405464
912	444 371416 426434 1408114 2267659
913	444 332424 385890 1497728 2420114
914	444 320156 387174 1483778 2322818
915	444 366580 388124 1529460 2409368
916	444 322262 388702 1505363 2290219
917	518 370174 390746 1487638 2329770
918	518 341664 386824 1501960 2363357
919	444 357314 381000 1498524 2405901
920	518 372002 391398 1517619 2371108
921	444 375274 428708 1570325 2320194
922	518 353754 386650 1550720 2402372
923	444 349254 396188 1559200 2325335
924	592 363510 423546 1486054 2361417
925	444 371016 451232 1483930 2406670
926	518 301690 386910 1489602 2374404
927	444 322658 382408 1528778 2357094
928	518 377468 412188 1462852 2374934
929	518 349876 423138 1508636 2343710
930	518 308730 426678 1454180 2352966
931	518 318648 388124 1518826 2348017
932	444 304458 389792 1474698 2374287
933	518 308400 386844 1502472 2381790
934	444 359458 386650 1501258 2361178
935	518 331170 414372 1468539 2401402
936	444 350780 438952 1448706 2310921
937	518 362400 387174 1510710 2377600
938	518 365150 386584 1445702 2172322
939	518 319042 387356 1494919 2075115
940	518 322394 422190 1500772 2404568
941	518 317550 386716 1459250 2318686
942	370 370400 432932 1517596 2372449
943	518 322724 398624 1507618 2398326
944	370 338266 386848 1468524 2320060
945	592 368624 388256 1487420 2414816
946	560 286760 391040 1534749 2321898
947	518 373516 451826 1470926 2377659
948	444 333216 386716 1509950 2430121
949	518 378474 427582 1459895 2261052
950	518 315270 365936 1466788 2364361
951	518 365040 473082 1474444 2365305
952	444 303194 386844 1440516 2332835
953	518 297840 386650 1567418 2364299
954	444 322394 369866 1480794 2335584
955	518 322922 387356 1507530 2392668
956	444 365410 388314 1491848 2381761
957	592 367064 389470 1491492 2395994
958	518 368248 389532 1545364 2345804
959	518 370536 394718 1538450 2416655
960	518 355268 386716 1502295 2291266
961	518 339024 386910 1526037 2287549
962	592 270186 399672 1457125 2353164
963	518 365488 429196 1397626 2293405
964	518 296528 386584 1554071 2313907
965	444 369146 386716 1404922 2286924
966	518 367742 392088 1507412 2318297
967	592 351762 393372 1504814 2327977
968	444 365634 395036 1508415 2361884
969	444 315426 374230 1484372 2297803
970	518 369656 387868 1504186 2355125
971	592 345624 386072 1526306 2279524
972	444 366584 407514 1474154 2369954
973	444 304928 371298 1528298 2313498
974	592 359558 386204 1527671 2260614
975	518 362522 416892 1486230 2295562
976	444 350686 385768 1486412 2276193
977	444 374072 429860 1523619 2289418
978	518 351326 451166 1548397 2346557
979	444 367494 391518 1537642 2315185
980	518 369054 385254 1547853 2297045
981	444 341070 402522 1545468 2347826
982	518 354332 386844 1451537 2344258
983	518 326304 388190 1497422 2300971
984	444 367898 429088 1447866 2281602
985	592 316944 378790 1505646 2314246
986	444 373084 411044 1421192 2307945
987	518 302468 371606 1478612 2312737
988	518 369498 386782 1427112 2370960
989	486 349196 439652 1490508 2311285
990	518 328414 386844 1497570 2305952
991	444 368946 396444 1449125 2306108
992	518 311568 439440 1474907 2349151
993	444 356316 451496 1494044 2300272
994	518 317536 387162 1540149 2362495
995	518 370600 386976 1522605 2330156
996	444 367582 453280 1529615 2389710
997	518 354308 394780 1493785 2327361
998	444 358230 386844 1558087 2354411
999	518 367742 380908 1483760 2369302
1000	518 317416 451430 1527020 2362505
1001	518 367474 445356 1542839 2307281
1002	518 366412 386976 1557421 2393278
1003	444 366174 396448 1495248 2283524
1004	444 324092 372404 1506028 2319219
1005	444 366732 391522 1497828 2403954
1006	518 346680 381496 1519508 2387947
1007	592 334340 386716 1539028 2247857
1008	518 372970 422026 1447841 2356331
1009	444 322526 452450 1575994 2339414
1010	518 344224 386844 1463967 2346223
1011	518 355226 369772 1511487 2322636
1012	444 365946 386848 1522405 2352996
1013	518 351064 386844 1544373 2365140
1014	444 345996 438498 1582324 2328909
1015	592 370086 386980 1541370 2349859
1016	444 350920 386778 1537279 2419533
1017	518 330716 400672 1498288 2331913
1018	518 305478 351310 1537170 2428951
1019	518 345162 389700 1452418 2363112
1020	518 322526 396960 1505136 2353916
1021	444 365926 420762 1493168 2359665
1022	518 313820 386848 1483728 2342661
1023	444 322394 423388 1488835 2368697
1024	518 342852 402782 1416466 2357266
1025	444 359150 386976 1490828 2264593
1026	518 341994 386650 1497856 2210770
1027	518 332020 445110 1472957 2227768
1028	592 370778 419426 1482064 2345727
1029	518 370030 451430 1519302 2293369
1030	592 332572 387162 1531327 2327517
1031	444 366528 451364 1474966 2330765
1032	486 328076 436132 1493282 2387142
1033	592 322328 399966 1444199 2364946
1034	518 366554 451298 1470383 2293618
1035	444 322460 371934 1502768 2360233
1036	444 322362 368246 1486004 2386616
1037	444 375156 431904 1520896 2336703
1038	592 311448 373324 1506322 2346055
1039	444 354144 388524 1512886 2458227
1040	518 332572 385564 1519223 2312441
1041	518 360988 371232 1484786 2351860
1042	444 326428 385696 1526260 2383557
1043	592 313398 348734 1502236 2315802
1044	518 306694 406940 1498199 2420193
1045	518 348734 426852 1468783 2246954
1046	592 331046 429580 1468969 2333340
1047	518 351310 408488 1389997 2327139
1048	444 355582 439668 1489287 2376134
1049	518 371234 442412 1453200 2199005
1050	444 351750 379594 1522264 2061635
1051	444 351564 386860 1537475 2059050
1052	518 355296 388058 1525613 2171214
1053	518 370888 436350 1562629 2268051
1054	444 366076 386584 1518411 2405482
1055	518 314808 368316 1548712 2307721
1056	444 368408 392232 1529328 2421037
1057	518 324900 414306 1475981 2395270
1058	444 364514 421012 1514406 2353035
1059	518 322720 386398 1391502 2302746
1060	518 371162 389788 1466596 2291495
1061	444 366810 410974 1543057 2356036
1062	518 322262 380208 1537024 2352577
1063	444 366842 396508 1528794 2349271
1064	518 386778 424622 1541449 2286982
1065	444 356990 451100 1524815 2324100
1066	518 319512 371334 1506222 2349383
1067	444 362320 396634 1476655 2337838
1068	518 358428 386650 1495732 2253775
1069	518 338042 439526 1534760 2388128
1070	518 319422 432870 1469952 2370045
1071	444 368606 426120 1463880 2348636
1072	444 321980 386778 1475520 2323475
1073	518 331442 407386 1496884 2317477
1074	518 352786 386848 1456318 2286413
1075	486 355546 386650 1485222 2359615
1076	518 363104 386844 1481448 2348642
1077	370 322592 372638 1489221 2389471
1078	518 370756 496320 1552086 2338063
1079	518 353478 386844 1422630 2337476
1080	592 322724 372318 1495166 2321670
1081	518 371838 391452 1521982 2391740
1082	444 322328 389458 1553273 2308236
1083	444 324212 376026 1491418 2380352
1084	518 302504 363328 1476570 2366909
1085	444 302622 361762 1501317 2334794
1086	592 371752 411424 1518496 2332185
1087	518 322658 418662 1454488 2324347
1088	444 344216 386716 1415737 2347224
1089	518 368954 387042 1372730 2354908
1090	518 325656 371740 1396654 2324041
1091	518 371368 391386 1431804 2095617
1092	370 358718 443354 1544946 2018979
1093	518 366862 427472 1558202 2059722
1094	518 396600 451100 1571972 2152100
1095	518 311330 378038 1533969 2373301
1096	592 355170 459826 1523964 2334500
1097	518 369722 386778 1521864 2296213
1098	518 340352 388124 1541261 2277458
1099	518 328476 411566 1475729 2377389
1100	444 357578 440280 1576235 2398890
1101	518 299954 386976 1570552 2337045
1102	444 315788 367950 1512893 2382826
1103	518 369406 451364 1499838 2345097
1104	518 328076 420052 1477152 2356240
1105	518 322460 378086 1392684 2326074
1106	444 374204 406428 1459655 2287259
1107	592 365556 386782 1471003 2268238
1108	518 322790 392096 1531978 2064877
1109	444 370288 451496 1450053 2186312
1110	518 350376 434542 1569301 2320708
1111	444 322658 384432 1491831 2386763
1112	444 370624 424340 1573687 2335571
1113	518 373464 451104 1488860 2367965
1114	370 351382 408530 1557103 2354839
1115	444 366286 387178 1551648 2329328
1116	592 371898 401130 1592347 2329072
1117	518 311378 413600 1550978 2371553
1118	634 342258 388312 1523368 2331347
1119	592 367274 387174 1498938 2404282
1120	444 344774 424748 1491558 2346047
1121	518 322460 414560 1489350 2332193
1122	444 369566 386778 1504774 2317818
1123	518 366950 386650 1574159 2372332
1124	518 372202 388636 1470844 2272161
1125	444 322724 394586 1492220 2339704
1126	518 375262 396708 1490250 2379702
1127	444 315122 386712 1576254 2396014
1128	518 371172 432402 1569340 2309002
1129	518 322526 412898 1550454 2365014
1130	518 354860 450972 1519864 2315429
1131	518 370958 393350 1486203 2349886
1132	518 367194 425826 1541833 2372722
1133	518 322988 382498 1565802 2368819
1134	444 371750 391270 1548891 2315413
1135	518 382460 429132 1560784 2311069
1136	444 351582 386692 1556785 2357838
1137	444 359690 392850 1540041 2324559
1138	518 348762 387438 1512995 2362722
1139	518 377708 490978 1509382 2335009
1140	518 364970 451298 1564553 2306710
1141	518 395066 450786 1503329 2407193
1142	444 422580 516012 1565876 2390428
1143	444 386782 440532 1559375 2354071
1144	518 436894 474200 1606078 2375244
1145	518 387706 451038 1848939 2360511
1146	518 425300 492460 1828135 2318723
1147	592 438848 496594 1803413 2378178
1148	518 363078 479876 1838791 2750727
1149	518 376122 480908 1793692 2775322
1150	518 363234 466470 1829494 2716841
1151	370 386976 444242 1813067 2741026
1152	518 390694 451100 1688544 2691229
1153	444 417306 450972 1634265 2714958
1154	444 417316 448098 1674559 2715176
1155	444 427110 451298 1667024 2682026
1156	518 372444 475380 1609115 2419229
1157	444 386712 432348 1787403 2457515
1158	518 386980 451170 1808498 2398319
1159	518 423296 451166 1727469 2382650
1160	518 415776 451166 1689834 2698070
1161	560 387046 473532 1641810 2747010
1162	370 451100 556292 1745384 2702879
1163	518 426238 451232 1880552 2566868
1164	518 371614 452958 1830988 2404262
1165	518 419276 451100 1644480 2435019
1166	518 389148 501756 1717591 2746220
1167	518 372450 416956 1719646 2797972
1168	518 371780 452684 1773480 2716893
1169	518 371524 444756 1751804 2715936
1170	518 383584 451232 1851380 2795181
1171	444 433412 478570 1696798 2695251
1172	518 430830 455588 1682032 2617692
1173	444 435612 484562 1670017 2800134
1174	370 412424 451232 1768282 2712837
1175	444 422754 451562 1757614 2373825
1176	518 425818 451104 1777655 2450599
1177	518 402716 451232 1809302 2445257
1178	518 427270 456438 1751144 2669119
1179	444 427092 457230 1817835 2702670
1180	444 386626 458220 1802648 2755136
1181	518 386910 509674 1814167 2646068
1182	444 374386 476634 1783098 2788220
1183	518 387108 443646 1687808 2674320
1184	444 388252 451166 1816246 2713070
1185	518 357314 386898 1775528 2728698
1186	592 376784 451038 1584555 2425228
1187	444 386650 451166 1713748 2756000
1188	518 365552 442510 1687870 2786514
1189	444 371792 451166 1582788 2390315
1190	444 380686 473606 1605128 2554596
1191	444 372726 412026 1659086 2695324
1192	444 377048 479434 1656407 2512708
1193	518 419298 451500 1577217 2391130
1194	518 387108 454110 1589701 2453735
1195	444 445556 494730 1658520 2779979
1196	518 386782 444698 1715757 2447784
1197	486 387372 473738 1804243 2415408
1198	518 384746 437216 1741595 2493944
1199	444 373666 461322 1794064 2480651
1200	518 375322 520528 1837681 2720797
1201	518 398234 468074 1607358 2618831
1202	444 401732 486098 1620027 2770643
1203	518 387570 490796 1666756 2744636
1204	444 387178 467204 1655518 2726244
1205	444 389466 515554 1602419 2374808
1206	518 422648 465950 1844933 2412344
1207	518 389382 451818 1888421 2475703
1208	444 419252 477154 1594534 2434521
1209	444 386914 492582 1692277 2813262
1210	518 387810 451298 1741409 2723201
1211	518 373344 422464 1748494 2780569
1212	518 364632 508072 1694584 2398467
1213	444 385018 510032 1746570 2647357
1214	444 365900 470582 1702654 2567127
1215	518 355290 422682 1688864 2756688
1216	444 411822 451166 1678464 2719026
1217	444 319218 451430 1747450 2729582
1218	518 370154 382328 1683848 2719927
1219	518 366488 445732 1618704 2393252
1220	444 366880 441186 1770674 2669126
1221	444 387046 456096 1679092 2781610
1222	518 394472 451208 1578667 2403866
1223	518 406616 447254 1597981 2743812
1224	444 394926 476038 1686362 2601152
1225	518 409850 451166 1721361 2458929
1226	444 365894 451628 1737753 2339823
1227	518 421052 457054 1625124 2429814
1228	592 396382 440620 1699376 2607202
1229	444 364194 451628 1732252 2590794
1230	518 403676 451232 1702096 2787436
1231	518 386976 475242 1713029 2599251
1232	444 423840 451038 1748924 2726189
1233	486 398174 428274 1719518 2762741
1234	518 419570 451364 1758987 2652412
1235	518 373814 451678 1841704 2762707
1236	518 376458 466724 1685434 2532821
1237	444 419882 451236 1707698 2702228
1238	518 380864 451166 1813470 2765383
1239	518 406748 425576 1771980 2790481
1240	518 387244 447074 1659852 2728451
1241	444 397640 457182 1755422 2774420
1242	518 370284 465890 1743644 2710507
1243	518 381866 515728 1719701 2365878
1244	518 369906 422840 1631662 2705548
1245	444 365954 451232 1699151 2739664
1246	518 355164 442424 1709853 2752175
1247	518 367026 438364 1681048 2655754
1248	444 349700 386650 1537234 2491334
1249	444 392240 452384 1583109 2576738
1250	592 366810 451496 1703054 2742350
1251	444 437096 451100 1614598 2699356
1252	444 386080 497592 1584389 2351111
1253	592 413150 451500 1612849 2456211
1254	592 379754 425700 1765445 2596607
1255	444 347562 445988 1672048 2395207
1256	518 385060 408748 1689254 2432311
1257	444 372866 417714 1657472 2610337
1258	444 376842 390860 1732253 2749366
1259	444 425294 452450 1596904 2753939
1260	518 374120 433734 1699175 2797670
1261	444 362912 387174 1602886 2543878
1262	444 374144 423224 1529522 2419746
1263	518 371766 386914 1622590 2430832
1264	518 322568 387232 1549400 2371421
1265	518 350642 386778 1656658 2639573
1266	518 373362 483838 1524228 2400578
1267	518 373346 451496 1603998 2743365
1268	518 363638 480652 1422672 2389444
1269	444 391634 451038 1550622 2482969
1270	560 387162 446172 1572849 2405665
1271	444 377370 451038 1714489 2369309
1272	518 427550 451166 1596550 2368572
1273	518 381108 419676 1621686 2380284
1274	518 337778 451166 1798048 2533014
1275	444 367690 497610 1672786 2663708
1276	444 405098 451892 1598904 2438813
1277	518 430124 451166 1718490 2704127
1278	518 344130 451038 1733454 2750934
1279	444 425672 515818 1545094 2391931
1280	518 366642 440686 1662672 2631753
1281	518 361340 427662 1711280 2671267
1282	444 407976 451166 1656375 2456653
1283	518 399414 484904 1749458 2438283
1284	592 381998 531748 1731633 2793358
1285	444 386716 444748 1732638 2673939
1286	518 387674 495006 1699306 2652879
1287	444 372930 412358 1741152 2710629
1288	518 352178 449618 1708738 2774089
1289	444 416780 451760 1787302 2392198
1290	518 371760 451298 1746933 2727683
1291	518 408010 479636 1634620 2590417
1292	518 425818 460130 1655339 2727981
1293	444 413468 451232 1656494 2788959
1294	518 387240 453214 1725250 2721453
1295	370 421854 493470 1700363 2432385
1296	518 367724 441266 1800055 2362583
1297	518 371012 413956 1824602 2608511
1298	444 405734 451166 1684725 2744062
1299	592 381404 500366 1792746 2800911
1300	518 364376 395708 1736458 2737163
1301	592 386848 444954 1623423 2695773
1302	444 382658 451166 1716681 2711514
1303	518 385650 450724 1745426 2719696
1304	444 387046 451550 1609906 2356316
1305	518 414396 515616 1644020 2591045
1306	486 387212 487320 1735776 2737253
1307	370 387212 472992 1701571 2406423
1308	518 380942 451166 1567836 2474429
1309	518 335446 446364 1697182 2557736
1310	444 353882 451488 1754016 2566941
1311	444 413076 451166 1577906 2478395
1312	518 386980 515042 1583492 2635691
1313	444 345492 499380 1787962 2771739
1314	518 379028 476084 1590196 2722574
1315	518 411962 492718 1596329 2354342
1316	444 417638 451896 1763898 2708405
1317	518 373692 451298 1844007 2407023
1318	518 399158 513700 1789673 2434099
1319	444 386264 436560 1774720 2698574
1320	444 424646 515752 1758871 2792601
1321	518 427752 499112 1748786 2754966
1322	518 418398 451100 1765326 2837613
1323	444 363214 435392 1784090 2737503
1324	518 373860 460142 1847294 2562305
1325	444 380228 451100 1872873 2686240
1326	444 427808 496598 1710508 2651269
1327	444 386976 519208 1767152 2847820
1328	518 377716 451080 1737884 2746247
1329	518 369016 462914 1616776 2795263
1330	444 412960 451430 1818350 2726896
1331	444 322262 399356 1832960 2549270
1332	444 298104 425822 1700315 2415817
1333	518 311794 399942 1773941 2567957
1334	518 322262 400990 1781312 2781203
1335	444 303594 386584 1613845 2764510
1336	444 322522 385442 1468672 2683299
1337	518 341350 386654 1337647 2693775
1338	518 321504 415208 1343282 2358037
1339	444 366878 386650 1360762 2236483
1340	518 322328 401460 1370062 1981444
1341	518 389832 423006 1359049 2002072
1342	444 371580 435554 1545913 1990744
1343	486 367812 395594 1555044 2073813
1344	444 366798 401394 1560060 2020372
1345	444 322526 411500 1543179 2386311
1346	518 373788 446258 1555435 2308782
1347	444 369186 397682 1583097 2319839
1348	444 386650 451232 1572295 2277322
1349	592 348944 374070 1540704 2347745
1350	444 371078 387042 1558293 2375779
1351	444 370964 397802 1522239 2404078
1352	444 315008 386914 1567873 2254307
1353	444 335460 375546 1477596 2363993
1354	518 365026 388762 1541296 2306900
1355	444 370244 422952 1464006 2348891
1356	444 292838 372604 1520674 2325748
1357	444 366396 408860 1521572 2311870
1358	444 355418 386976 1488077 2382951
1359	518 370524 410576 1516349 2366709
1360	592 322394 387740 1570454 2310752
1361	518 367450 442452 1471134 2279855
1362	518 365660 449894 1487088 2420464
1363	518 373040 440830 1535567 2329274
1364	444 386584 474588 1543943 2342746
1365	592 427800 451694 1565950 2114949
1366	518 443728 492230 1603621 2370402
1367	518 387240 483898 1592011 2350572
1368	444 365636 451232 1687031 2351830
1369	518 368480 497362 1671958 2402330
1370	370 367504 451232 1795913 2405953
1371	518 422238 451966 1762338 2713299
1372	518 371680 451596 1769659 2544711
1373	518 388830 451430 1700814 2702860
1374	518 368832 422258 1569509 2694434
1375	518 384984 438994 1614643 2684095
1376	518 363180 451496 1718084 2734412
1377	518 368306 495266 1656999 2362388
1378	518 370732 385952 1528186 2457832
1379	486 412956 451170 1590766 2530695
1380	518 373070 400998 1629237 2618004
1381	444 386848 450658 1815384 2742702
1382	518 367058 421682 1572425 2398277
1383	518 386420 428704 1516803 2435048
1384	518 386844 445150 1719918 2738593
1385	444 437424 451496 1668912 2617631
1386	518 370264 448168 1660925 2430917
1387	444 386782 443336 1534278 2450860
1388	518 367648 451166 1629661 2699277
1389	518 379820 442626 1667348 2686219
1390	444 351928 471270 1580659 2439724
1391	518 376462 451142 1658064 2376981
1392	518 351778 421712 1716504 2741004
1393	518 376276 451430 1758666 2829138
1394	444 382006 421634 1613674 2665088
1395	518 357710 451166 1691942 2701299
1396	518 425380 515946 1653570 2747575
1397	444 319024 444756 1637120 2347577
1398	518 412960 451104 1604406 2501209
1399	518 355342 440294 1716995 2770580
1400	444 387106 451166 1670411 2442633
1401	518 362132 404530 1660482 2712888
1402	518 322394 461290 1559988 2384398
1403	444 381932 485284 1541656 2550127
1404	518 410442 451236 1665116 2709962
1405	444 358304 452000 1511481 2393480
1406	518 427712 515880 1614170 2527704
1407	444 370892 495340 1630677 2343859
1408	444 380934 503480 1766501 2561481
1409	518 399950 515554 1715258 2401758
1410	444 365334 421534 1751397 2491280
1411	592 366606 448998 1747944 2728988
1412	518 394010 451232 1670168 2654159
1413	444 370998 433330 1711884 2736702
1414	518 401416 451364 1752716 2754993
1415	486 386716 474338 1667399 2739498
1416	518 367776 451496 1685823 2723943
1417	518 386910 452062 1708318 2737925
1418	444 387228 422708 1594077 2450657
1419	518 383294 402062 1745657 2496240
1420	444 354040 386716 1762082 2634212
1421	518 374186 500028 1528462 2497395
1422	592 419110 451236 1659118 2740542
1423	518 411164 473754 1635616 2682375
1424	518 387380 444562 1598491 2723167
1425	444 364508 451232 1586547 2354258
1426	444 369132 419202 1738794 2746259
1427	518 352430 375838 1596631 2355165
1428	518 371812 498352 1631996 2381423
1429	518 371228 438084 1730278 2779949
1430	444 417292 451430 1600011 2820524
1431	444 427002 515492 1606779 2781165
1432	592 387162 451694 1642376 2643545
1433	444 387674 451430 1811620 2396202
1434	518 436960 511858 1736124 2439912
1435	444 417562 451166 1730341 2381945
1436	592 410530 451496 1829478 2768411
1437	444 386584 487528 1849922 2763089
1438	444 376248 451166 1632541 2597625
1439	518 355352 442788 1782630 2777399
1440	444 380942 451496 1753139 2763437
1441	518 380150 451100 1711544 2368216
1442	518 386980 432714 1694904 2780802
1443	444 425166 451990 1743812 2730104
1444	518 417718 492506 1680513 2767167
1445	518 371148 450526 1705047 2774340
1446	444 373724 422784 1703768 2705818
1447	518 410774 451402 1650676 2471121
1448	444 371510 445094 1772008 2570920
1449	518 385318 451298 1847944 2751817
1450	518 362264 502952 1828284 2783997
1451	518 372560 451166 1684506 2678610
1452	486 400016 455522 1643857 2785437
1453	444 387240 450734 1720221 2765333
1454	592 367918 402920 1631592 2469609
1455	518 380038 421942 1580248 2525278
1456	518 369810 565858 1623806 2478461
1457	518 393058 451100 1778374 2723391
1458	444 322856 441906 1540277 2426804
1459	518 354486 387372 1613401 2802410
1460	518 365852 451232 1630932 2713529
1461	518 352524 442452 1728792 2705056
1462	518 322724 444310 1500528 2446509
1463	592 371590 455980 1603988 2476207
1464	444 373856 490250 1570622 2591420
1465	518 387306 431710 1678244 2804368
1466	444 365406 444986 1549856 2397099
1467	518 374496 429360 1468642 2454859
1468	518 373894 389060 1618637 2381245
1469	518 372878 388764 1693591 2585095
1470	444 347294 390618 1502224 2420865
1471	444 374514 443592 1513824 2367802
1472	518 366588 386716 1661722 2811260
1473	518 345368 440714 1600743 2756664
1474	518 371214 390456 1516376 2406936
1475	518 365910 451100 1585170 2453566
1476	444 322658 502560 1509886 2417608
1477	518 307088 451232 1492018 2454066
1478	518 384460 451678 1540178 2410176
1479	444 330708 423820 1623907 2573778
1480	518 372870 451232 1543729 2396051
1481	518 371928 423778 1676504 2455572
1482	518 366982 498326 1534400 2398312
1483	444 369670 461604 1536790 2382654
1484	518 367840 387022 1587450 2564623
1485	444 391708 455688 1801854 2781794
1486	444 372576 451038 1628466 2410997
1487	518 416252 499748 1617343 2360392
1488	518 355880 451430 1702066 2727788
1489	518 383714 441108 1695860 2742679
1490	518 369172 399348 1634250 2467870
1491	518 378294 430652 1686598 2447250
1492	444 374468 515686 1745462 2718090
1493	518 369854 433504 1496081 2437750
1494	444 378234 401052 1578461 2627918
1495	560 388954 451038 1613966 2586801
1496	444 385068 425772 1682920 2749391
1497	518 354036 429848 1625754 2415289
1498	518 384850 420080 1615790 2475559
1499	518 346434 428024 1685203 2376562
1500	592 314550 387264 1652640 2690437
1501	518 353764 428590 1571626 2415366
1502	518 357538 451166 1619973 2565544
1503	592 371920 440132 1584069 2667252
1504	518 363268 453090 1565611 2411980
1505	518 354354 451232 1533802 2422812
1506	518 344288 421976 1531676 2438724
1507	444 365972 386976 1564103 2352719
1508	518 399348 515488 1576832 2424968
1509	518 337638 448292 1595952 2403120
1510	444 373858 509338 1484086 2340382
1511	518 392352 515554 1598022 2698638
1512	518 365356 490464 1621733 2398819
1513	592 385852 438498 1627182 2695467
1514	518 370984 445136 1652820 2438374
1515	444 353316 498282 1722040 2367341
1516	518 375786 454622 1669992 2699087
1517	518 368346 426914 1603615 2438273
1518	518 353156 451938 1778962 2763184
1519	518 370550 450530 1653646 2810725
1520	518 366684 515616 1645765 2415850
1521	518 380726 442638 1752320 2663368
1522	444 416648 436342 1580460 2372100
1523	444 386782 436128 1691062 2745760
1524	444 386980 459746 1766782 2739658
1525	444 376130 433140 1743528 2430621
1526	518 367898 452070 1724026 2471184
1527	518 371854 509662 1615954 2530781
1528	518 441106 496560 1646088 2729032
1529	444 386584 487914 1642710 2605441
1530	518 407514 451694 1750982 2726645
1531	518 423798 451364 1594838 2423417
1532	444 407812 451166 1722718 2472658
1533	518 386716 498130 1784304 2768314
1534	518 437294 515818 1667391 2342357
1535	518 387290 451100 1697022 2787336
1536	444 392286 451166 1794239 2699910
1537	518 387372 447302 1808060 2816978
1538	518 436116 451694 1794714 2694758
1539	486 405262 497238 1747076 2665704
1540	444 386782 478892 1741820 2779118
1541	518 386914 422480 1746468 2808088
1542	444 426596 451208 1778848 2761017
1543	444 373294 451976 1749312 2707806
1544	518 436936 451562 1587396 2582611
1545	518 428704 451166 1719535 2711443
1546	444 402796 496928 1773446 2714814
1547	444 369240 488474 1702587 2734351
1548	444 416996 516078 1826437 2462807
1549	518 386584 502208 1870211 2791691
1550	592 386782 436614 1769943 2545527
1551	518 383648 482022 1731924 2726406
1552	444 425628 451166 1773112 2731745
1553	518 392698 454432 1789368 2754519
1554	444 412716 451294 1621377 2667226
1555	518 408530 451104 1756513 2780311
1556	518 370428 478978 1766319 2832080
1557	518 386594 451364 1688134 2536661
1558	518 386778 444624 1722261 2502512
1559	518 354378 364270 1743490 2736128
1560	444 436058 451104 1725484 2763426
1561	518 376648 424950 1748008 2766247
1562	444 374082 479536 1673212 2726046
1563	518 386980 442916 1730436 2751363
1564	518 380076 451430 1637174 2586733
1565	518 360878 449568 1692207 2761973
1566	444 390618 454862 1657114 2651432
1567	518 364478 466800 1729592 2529650
1568	444 375056 406328 1862670 2547381
1569	444 367166 440354 1749858 2733186
1570	518 322394 451942 1614268 2625299
1571	518 352892 451142 1695334 2748177
1572	444 386782 457482 1571902 2731331
1573	518 419528 451298 1572718 2387317
1574	444 408992 505740 1633946 2741715
1575	518 420880 464420 1583488 2361072
1576	444 386910 456224 1710059 2386998
1577	592 386914 451232 1682625 2354475
1578	444 391032 515554 1690084 2357588
1579	518 355352 423400 1796440 2784824
1580	444 390974 451364 1760575 2722668
1581	518 379134 496322 1740434 2753536
1582	444 367338 498602 1703830 2725241
1583	560 369128 489730 1767910 2728792
1584	444 369374 461984 1727636 2802634
1585	592 368702 451298 1704084 2657434
1586	518 322592 433170 1663704 2634524
1587	444 426646 515488 1690436 2689659
1588	518 386650 479846 1712958 2817855
1589	444 301848 423010 1579709 2741435
1590	444 367968 548004 1548082 2473072
1591	444 322526 434966 1740008 2769258
1592	518 374200 442044 1587466 2389752
1593	444 298810 502718 1755578 2755247
1594	444 386976 512364 1709844 2656492
1595	518 368054 453982 1600897 2811116
1596	444 429520 492528 1665346 2674891
1597	444 386848 437720 1570694 2607046
1598	518 327870 451298 1613372 2387087
1599	444 322328 422214 1663308 2685854
1600	518 302574 381590 1658734 2421427
1601	444 300510 369924 1681321 2542880
1602	444 365378 386650 1770128 2800551
1603	444 303710 388574 1644842 2746826
1604	518 334298 420778 1419028 2755330
1605	518 300166 386844 1357873 2791908
1606	518 322724 391774 1409252 2441080
1607	444 352302 410210 1374496 2108056
1608	518 361660 427234 1326348 2034458
1609	592 322460 366770 1449381 2159073
1610	370 374124 390944 1547950 2354716
1611	592 370754 392338 1555087 2312950
1612	444 312032 402716 1469450 2365542
1613	518 351502 386980 1455176 2364329
1614	518 302714 367158 1490612 2314195
1615	518 368720 386976 1389216 2342883
1616	518 322592 458280 1462140 2298795
1617	444 347928 438560 1533200 2337544
1618	370 360066 388636 1481096 2390005
1619	518 328300 388702 1489142 2333595
1620	444 322394 390878 1490476 2355532
1621	518 371604 451166 1421792 2349682
1622	444 317508 439030 1432804 2360916
1623	518 325040 393564 1533548 2317172
1624	444 350626 448998 1442622 2397351
1625	592 362338 386650 1527354 2395996
1626	486 322632 398694 1492820 2343889
1627	444 322914 418210 1564362 2371407
1628	518 319182 451364 1444233 2340668
1629	518 322370 451170 1504336 2318455
1630	444 351384 387046 1487968 2423876
1631	444 318702 372380 1515879 2349616
1632	518 325040 449006 1468148 2377702
1633	518 327144 446950 1543746 2357130
1634	444 301742 451496 1447168 2388646
1635	518 322328 441490 1499530 2312650
1636	444 303260 406684 1456492 2321299
1637	518 354204 386650 1453016 2309586
1638	592 352896 421076 1482166 2313430
1639	444 296456 370914 1485988 2379179
1640	518 245492 315950 1402460 2318163
1641	444 352970 410598 1545632 2373469
1642	518 297204 428646 1479816 2405279
1643	518 329504 368166 1425368 2333697
1644	444 367128 446946 1388396 2326953
1645	518 322200 411870 1319031 2331536
1646	518 322526 439278 1378261 2345925
1647	518 295316 387162 1396626 2072406
1648	444 369032 438476 1334964 2000875
1649	444 328332 386844 1337987 2040506
1650	592 347082 386584 1467318 2371837
1651	444 369582 405858 1495642 2377176
1652	444 335130 388896 1505757 2407007
1653	518 312830 373198 1452914 2303031
1654	444 353500 405722 1519584 2339375
1655	518 332960 386712 1463370 2361050
1656	518 322620 423694 1500660 2371015
1657	370 317704 390366 1511560 2323261
1658	518 368724 396700 1470330 2350072
1659	518 322460 372884 1478948 2394565
1660	444 342836 387178 1505124 2363624
1661	444 365576 411512 1477492 2382188
1662	518 322592 402488 1428150 2298908
1663	444 353260 386914 1477348 2288237
1664	592 372000 442680 1443013 2343482
1665	444 322592 440276 1569634 2342728
1666	592 312704 451166 1507738 2369247
1667	518 314348 386844 1374904 2382721
1668	444 303690 387228 1512340 2352729
1669	518 365978 386848 1469496 2353011
1670	560 366934 423294 1557840 2383828
1671	444 322460 374658 1424050 2371274
1672	518 315882 398160 1571912 2402637
1673	518 346400 386650 1505856 2385056
1674	444 322526 418912 1467920 2320487
1675	518 303862 440740 1417468 2388914
1676	444 332822 386650 1563769 2332559
1677	518 322724 387612 1462206 2359977
1678	518 367074 389152 1487138 2432303
1679	518 316138 386650 1488042 2336604
1680	518 257940 385622 1503796 2310012
1681	518 315102 391358 1434350 2342444
1682	518 370982 413544 1471940 2338157
1683	518 352588 451364 1505616 2360306
1684	518 321346 369468 1424412 2323874
1685	518 328208 367938 1475340 2382962
1686	518 302658 387996 1491466 2291028
1687	444 327172 461220 1441332 2337060
1688	444 309698 384540 1398640 2301417
1689	518 366040 387422 1517454 2311435
1690	518 312916 424730 1421252 2370746
1691	518 301500 386848 1500224 2309435
1692	518 351446 437070 1522620 2336102
1693	518 310702 391716 1512629 2299947
1694	444 287016 372150 1481042 2369118
1695	518 351736 408604 1472418 2325971
1696	370 367880 386976 1483656 2325586
1697	518 372088 406812 1457484 2360986
1698	444 285934 348148 1485962 2346552
1699	444 365588 386720 1489354 2353063
1700	518 371140 420192 1438780 2279733
1701	444 349482 386716 1481464 2352484
1702	518 322922 384860 1445126 2344667
1703	518 369460 393372 1419160 2344653
1704	518 353696 396378 1473174 2324508
1705	518 366504 386844 1491554 2288926
1706	518 314864 386848 1478976 2353974
1707	444 322724 379774 1458828 2344122
1708	518 372420 448860 1515404 2351205
1709	518 363676 444276 1442504 2385189
1710	444 322136 386716 1527214 2354866
1711	518 323720 387996 1468392 2312572
1712	592 374182 387934 1509284 2396227
1713	444 363452 390428 1471878 2298677
1714	560 322724 394780 1537120 2398449
1715	518 369596 386910 1500330 2355320
1716	444 322436 440152 1425282 2344945
1717	518 317854 366726 1501458 2354297
1718	518 370520 444894 1470316 2336403
1719	518 301670 386778 1506738 2370604
1720	518 322460 442498 1499152 2378195
1721	518 324826 419412 1481332 2336341
1722	444 318002 431232 1477102 2293940
1723	444 319304 392542 1497860 2356118
1724	518 373916 427126 1456230 2308215
1725	518 318058 384028 1499898 2356920
1726	518 364620 389082 1499004 2389060
1727	518 372362 390812 1444964 2324514
1728	444 368130 394714 1480820 2322006
1729	444 306956 386670 1491316 2325912
1730	592 322724 402716 1452062 2325648
1731	444 355418 386782 1499178 2359596
1732	444 322402 386844 1479988 2324137
1733	444 271036 367562 1531244 2391219
1734	518 301388 402848 1486870 2284489
1735	518 306394 322196 1450201 2326109
1736	370 301920 404228 1481362 2343121
1737	518 291348 387276 1506702 2343554
1738	444 367396 455270 1272345 2329539
1739	444 327210 386650 1302682 2368759
1740	518 320278 386844 1352791 2318244
1741	444 322526 371908 1364695 1867567
1742	518 366906 390366 1462835 1987546
1743	592 371254 396576 1453616 2016749
1744	518 347010 423644 1426884 2004018
1745	518 365300 391774 1473567 2315198
1746	518 322390 394888 1448680 2341272
1747	444 322526 402650 1508574 2292067
1748	592 291414 386716 1525502 2297361
1749	518 322460 451298 1428680 2334406
1750	518 366256 451232 1554159 2343660
1751	518 322328 388962 1439866 2376225
1752	518 322724 389532 1497104 2264474
1753	518 361020 387178 1416062 2358162
1754	518 324086 386910 1502848 2346686
1755	518 322856 400824 1490850 2333763
1756	518 368548 451430 1406018 2339920
1757	486 322328 434852 1483314 2327965
1758	592 322658 388834 1508438 2417302
1759	518 331420 451298 1483210 2341345
1760	592 311634 387802 1490930 2384665
1761	444 370974 399198 1501530 2394164
1762	444 350654 405598 1509462 2328367
1763	444 322460 383398 1481222 2348966
1764	592 341804 387108 1503400 2380421
1765	444 367782 450972 1494006 2391740
1766	444 274946 426594 1481792 2371552
1767	444 364452 451166 1509664 2349774
1768	518 296000 366912 1425840 2355036
1769	518 370082 450664 1510228 2383297
1770	518 321944 391708 1514484 2356697
1771	370 369110 389258 1500110 2376655
1772	666 341916 387100 1453600 2327916
1773	444 348000 386010 1471882 2386527
1774	444 313862 388850 1459648 2352702
1775	444 322658 372146 1518930 2400719
1776	518 365528 395300 1463162 2305125
1777	370 360410 386650 1510774 2370873
1778	518 317736 392604 1467034 2348199
1779	444 311230 402588 1505490 2353647
1780	518 354332 441628 1472238 2376880
1781	518 367652 388190 1511706 2390343
1782	444 301684 399904 1500846 2301622
1783	518 297386 404892 1401680 2324987
1784	518 349624 451368 1494372 2341323
1785	518 368434 392550 1495500 2337112
1786	444 296592 367606 1495620 2340629
1787	518 322460 371390 1398680 2225202
1788	444 372158 386980 1497112 2362083
1789	592 302460 391068 1485406 2339135
1790	444 355682 386650 1490376 2312863
1791	592 322856 385118 1408368 2392600
1792	518 368676 390428 1498974 2350501
1793	444 368270 386716 1435960 2308402
1794	444 354028 389792 1490364 2333094
1795	518 322922 390234 1487452 2378558
1796	444 369584 394884 1452818 2331055
1797	518 370376 386650 1462034 2320769
1798	444 355608 388190 1503212 2415008
1799	444 367098 392158 1468162 2313217
1800	518 363444 387520 1549948 2356486
1801	560 339956 386844 1507394 2366252
1802	518 340418 429232 1507504 2398676
1803	518 371362 404088 1464102 2290786
1804	444 368856 426042 1531622 2346986
1805	518 322790 372582 1499812 2349887
1806	518 319224 387930 1488018 2317579
1807	518 354470 399074 1485720 2338277
1808	444 322526 434402 1451012 2373025
1809	444 346688 386980 1482420 2329050
1810	444 369814 387294 1511446 2348961
1811	444 386844 423066 1514513 2424988
1812	518 281802 399136 1493624 2331569
1813	518 368596 404380 1487116 2338649
1814	518 354138 386650 1490304 2313087
1815	518 366176 386844 1488066 2388653
1816	444 345236 381812 1491492 2323778
1817	444 373834 451562 1506006 2343662
1818	444 312998 371392 1458370 2378895
1819	444 355762 398558 1504612 2359599
1820	444 322658 383072 1439840 2384474
1821	518 368046 387174 1598756 2335320
1822	486 367912 387418 1430528 2340723
1823	518 320586 386778 1513748 2356525
1824	444 322790 387674 1505542 2352509
1825	518 367770 388570 1508164 2412550
1826	518 376412 423418 1486360 2359414
1827	518 301954 450290 1476310 2354038
1828	518 314586 451100 1526056 2286973
1829	518 285440 452842 1406304 2341389
1830	518 303078 451166 1531802 2322064
1831	518 322394 421398 1489928 2328753
1832	518 329020 386910 1500454 2377064
1833	518 320370 416962 1474046 2386683
1834	518 369386 386716 1530382 2390102
1835	518 365284 395934 1533000 2346076
1836	518 322460 372062 1497662 2391177
1837	518 362974 386782 1484032 2348381
1838	518 299552 391006 1486820 2369606
1839	444 369392 433424 1494932 2295759
1840	518 366478 394714 1502040 2369003
1841	444 367872 387178 1430132 2323942
1842	518 366136 402588 1493706 2317455
1843	518 348146 386650 1454165 2324114
1844	560 315772 441922 1479226 2308373
1845	592 303112 400284 1482566 2380610
1846	518 369788 405470 1553024 2376390
1847	444 299498 386846 1495308 2368741
1848	444 365640 387356 1481572 2352573
1849	518 370446 387740 1513076 2404425
1850	444 323390 386716 1487522 2305034
1851	518 355722 388570 1479446 2362221
1852	444 373300 410272 1526390 2355906
1853	592 359328 386848 1530352 2331892
1854	444 373136 443654 1506364 2360034
1855	444 322526 386132 1507068 2346105
1856	444 368576 410536 1520153 2344807
1857	518 359624 414818 1530672 2375531
1858	444 344794 386844 1545246 2286188
1859	518 328670 387996 1424550 2316843
1860	518 367852 440812 1472814 2359162
1861	518 327086 386716 1472330 2377098
1862	444 368230 386712 1487362 2400260
1863	518 370852 386526 1567258 2380980
1864	444 375194 400990 1533322 2327317
1865	486 371610 396638 1531389 2310827
1866	518 344214 373438 1522866 2402771
1867	518 370992 386914 1489719 2349056
1868	518 316612 389086 1412868 2272845
1869	444 325058 421432 1479164 2297075
1870	518 320242 389404 1472014 2301742
1871	518 368884 435174 1516070 2361889
1872	518 301980 391712 1506466 2367108
1873	518 313994 384078 1449060 2409949
1874	518 374086 415018 1539880 2326178
1875	518 318846 373430 1441838 2386088
1876	444 373950 461030 1471520 2348755
1877	444 316016 371960 1534916 2329277
1878	518 326822 386720 1477950 2343575
1879	518 366542 457570 1535202 2371428
1880	518 354666 395676 1502582 2361699
1881	518 372618 387806 1501510 2355262
1882	518 364174 387422 1571955 2361979
1883	444 366186 456046 1481170 2322505
1884	518 313746 386976 1450064 2349634
1885	518 322856 388262 1506736 2383194
1886	518 369506 462922 1449648 2287154
1887	560 326296 386778 1571741 2361123
1888	444 341928 438382 1462559 2376892
1889	518 360424 411562 1564966 2345784
1890	518 369306 390878 1514590 2387104
1891	518 312896 386716 1564588 2342276
1892	518 333794 423976 1497172 2402359
1893	518 369368 400482 1485680 2334274
1894	518 318428 405276 1454522 2323510
1895	518 355484 386712 1544228 2407473
1896	444 359738 388314 1503738 2356698
1897	518 381464 444562 1531597 2362634
1898	444 343446 388698 1496490 2347819
1899	444 370718 421036 1522278 2331151
1900	444 318622 394714 1503804 2361154
1901	518 323054 402650 1511100 2331910
1902	518 354076 387108 1431388 2328212
1903	444 373800 387454 1533568 2425823
1904	444 369672 442492 1458556 2358520
1905	518 366234 395098 1572016 2334743
1906	518 322922 396700 1484822 2325971
1907	444 365126 445992 1528868 2377554
1908	560 318466 386584 1498280 2358929
1909	444 374266 438744 1515016 2383377
1910	518 312262 386778 1550578 2364089
1911	518 317480 402346 1508998 2405460
1912	518 322922 402272 1511654 2360672
1913	444 361518 387042 1454002 2327461
1914	444 368890 410328 1537248 2380727
1915	518 364968 386712 1544406 2345848
1916	518 322592 453376 1481120 2442824
1917	518 324594 395002 1497964 2328156
1918	444 349822 399852 1544520 2375274
1919	444 372232 390918 1466140 2316710
1920	444 322724 384052 1524336 2361219
1921	518 370004 406774 1513008 2359402
1922	518 371810 390068 1487638 2361309
1923	518 317968 391204 1562676 2389201
1924	518 322790 397410 1444474 2342729
1925	518 362140 391088 1542220 2308835
1926	518 365592 386844 1477770 2348222
1927	518 323976 451100 1436058 2324868
1928	518 322262 369094 1544637 2335623
1929	486 334528 445130 1485059 2337749
1930	518 322136 403020 1530558 2350741
1931	518 320280 455654 1482660 2308386
1932	444 337910 442690 1469277 2313712
1933	518 306254 438820 1512192 2349231
1934	518 348056 386910 1528598 2349625
1935	518 322166 423584 1468348 2371737
1936	444 326940 391680 1538902 2313258
1937	444 367708 394078 1435944 2364160
1938	444 370456 402782 1455076 2363821
1939	518 321704 364418 1515584 2343826
1940	444 371484 391898 1490266 2289097
1941	518 371486 436578 1551318 2193330
1942	444 333658 395378 1529323 2255706
1943	518 322262 388764 1484636 2335958
1944	518 334492 387504 1548976 2382267
1945	518 360556 401502 1557130 2340735
1946	518 366158 386650 1495914 2301626
1947	444 372084 392972 1539600 2382811
1948	444 372656 396254 1565089 2363987
1949	518 322790 384412 1516824 2264568
1950	486 372212 444920 1453616 2272588
1951	518 303292 389390 1452893 2329738
1952	518 384746 407406 1517895 2283283
1953	518 320214 372370 1510493 2289679
1954	518 322856 429584 1511834 2314339
1955	518 341020 387046 1486962 2289578
1956	444 322658 380370 1462314 2335334
1957	370 371000 391580 1462338 2367683
1958	518 335930 394912 1499192 2345232
1959	518 322592 435744 1466884 2343782
1960	592 322972 386910 1491042 2312027
1961	444 301576 388698 1409034 2297902
1962	592 322856 412894 1488034 2371456
1963	518 322592 373070 1453160 2317906
1964	444 367376 451298 1457668 2318458
1965	592 322790 377138 1477402 2317611
1966	592 371640 419554 1461706 2314637
1967	518 322592 391536 1478236 2311646
1968	444 366772 401696 1470492 2275078
1969	592 337560 386844 1456206 2344910
1970	518 322790 388892 1428270 2348678
1971	518 372506 390812 1527194 2346137
1972	486 367324 394978 1520328 2342457
1973	444 288410 401436 1494824 2368460
1974	518 354142 451166 1498208 2369813
1975	518 354380 390940 1487892 2401084
1976	518 322592 393794 1495958 2333228
1977	518 315036 373196 1484380 2342548
1978	444 316820 386778 1477028 2321768
1979	518 295596 379026 1496996 2359745
1980	518 290184 344818 1485664 2414708
1981	518 315728 386980 1502148 2348056
1982	444 301536 347794 1472964 2325162
1983	518 320948 439344 1468385 2409241
1984	518 352414 419582 1380113 2337817
1985	444 303256 422454 1374716 2339797
1986	518 297306 386782 1351154 2200729
1987	592 371098 451464 1337008 2100352
1988	518 328410 422280 1454445 2067055
1989	444 322790 394780 1418989 2084615
1990	444 298180 401502 1392130 2159885
1991	518 355290 386782 1470628 2305036
1992	444 322764 393884 1548868 2372572
1993	486 303476 396316 1487644 2394754
1994	444 371752 431210 1494428 2318710
1995	592 319148 386844 1429990 2351251
1996	444 305430 386208 1567639 2401932
1997	518 350562 422516 1404268 2309050
1998	444 315092 451166 1517158 2367656
1999	592 322460 391032 1459232 2323421
2000	518 322592 383518 1412026 2317855
2001	444 362082 450972 1523484 2306828
2002	518 352680 404896 1484990 2335075
2003	518 360028 377880 1497446 2353420
2004	444 369566 396250 1528694 2321079
2005	444 350414 402782 1447148 2359601
2006	444 322460 392498 1576052 2372545
2007	444 365624 386914 1432894 2342145
2008	444 341606 386844 1488824 2411796
2009	444 370018 389086 1556540 2415898
2010	592 322790 390812 1506832 2362715
2011	444 375510 393224 1486960 2384011
2012	518 342332 387872 1502792 2335151
2013	518 370498 386848 1480792 2423839
2014	634 329916 397398 1483870 2317060
2015	444 368794 451166 1494138 2372154
2016	518 370334 393118 1521442 2300725
2017	444 322592 392708 1466778 2354113
2018	518 322262 442762 1474824 2336395
2019	444 366118 394594 1509526 2359625
2020	592 364620 451166 1531028 2371284
2021	444 317536 373452 1540490 2374951
2022	518 373378 437550 1434508 2385810
2023	592 318176 444770 1513158 2378460
2024	518 322196 419044 1518026 2347966
2025	518 323418 386956 1511362 2363886
2026	444 368856 440556 1494508 2408652
2027	518 312508 402758 1551312 2315721
2028	518 311326 386716 1434841 2357476
2029	444 368714 387294 1526240 2362097
2030	518 289656 394334 1525010 2369478
2031	518 370884 451698 1546480 2403254
2032	518 322394 426680 1485680 2329240
2033	444 315736 386910 1504254 2440980
2034	518 322724 388704 1499790 2313565
2035	444 367130 387674 1517946 2353950
2036	560 368984 388256 1487492 2374018
2037	518 354244 393574 1481688 2361709
2038	444 324298 380678 1535712 2316613
2039	518 368442 388736 1454850 2323573
2040	518 371504 451038 1488406 2373945
2041	444 352834 405706 1543769 2336654
2042	518 342696 386746 1549326 2367853
2043	444 319938 398996 1533928 2321330
2044	518 372188 386650 1480692 2366992
2045	444 354798 386878 1541902 2383792
2046	518 368714 399516 1512549 2395679
2047	444 365504 446174 1544110 2340355
2048	592 348524 386752 1513344 2379135
2049	444 368610 439798 1500712 2329429
2050	444 355418 386584 1464296 2320016
2051	518 371520 387162 1493672 2379427
2052	518 363954 387872 1559842 2321993
2053	592 330552 391104 1491304 2294405
2054	444 316542 387042 1448936 2413186
2055	592 306948 386716 1526896 2382403
2056	518 322658 383928 1488844 2425475
2057	486 370800 425900 1485802 2346918
2058	518 367856 396386 1495128 2333486
2059	444 353754 386716 1549546 2370410
2060	518 323060 386318 1509900 2354861
2061	518 372772 395784 1487580 2319896
2062	444 366756 388128 1563734 2336590
2063	444 339024 390172 1452652 2350665
2064	518 367116 394912 1510102 2338957
2065	444 365752 386782 1488777 2293700
2066	444 375804 438526 1461866 2330791
2067	444 290512 375094 1486160 2379196
2068	518 368578 386910 1501244 2329520
2069	518 376064 425632 1505674 2405638
2070	444 273428 376926 1493702 2285078
2071	518 365200 386914 1438828 2335906
2072	592 368946 387806 1554270 2369022
2073	518 370674 451302 1490994 2380271
2074	444 304414 370256 1408364 2367231
2075	592 322526 372128 1526716 2322166
2076	518 370774 450464 1491434 2350161
2077	444 311576 387294 1488182 2349505
2078	592 383586 443906 1442644 2382318
2079	444 328344 451232 1539696 2366977
2080	444 324644 394780 1483146 2357272
2081	518 303862 402716 1495584 2385813
2082	518 354076 436966 1483798 2282842
2083	444 305826 387172 1400452 2358666
2084	518 367430 426968 1548182 2370037
2085	592 317804 378594 1541942 2386609
2086	592 364544 408288 1410288 2341589
2087	518 386404 439278 1514324 2361391
2088	444 330774 405276 1471230 2335801
2089	518 321584 367094 1515980 2316888
2090	444 368866 408012 1516257 2360507
2091	518 370144 414420 1500292 2359409
2092	518 367016 391396 1502034 2392973
2093	518 339098 388768 1498208 2318383
2094	444 370316 389068 1492342 2384749
2095	592 370098 403590 1539202 2379460
2096	518 333686 386716 1483106 2326994
2097	444 342992 394722 1470038 2309873
2098	592 323996 451958 1484638 2338500
2099	518 320082 398240 1521288 2349814
2100	518 340352 453726 1432059 2367308
2101	444 326616 444230 1562097 2380151
2102	560 322658 387162 1525348 2344103
2103	444 371588 387740 1406318 2323656
2104	518 370858 388224 1498362 2361687
2105	518 367366 386910 1549740 2333319
2106	518 367000 386650 1438092 2307163
2107	592 317710 446350 1455050 2297035
2108	592 317934 376776 1505708 2318188
2109	444 369116 393180 1540872 2376894
2110	444 367390 388208 1475310 2365839
2111	518 366556 397470 1524704 2328039
2112	518 370626 395480 1510640 2325594
2113	444 322856 372374 1444702 2340028
2114	518 372870 396336 1462286 2368222
2115	592 313420 394768 1552180 2438405
2116	518 369056 398016 1547599 2311226
2117	444 322460 435356 1483122 2374056
2118	518 305496 386716 1497556 2370217
2119	518 367016 451232 1471970 2285440
2120	518 338216 386944 1495320 2384967
2121	444 367440 458916 1542154 2276489
2122	518 318348 386844 1473054 2319869
2123	444 352408 428344 1453420 2359501
2124	444 317564 325866 1515416 2341315
2125	518 350120 387356 1563920 2328332
2126	444 357438 387740 1451653 2333073
2127	592 373364 388190 1505015 2331968
2128	518 359880 396894 1506734 2336184
2129	518 337382 394850 1469190 2369745
2130	518 303598 373774 1454720 2281552
2131	592 323054 394424 1493298 2246559
2132	444 371962 436008 1457098 2185717
2133	518 370214 397348 1478164 2333046
2134	518 341462 386778 1505652 2355473
2135	592 317166 387996 1381227 2196216
2136	518 369074 389020 1512138 2374567
2137	518 373128 391708 1467210 2229913
2138	518 370664 394842 1482594 2377687
2139	444 330782 374048 1481728 2374174
2140	592 327540 424382 1542784 2248349
2141	444 313584 415978 1432584 2345831
2142	518 367860 407200 1516488 2373003
2143	444 373346 388128 1533008 2328886
2144	444 327182 382448 1571933 2295291
2145	518 370902 450592 1534792 2366466
2146	518 359600 386716 1518485 2304753
2147	444 318520 386844 1508793 2371248
2148	560 353288 376116 1460393 2282337
2149	444 373460 436198 1494889 2327915
2150	518 370208 386948 1543481 2347721
2151	592 367260 440862 1511820 2303442
2152	444 321296 342060 1496515 2355617
2153	518 312348 371140 1478964 2302869
2154	444 322460 365442 1471744 2247140
2155	518 316326 417312 1479866 2361488
2156	518 322766 383132 1533296 2336853
2157	444 362074 386846 1495284 2339285
2158	444 322460 385238 1250622 2339506
2159	518 368860 387438 1356868 2371657
2160	592 366232 386782 1481072 2278612
2161	444 326822 392546 1475068 1915836
2162	518 353222 387240 1432667 1961561
2163	518 370712 392542 1508415 2163880
2164	518 351300 402588 1524438 2386532
2165	444 354270 451232 1534633 2344345
2166	518 322196 370034 1512528 2333804
2167	518 322856 399012 1515958 2323732
2168	444 370754 403356 1425861 2327806
2169	592 355290 386844 1552824 2362861
2170	518 322394 385582 1488357 2346723
2171	444 371238 397038 1474112 2395762
2172	518 367540 386844 1539192 2289808
2173	592 353180 420582 1510003 2389967
2174	444 366906 390650 1538432 2338991
2175	444 368920 411896 1508255 2304849
2176	518 302660 396192 1549340 2287348
2177	592 314736 402076 1513640 2354568
2178	518 351138 386778 1407915 2311383
2179	518 373652 438744 1494582 2354001
2180	518 365592 411932 1527402 2308227
2181	518 355094 387240 1485400 2355855
2182	518 338050 386782 1449630 2328326
2183	518 367658 387616 1501752 2322554
2184	444 312764 444836 1409088 2088486
2185	518 336412 387174 1437386 2163903
2186	518 367600 388322 1485856 2386720
2187	444 375654 451232 1526630 2376807
2188	518 346202 375586 1546050 2402446
2189	444 361472 387376 1554962 2329767
2190	518 362784 396254 1507626 2373246
2191	444 367466 387562 1550418 2328498
2192	592 316634 393350 1492188 2345982
2193	486 345172 385574 1570210 2359355
2194	518 366546 400572 1552643 2318449
2195	518 365488 391968 1480230 2340815
2196	444 349064 390684 1472306 2331435
2197	518 365856 387108 1491997 2254681
2198	370 369186 388768 1553787 2327253
2199	518 374294 398094 1495808 2310453
2200	444 362594 387222 1479076 2218188
2201	444 372892 422668 1512176 2328905
2202	444 365762 393266 1521173 2336757
2203	518 369234 396840 1516230 2243396
2204	518 372220 451232 1555047 2341152
2205	444 330970 375810 1477296 2376448
2206	518 338570 396002 1491494 2324194
2207	518 350384 387112 1476682 2302768
2208	592 317190 425352 1482182 2289481
2209	518 318184 412238 1494382 2407044
2210	444 322724 409354 1483216 2333614
2211	444 369894 388384 1478506 2336795
2212	518 354972 444462 1553569 2374784
2213	518 370522 397772 1484932 2276734
2214	518 373762 385528 1537238 2309294
2215	444 303698 388124 1500735 2315207
2216	518 373484 388256 1533970 2358326
2217	444 368920 420488 1544862 2295221
2218	592 374540 394780 1553291 2333026
2219	444 372236 394926 1531321 2318915
2220	444 374272 394604 1548890 2356580
2221	444 356514 403760 1528285 2278510
2222	518 338438 387178 1486890 2337435
2223	518 366686 456610 1470040 2323891
2224	444 365354 397286 1525824 2280504
2225	444 312472 434996 1572827 2294964
2226	444 354948 414116 1548193 2327048
2227	444 322394 393886 1552991 2301328
2228	518 308598 386584 1531963 2359013
2229	518 369842 451488 1522263 2386004
2230	444 322658 383120 1372379 2307665
2231	592 383442 423734 1433738 2256730
2232	518 355224 394274 1531560 2258017
2233	444 376858 426722 1533594 2067623
2234	444 322592 383404 1538376 2112444
2235	518 351968 386848 1532830 2297547
2236	518 373046 462376 1529898 2331084
2237	444 322196 374192 1514741 2344505
2238	444 322658 374236 1549357 2396921
2239	560 387112 417770 1543508 2320737
2240	518 374630 405684 1519472 2337770
2241	592 369446 402582 1566977 2349505
2242	518 368460 387356 1527614 2306016
2243	444 368280 415138 1512145 2288675
2244	444 374550 418818 1530224 2358601
2245	592 369716 433866 1576290 2279493
2246	518 385754 443846 1557067 2308453
2247	518 366772 406684 1551994 2306031
2248	592 355352 386650 1516742 2330621
2249	518 369554 388318 1518596 2344370
2250	518 364120 387996 1507457 2391361
2251	444 385930 416488 1546159 2341054
2252	518 371514 386584 1552680 2387612
2253	518 322526 374678 1483234 2341347
2254	444 364768 407730 1516281 2391448
2255	444 373144 451166 1588464 2400614
2256	518 362466 370176 1564303 2377180
2257	518 348340 407130 1561768 2376994
2258	370 378012 402962 1504479 2336012
2259	518 369384 391262 1582013 2370767
2260	444 372022 402788 1520561 2365077
2261	518 342464 387244 1577227 2380581
2262	444 368746 465956 1502184 2337525
2263	518 369818 401790 1582767 2386763
2264	518 335900 370582 1574982 2333419
2265	518 367282 454366 1503015 2367838
2266	518 366640 386844 1574240 2357821
2267	444 370110 386848 1519676 2386820
2268	444 371384 437234 1539355 2331591
2269	592 364894 413942 1591986 2395215
2270	444 373312 427736 1563308 2293814
2271	444 368544 397278 1566827 2411458
2272	444 368708 402716 1574406 2375792
2273	444 371264 398236 1437374 2326539
2274	518 325722 422774 1547160 2307516
2275	518 373124 473888 1549627 2421624
2276	518 361690 411500 1573526 2417295
2277	444 386530 416140 1578379 2351688
2278	518 325144 428640 1580214 2409829
2279	518 322328 473888 1493080 2343835
2280	518 361624 386650 1487756 2375130
2281	518 382058 424634 1520070 2359273
2282	518 369506 419280 1554660 2333424
2283	444 368888 436316 1581044 2293319
2284	444 390812 425696 1597023 2367441
2285	634 322256 390116 1555182 2402068
2286	518 372868 394780 1561832 2310317
2287	592 371092 402716 1568791 2373297
2288	444 317926 405156 1571574 2370265
2289	518 322262 436118 1545127 2390009
2290	444 366370 396312 1572846 2324296
2291	444 320948 412532 1571789 2423588
2292	518 374026 386844 1535713 2292539
2293	518 386716 423380 1514332 2374853
2294	518 369584 430508 1467802 2308878
2295	518 322790 428124 1497882 2319134
2296	518 372426 403778 1530720 2333348
2297	518 372060 429980 1521245 2110904
2298	518 370970 460018 1597870 2261144
2299	518 380592 407026 1560618 2274366
2300	518 371200 403836 1511507 2255211
2301	518 376512 411172 1539452 2372517
2302	444 328922 423860 1595655 2329022
2303	518 322922 409454 1574554 2325466
2304	518 363934 419544 1530885 2285062
2305	444 375418 459228 1515338 2388051
2306	518 367590 400676 1518439 2394575
2307	444 380018 388388 1561945 2282861
2308	518 303152 413802 1542922 2279456
2309	444 368728 416186 1557223 2293807
2310	444 379076 535460 1528689 2308091
2311	518 397244 546080 1576791 2321951
2312	444 427638 571754 1537585 2323843
2313	444 396774 495800 1556178 2287382
2314	444 398234 515686 1560897 2351889
2315	444 387930 516896 1559724 2315737
2316	444 418232 516426 1573363 2336385
2317	444 359294 515682 1592504 2320065
2318	444 368262 515488 1505383 2318917
2319	518 421590 505242 1530291 2412609
2320	444 375868 515620 1538361 2326768
2321	444 403250 515438 1550522 2317921
2322	592 445424 487888 1584687 2327105
2323	444 416244 515686 1558934 2298632
2324	444 442562 580004 1542412 2417783
2325	518 418026 512700 1533478 2323027
2326	444 387438 511102 1523991 2345950
2327	518 437380 515752 1557988 2322276
2328	444 411360 515488 1558795 2268940
2329	444 414734 551404 1501992 2257681
2330	560 398498 495954 1520427 2365148
2331	518 384300 515880 1556687 2336983
2332	444 438098 515488 1566907 2236058
2333	444 409132 497075 1560112 2311608
2334	444 3672 544614 1579142 2308002
2335	444 3348 644910 1545487 2392516
2336	370 3768 709748 1531909 2265845
2337	444 3432 755168 1528495 2370120
2338	444 560 739798 1540156 2347184
2339	370 592 1127823 1532238 2280103
2340	444 518 1085225 1514224 2365492
2341	444 518 967184 1527994 2412815
2342	444 518 858398 1552109 2358621
2343	518 592 1024501 1487078 2368909
2344	444 518 845235 1550553 2347306
2345	518 592 1299995 1590689 2319009
2346	444 592 1055144 1567374 2411163
2347	444 518 1162653 1574574 2344643
2348	444 518 1344170 1576948 2343316
2349	444 518 1415038 1565373 2362333
2350	444 518 1278664 1549957 2307124
2351	444 518 1347954 1491946 2389391
2352	444 592 1177163 1603083 2351215
2353	444 592 1498606 1608080 2386913
2354	444 518 956194 1517596 2247633
2355	518 592 1367653 1533570 2399122
2356	444 518 1367256 1585617 2374276
2357	444 518 1248656 1529310 2249072
2358	518 592 1252954 1515826 2290133
2359	444 592 1413288 1568097 2400738
2360	518 518 1413367 1575257 2235646
2361	370 518 1271395 1456775 2271971
2362	444 560 1367891 1456206 2360891
2363	444 592 1228294 1519532 2395523
2364	444 518 1204325 1499722 2142884
2365	444 518 1058495 1549959 2019575
2366	444 518 411822 1525005 1871269
2367	444 1046 1145826 1553939 2200261
2368	518 381726 1488846 1611009 2339866
2369	518 299498 1468000 1580099 2380192
2370	444 115485 1391098 1548808 2350025
2371	518 1303536 1499364 1574573 2251115
2372	518 382147 1154898 1420114 2327413
2373	325054 925931 1559642 2319627 2319627
2374	132 779623 1426706 2321779 2321779
2375	0 272 282298 967086 967086
2376	0 0 74 206 206
2377	74 74 206 206 206
2378	74 74 74 74 74
