1	90 180 1484 159417 661657
2	0 238 250 1195358 3117638
3	0 78 2518 484000 1026062
4	0 250 2538 394312 753015
5	0 538 206118 355256 1349164
6	0 70 177214 428082 1845317
7	0 608 285656 618819 1709423
8	70 319182 507960 1506518 2059878
9	0 149414 425768 1383396 2655676
10	0 208476 376818 1395218 2621422
11	42 378034 428798 1504740 2417524
12	638 158654 443036 1493574 1901153
13	444 2592 418992 1046416 1567221
14	444 386204 474070 1561019 2098178
15	444 377128 451830 1585970 2552266
16	444 387240 449554 1663927 2414343
17	518 367400 478208 1737905 2402523
18	444 360528 448106 1645470 2722243
19	592 327710 431810 1682661 2475455
20	518 389472 451954 1718540 2687401
21	518 321720 451810 1628896 2716799
22	518 300880 394016 1713420 2721763
23	444 370394 452338 1624230 2716719
24	592 336078 417332 1661350 2556288
25	518 366242 428344 1576110 2662346
26	370 340032 428658 1581290 2714036
27	518 351456 428410 1626973 2589175
28	518 261038 424630 1583186 2345452
29	444 259118 381666 1562048 2426573
30	444 299592 372738 1517140 2388515
31	518 221700 323862 1706961 2719954
32	444 300998 331438 1396171 2721016
33	444 301904 338596 1392384 2391207
34	518 299842 392076 1353472 2555222
35	518 257708 322862 1288422 2038760
36	518 299032 368732 1287210 2101276
37	518 280004 388520 1245536 2016405
38	518 243062 403194 1301808 2049931
39	444 223768 349780 1225360 2055011
40	444 313718 386922 1355571 2053090
41	518 361302 470502 1238288 2070715
42	444 322980 421106 1301046 2039058
43	592 300466 436358 1268070 2045386
44	518 321398 392984 1400961 2038383
45	444 375014 392612 1336625 2058923
46	518 322100 380102 1488811 2070454
47	592 371526 393186 1388718 2132179
48	518 361158 376498 1523873 2344050
49	518 334632 374762 1492629 2305276
50	444 325288 401890 1459078 2333612
51	560 292740 418250 1497598 2383934
52	518 323748 365748 1493783 2371578
53	518 306810 435012 1473620 2328022
54	444 298104 492700 1458535 2291904
55	518 298842 397184 1477760 2404559
56	518 309526 384518 1546286 2299085
57	518 287020 425314 1477042 2414403
58	518 296278 440386 1468578 2310673
59	444 314080 374080 1501602 2347624
60	518 353850 394672 1424848 2286517
61	518 366422 392994 1430836 2230337
62	518 321708 386830 1524831 2243613
63	518 316832 385958 1510413 2290870
64	518 307806 389932 1504390 2299619
65	518 301834 390746 1493465 2318280
66	444 359456 451380 1517852 2324256
67	444 383282 431418 1568724 2305718
68	518 291454 420358 1539001 2319715
69	444 304918 401718 1554718 2338433
70	592 359216 389970 1517157 2351151
71	518 266698 382158 1475896 2274797
72	444 355068 387372 1448753 2329200
73	518 373778 393874 1424082 2312809
74	518 314530 435220 1493758 2350585
75	518 313792 395806 1485130 2332397
76	444 298234 382752 1518135 2370562
77	518 368430 389926 1495059 2325400
78	518 319732 391162 1490158 2321548
79	518 254714 393190 1446562 2277127
80	444 366258 442800 1543970 2304381
81	518 320658 437540 1530287 2374702
82	518 290076 386670 1495791 2292502
83	592 354244 389796 1523296 2359386
84	444 373522 385998 1514592 2285212
85	518 322538 390692 1521747 2329791
86	444 368362 391848 1527218 2304902
87	518 310738 386410 1543126 2355040
88	592 319228 377820 1515297 2327587
89	518 378636 455636 1539896 2384398
90	444 367572 387112 1557749 2380520
91	444 322890 372222 1513305 2331016
92	518 371470 388900 1568533 2325628
93	518 312938 392430 1510482 2310491
94	444 249146 422424 1552899 2392320
95	518 308952 495190 1555214 2367301
96	518 305294 406798 1518715 2348511
97	444 242492 453292 1552718 2311388
98	518 261638 384048 1494506 2379541
99	560 359616 444700 1545594 2308353
100	444 375284 389540 1559534 2351922
101	518 345642 385320 1445078 2364610
102	518 304914 410722 1477696 2291418
103	592 369554 422654 1483118 2345707
104	444 325922 385736 1474470 2369479
105	370 305012 415618 1433796 2216428
106	444 368538 402594 1538315 2317742
107	518 308768 371108 1494187 2328100
108	444 298104 405820 1507015 2398719
109	518 319626 391906 1569790 2327057
110	444 375646 395242 1519644 2353082
111	444 332118 384036 1538774 2363671
112	518 369846 387216 1473885 2379294
113	444 320030 392536 1420408 2336587
114	518 366686 388242 1518855 2287989
115	444 317910 389928 1484200 2322750
116	444 320830 369922 1421072 2312931
117	518 310998 396514 1422888 2328746
118	518 349948 409186 1504434 2337482
119	444 259046 444656 1432206 2286749
120	518 362060 427390 1485496 2365382
121	444 372664 389536 1426172 2276953
122	518 294424 405190 1555857 2308217
123	518 304534 403004 1507836 2363075
124	518 360080 463774 1472064 2362513
125	444 299848 366788 1524114 2310282
126	518 321180 422994 1549134 2401056
127	444 365086 388202 1507854 2313417
128	518 367834 398946 1527843 2336518
129	444 320742 365376 1437004 2333357
130	444 327550 386802 1470782 2349288
131	518 372884 436606 1434535 2334268
132	518 323376 367734 1508285 2339233
133	444 370980 387306 1497900 2342251
134	444 302752 377740 1440104 2297343
135	518 369454 420238 1495260 2339139
136	518 367928 383784 1422066 2335066
137	518 298796 326048 1491822 2383324
138	518 319998 385138 1479349 2301266
139	518 362342 456810 1494230 2350979
140	444 322170 375960 1474632 2387823
141	444 319692 375716 1447825 2350129
142	592 315214 396968 1496654 2345632
143	444 337886 382442 1523225 2357194
144	518 317942 375108 1555197 2315013
145	370 366122 394552 1565972 2330681
146	518 308858 395196 1516966 2350987
147	518 295550 391684 1533016 2335091
148	486 319640 384544 1556266 2283311
149	518 369872 393124 1498239 2347078
150	518 373996 393510 1416952 2278825
151	444 319144 384902 1472642 2340160
152	518 249300 392748 1507808 2310681
153	518 372256 493292 1512293 2305638
154	444 304122 431654 1548891 2366883
155	444 317834 387352 1533820 2360632
156	444 308868 421316 1549284 2277408
157	518 304918 387174 1535137 2309227
158	518 372574 392586 1511972 2397044
159	444 322904 409756 1560844 2348231
160	444 298010 391142 1498149 2310266
161	518 323060 449126 1513104 2266039
162	592 307066 387412 1547697 2344548
163	444 365248 402570 1524573 2243882
164	518 354608 416424 1494708 2285602
165	518 341568 391668 1430243 2351301
166	592 366130 396584 1549487 2381410
167	444 349300 411362 1488968 2320669
168	518 301422 374502 1491561 2286553
169	444 310492 378866 1525774 2335073
170	518 318358 390948 1544574 2321228
171	444 311454 386980 1549391 2317200
172	444 321278 373842 1553632 2363671
173	592 366310 386988 1516469 2412088
174	444 325152 423850 1518882 2350316
175	592 307306 451562 1535750 2289056
176	518 307628 374110 1518990 2314086
177	518 320608 442972 1531622 2323589
178	518 306558 443358 1511812 2290159
179	518 304744 388962 1531384 2366468
180	444 348734 394572 1512681 2283427
181	444 317910 377432 1522776 2297042
182	518 369236 448324 1522970 2365616
183	444 260620 385638 1556426 2315456
184	518 370836 387368 1447734 2338747
185	518 257338 387810 1463274 2275938
186	518 309820 398876 1502544 2309769
187	444 297256 388458 1433600 2308871
188	444 318852 380002 1559512 2353173
189	444 369404 394394 1490683 2302527
190	518 334108 440136 1504242 2331940
191	518 297510 428214 1462078 2360086
192	444 320774 451580 1476242 2283027
193	518 336542 387216 1514464 2292291
194	518 341730 372876 1412082 2307338
195	444 367494 384054 1502204 2366088
196	518 280996 387574 1504335 2334493
197	560 372826 443746 1481988 2277196
198	592 318170 370278 1527341 2322053
199	444 364154 456724 1455956 2337433
200	444 324536 387636 1481778 2341169
201	518 306430 395048 1472010 2275303
202	444 355110 424858 1479057 2340186
203	518 377576 457188 1532320 2374365
204	444 304910 368780 1499606 2292404
205	592 375010 398248 1507650 2323284
206	518 290574 386790 1539245 2316846
207	518 298436 361018 1496832 2361658
208	444 322290 390630 1528268 2329017
209	444 366438 456784 1486481 2341811
210	518 346260 402844 1504686 2314850
211	518 275772 414862 1466918 2408547
212	444 313280 459510 1406144 2238780
213	592 318548 377736 1576630 2340089
214	518 319680 432870 1484988 2294481
215	444 298706 408226 1420592 2365771
216	518 287416 370768 1558606 2359629
217	444 326820 389314 1415754 2391800
218	444 373454 425052 1492946 2276321
219	444 300448 346272 1420948 2328116
220	518 366032 432780 1471860 2341461
221	444 339550 376674 1436282 2367448
222	518 360072 432512 1430684 2312318
223	518 317540 389994 1421428 2290004
224	518 322042 353436 1471418 2361011
225	444 311138 393128 1443944 2391691
226	518 289686 416810 1480652 2323445
227	444 373462 425092 1526980 2309332
228	518 298496 393726 1525958 2422010
229	444 257362 375906 1503524 2286878
230	518 341964 440864 1514175 2387852
231	444 305950 371876 1481156 2295335
232	518 298946 393628 1536588 2322149
233	444 353942 420570 1558618 2349147
234	518 365884 388462 1582410 2356641
235	444 303106 437796 1491967 2338825
236	518 338026 461686 1547600 2357273
237	444 251618 367424 1479648 2335680
238	518 343266 387342 1444310 2351735
239	444 368526 388326 1432582 2305535
240	518 257072 407474 1442982 2366984
241	518 298184 384906 1486890 2333506
242	518 365154 389966 1407977 2310149
243	444 312156 470402 1495318 2306690
244	518 255940 373974 1482806 2322222
245	486 344570 393838 1444532 2316170
246	444 361462 383908 1488470 2318743
247	444 250500 442972 1494911 2318036
248	518 322146 390958 1496677 2344470
249	518 305794 393574 1449672 2308548
250	518 322596 423360 1484892 2331432
251	518 364226 386466 1491974 2300822
252	444 298846 388326 1462732 2341870
253	444 307336 389092 1426570 2327842
254	518 320452 424700 1486552 2269725
255	518 369672 397224 1405492 2305183
256	518 367780 398934 1482252 2345438
257	518 320408 370356 1567981 2319683
258	518 366874 393450 1549698 2389405
259	444 371896 384812 1513438 2306402
260	592 303722 381006 1456018 2345659
261	518 314922 399470 1517435 2356483
262	370 360588 413970 1432206 2302759
263	518 249580 423946 1477010 2398388
264	444 329372 391348 1558209 2327160
265	592 306582 392988 1561231 2303966
266	370 322538 434798 1580726 2383965
267	592 299838 423996 1513864 2313952
268	444 308726 386406 1513365 2356092
269	518 325710 430270 1532030 2350600
270	444 346516 387178 1545912 2348744
271	444 372900 389040 1541643 2327330
272	518 320688 395304 1465950 2263714
273	444 330878 397030 1466445 2341619
274	444 316614 360046 1496496 2294778
275	518 322502 440938 1524992 2364776
276	518 291934 394664 1546626 2359624
277	444 319772 402786 1538343 2304787
278	444 321340 373814 1517205 2337723
279	444 369970 386918 1558615 2303477
280	518 368784 388516 1515568 2343096
281	444 320050 377510 1447298 2363765
282	518 369994 394262 1517228 2376520
283	592 363460 394382 1551501 2340969
284	518 320952 411194 1497840 2297955
285	444 372246 385068 1555446 2338157
286	518 354344 392418 1554584 2351182
287	444 339030 377908 1517427 2347435
288	518 360926 382098 1487798 2343836
289	444 367346 398120 1486831 2341718
290	518 347168 382694 1536304 2331936
291	518 320696 376208 1557200 2378024
292	518 374020 420516 1467627 2330997
293	444 306932 375778 1576225 2382247
294	560 368860 426292 1547138 2299492
295	444 276950 373086 1527437 2369181
296	518 318494 390456 1485313 2319486
297	518 353210 389346 1501488 2359184
298	444 323366 382730 1546046 2353824
299	518 314022 387306 1488928 2329015
300	444 364198 388392 1545801 2313784
301	444 322392 376702 1505870 2343615
302	518 351496 385082 1514308 2338513
303	518 367886 435162 1532896 2337551
304	444 309646 406056 1523359 2262289
305	518 257256 430600 1553234 2374254
306	518 350184 388810 1540922 2284035
307	444 315048 411552 1548663 2343733
308	592 295140 389814 1507554 2346407
309	444 375442 442844 1419805 2304854
310	518 293046 422290 1482625 2345812
311	444 316238 405668 1501463 2319779
312	518 319194 385332 1545269 2343274
313	518 322284 413550 1530324 2180594
314	518 305142 391848 1552649 2367010
315	518 369960 403934 1521699 2313573
316	444 318690 429444 1493889 2336699
317	518 292782 407182 1544738 2379516
318	518 299750 442598 1465300 2309874
319	444 296554 417696 1505703 2361472
320	518 305318 385694 1515209 2329782
321	518 372858 386534 1501232 2376221
322	444 368134 391480 1547483 2316708
323	444 320708 377964 1517635 2386181
324	444 330900 396072 1533027 2313336
325	592 369964 380142 1533326 2330203
326	518 320468 436750 1484895 2356957
327	518 319444 503844 1530090 2332582
328	444 319902 427924 1561082 2315339
329	518 277868 375308 1519669 2351827
330	444 322984 385456 1524241 2289363
331	518 311672 388978 1547266 2353487
332	518 291918 378708 1526822 2338802
333	518 371268 443622 1423644 2292146
334	518 322404 375278 1498576 2322291
335	444 378010 389132 1417858 2341657
336	518 308072 372516 1506752 2321839
337	592 363780 423744 1430898 2351758
338	444 321884 384804 1477287 2341584
339	518 367330 410854 1481715 2328798
340	444 341412 381846 1557300 2351345
341	444 362030 383974 1523709 2328494
342	444 322724 393648 1559116 2354942
343	486 363272 390706 1572919 2382490
344	518 320848 372486 1564356 2349082
345	518 373096 423714 1545756 2370125
346	518 367012 382954 1535256 2329295
347	518 319488 373682 1555543 2337645
348	518 323918 392160 1554306 2359084
349	444 362974 428034 1500160 2334232
350	518 363234 396376 1565020 2344837
351	518 321782 378834 1536525 2317296
352	518 313814 393384 1563636 2419958
353	518 304336 426662 1542454 2379833
354	444 304264 439658 1540372 2308366
355	592 304762 386306 1575835 2333889
356	370 358370 443300 1557957 2350802
357	592 331292 390332 1549480 2297242
358	444 322152 383828 1572104 2335208
359	592 327602 390692 1522984 2362603
360	444 350476 384804 1552390 2312884
361	518 320064 404096 1530081 2329359
362	518 320594 386594 1562127 2307259
363	444 315102 449006 1520890 2284859
364	444 256352 409336 1519427 2339341
365	518 363494 385778 1543143 2387754
366	518 373536 399528 1526162 2278898
367	444 364220 373520 1525360 2301205
368	444 302470 383780 1497331 2349463
369	444 364928 405476 1521283 2306534
370	592 371348 383834 1504295 2267354
371	444 322720 375320 1488182 2297845
372	444 305154 383642 1482511 2289752
373	518 321604 419194 1573881 2323712
374	444 309990 395816 1521598 2297516
375	518 368208 412508 1478654 2340483
376	444 364934 394592 1527972 2308561
377	518 301988 375696 1536893 2403095
378	518 303650 375906 1527387 2325481
379	518 370738 402880 1519698 2275800
380	444 316528 377190 1516779 2311408
381	592 308218 394214 1524286 2301237
382	444 356070 418802 1514949 2303396
383	518 305918 383396 1470926 2265067
384	518 358114 426602 1455480 2373271
385	444 321246 388128 1513355 2305232
386	518 315986 395164 1410794 2350066
387	444 309788 384150 1546060 2292677
388	592 365350 410372 1516662 2305573
389	592 301446 393512 1528966 2323677
390	518 318984 408678 1507318 2332262
391	444 302558 378382 1506546 2287242
392	560 305974 456492 1495352 2300142
393	518 303228 422846 1520532 2346270
394	444 314310 361752 1512212 2260933
395	518 304050 391148 1453367 2291453
396	518 329504 414950 1490946 2298707
397	518 345174 422040 1488420 2306695
398	518 317968 378598 1508501 2299769
399	518 312858 401324 1487706 2255398
400	518 345480 378764 1509238 2287262
401	444 370524 404388 1502959 2304883
402	444 311332 356102 1515183 2364523
403	518 303262 460322 1485436 2280503
404	444 319840 420572 1457074 2326177
405	444 322682 451814 1406574 2323524
406	518 260962 387112 1492336 2357853
407	518 323694 424358 1416148 2252427
408	518 319064 386868 1451175 2288908
409	444 323872 415686 1487858 2378212
410	518 320802 389994 1510840 2307367
411	518 300150 456574 1473113 2334937
412	444 320632 374254 1468550 2337741
413	518 280674 414140 1413648 2306453
414	518 362904 396468 1432722 2335431
415	444 302680 379228 1461798 2361002
416	634 381922 420302 1442927 2274842
417	518 297670 420404 1447768 2327386
418	518 288616 366780 1477968 2312199
419	444 314376 403224 1475519 2382210
420	518 368666 395490 1511280 2323345
421	518 260374 420098 1449623 2398355
422	444 304846 386350 1512084 2280337
423	518 251104 370234 1500063 2367477
424	518 340142 368970 1502876 2350639
425	444 362078 421482 1439760 2284571
426	518 365452 454254 1408826 2270481
427	592 235906 378482 1439166 2383303
428	444 301018 404054 1483188 2329181
429	444 356126 424224 1480863 2136943
430	592 319460 364630 1453127 2136474
431	370 335112 387980 1560200 2332642
432	518 352632 393828 1501841 2341295
433	444 322946 418988 1498844 2316684
434	444 366178 406436 1473846 2384839
435	518 320354 385976 1485366 2335533
436	518 322242 381478 1428908 2298205
437	518 315700 384998 1551241 2307455
438	444 292580 390662 1506941 2342930
439	444 317886 429096 1473468 2317307
440	560 324710 424726 1492924 2315460
441	592 319860 426372 1500176 2345026
442	444 314034 384164 1581780 2349830
443	444 351990 413666 1513388 2342819
444	518 364502 391654 1489108 2369457
445	518 304706 387752 1481088 2340523
446	444 305964 390758 1538663 2330614
447	518 344938 464092 1479128 2333296
448	518 319838 461228 1410352 2320237
449	518 301896 373640 1483320 2373257
450	518 363650 421260 1546968 2335390
451	444 372734 448184 1429012 2352796
452	518 276092 373730 1521546 2318680
453	444 363522 385976 1553738 2364705
454	518 309982 411226 1565215 2351889
455	592 296304 404076 1494390 2335207
456	444 321710 376336 1467832 2321821
457	518 364818 396182 1506940 2338895
458	518 365950 383408 1527866 2312698
459	518 321084 394800 1485538 2344041
460	518 307940 389982 1518054 2329260
461	518 360952 388466 1497806 2366721
462	444 253934 438538 1471379 2297046
463	518 346718 427038 1543489 2328181
464	518 309720 417064 1530369 2278413
465	560 291346 407518 1509848 2324284
466	518 367670 386150 1479294 2296086
467	444 352180 454382 1487740 2318086
468	444 278886 386736 1493108 2352057
469	444 302854 369210 1477766 2360513
470	518 364234 424086 1533196 2278631
471	518 321774 398558 1559714 2355863
472	444 372096 388240 1469883 2303575
473	518 374278 387448 1494198 2340622
474	444 320056 408448 1506906 2329188
475	518 367332 429162 1468118 2359725
476	518 252986 370292 1498694 2362123
477	444 278038 400530 1446499 2326636
478	444 326448 387094 1531053 2343806
479	592 304386 420426 1489230 2353411
480	518 320184 380534 1495024 2311605
481	370 366046 395300 1485692 2324626
482	592 362896 385378 1489034 2354287
483	518 320828 383780 1465119 2316089
484	444 315480 383452 1467360 2345342
485	518 339754 380906 1492470 2327060
486	444 354208 443488 1523375 2311123
487	444 316046 372130 1484262 2391312
488	592 367940 394994 1507398 2292395
489	486 354240 398940 1489832 2306771
490	518 320754 366858 1553007 2391832
491	444 320700 416544 1491794 2309877
492	518 307668 439212 1482689 2352997
493	444 312746 440328 1544843 2328218
494	592 297426 408104 1550456 2374151
495	518 366488 393396 1490106 2307774
496	444 316320 374264 1469060 2344972
497	518 352102 391438 1531482 2292428
498	518 321274 367716 1430194 2368372
499	444 322530 392818 1497680 2257502
500	518 305146 389606 1461588 2316259
501	518 302924 461362 1482870 2339413
502	518 338872 385844 1487280 2320137
503	444 305094 388838 1490772 2369738
504	518 368106 398822 1454463 2336171
505	444 341374 427034 1441175 2328758
506	444 297266 336498 1552209 2309552
507	444 370026 394102 1594974 2183287
508	518 295748 384676 1568523 2165306
509	444 327044 419780 1539933 2369450
510	518 370930 456378 1535784 2393597
511	518 315288 391224 1531075 2329780
512	444 321792 393124 1559576 2337219
513	486 365542 390734 1552916 2290043
514	518 311880 386022 1543799 2303411
515	444 320770 391358 1553982 2315964
516	518 369348 385092 1542709 2342398
517	370 308562 400292 1483516 2314465
518	518 305104 405866 1491098 2328755
519	518 250102 381608 1469270 2375710
520	518 369586 434350 1481090 2319318
521	518 315802 416798 1505260 2356094
522	518 308044 385422 1486462 2322934
523	518 370098 431276 1475016 2325454
524	518 366504 393190 1523437 2318837
525	518 304530 369192 1531550 2324078
526	518 319956 423028 1493785 2351782
527	444 357296 461020 1497544 2349440
528	444 308690 381862 1526514 2375434
529	444 321842 368522 1492897 2323360
530	518 381332 423468 1521940 2281845
531	518 336880 388322 1513629 2392791
532	444 322176 393768 1488938 2328742
533	518 378052 390538 1468490 2385240
534	592 367710 389346 1546454 2316670
535	444 305976 373142 1525690 2353775
536	518 352048 391904 1450371 2333186
537	444 319664 394058 1486922 2313675
538	634 277288 430596 1553336 2351109
539	518 346754 387112 1480126 2307152
540	444 379746 387240 1491494 2381251
541	518 316574 373346 1450246 2369362
542	518 333046 393574 1487528 2306729
543	370 306222 392648 1485928 2338852
544	518 315898 426992 1487972 2386889
545	518 348580 395304 1441018 2317252
546	444 307362 403364 1509182 2320235
547	518 320378 438894 1499298 2355487
548	444 362976 455422 1480282 2333327
549	518 318880 376762 1498822 2312325
550	518 324978 380154 1516279 2400291
551	518 364146 386802 1552166 2385957
552	592 368160 389862 1528062 2331946
553	444 322654 387552 1562886 2347382
554	592 369168 392068 1561174 2396769
555	444 369708 388450 1566576 2345376
556	444 302472 391836 1496999 2315320
557	518 255990 397728 1533200 2319853
558	518 301980 386586 1536669 2361481
559	444 319696 400948 1558266 2408940
560	518 324004 415504 1541475 2281921
561	518 288948 385278 1507571 2333211
562	560 365890 426836 1556423 2316826
563	518 375036 404904 1544501 2333946
564	444 257216 401372 1547704 2304337
565	518 363494 385790 1504154 2367046
566	518 305628 394378 1534858 2258714
567	444 373868 423024 1541640 2354674
568	518 294404 421744 1560359 2246156
569	518 322282 390630 1552889 2301837
570	444 329062 386216 1519181 2312838
571	444 316368 458982 1532563 2347412
572	518 363614 392880 1546198 2302075
573	518 347230 389346 1518106 2294610
574	444 303584 381216 1492756 2348760
575	518 314800 424312 1498032 2377317
576	444 315278 385312 1428590 2267901
577	518 341602 429422 1546638 2350846
578	518 299676 409828 1492036 2335468
579	370 323032 371810 1498089 2342825
580	592 367172 388644 1531962 2332588
581	444 319952 391716 1548605 2339071
582	444 339292 384634 1486052 2305274
583	518 327988 384326 1486202 2344692
584	444 360552 422374 1496206 2338142
585	444 317198 390994 1491536 2320411
586	560 302722 431176 1466236 2319580
587	444 319172 444222 1511328 2322353
588	592 304980 394734 1466674 2339852
589	518 360870 384228 1503922 2315279
590	518 317854 388060 1465713 2330461
591	444 248482 353510 1524760 2314466
592	592 295294 426800 1514474 2338399
593	444 351424 434186 1418042 2315778
594	518 338120 384070 1435073 2279552
595	518 322154 365974 1459954 2324809
596	518 295784 390256 1490622 2246789
597	444 304624 397020 1359392 2151911
598	592 320302 377106 1424144 2329411
599	444 295714 374088 1464137 2375829
600	518 250572 443856 1456699 2176548
601	518 352072 419142 1462198 2327523
602	444 305296 364910 1461448 2191855
603	518 372192 387426 1510108 2312644
604	444 319382 418878 1508919 2319101
605	592 304784 428602 1486491 2236817
606	370 291532 425766 1507571 2234348
607	444 319190 437822 1415756 2294934
608	518 354838 387174 1430841 2261206
609	444 360464 385916 1450412 2358622
610	518 317600 362478 1561685 2318432
611	634 299526 396778 1442296 2280394
612	518 358916 421126 1424376 2351244
613	444 320156 429880 1483120 2259753
614	518 278478 396654 1473887 2368625
615	444 349762 393640 1485391 2252128
616	518 312298 433976 1468846 2332925
617	444 296612 421044 1498980 2357999
618	518 354800 403196 1499388 2301333
619	518 322208 387186 1431276 2385895
620	518 301620 391226 1427930 2352999
621	444 363010 421850 1480846 2327076
622	592 297370 456880 1424216 2278637
623	444 257320 370738 1422815 2354738
624	592 267164 387244 1502712 2323389
625	444 302702 477864 1439114 2328097
626	592 304906 404404 1422588 2331079
627	444 374736 431612 1461212 2347385
628	518 303196 381668 1523148 2300083
629	444 300698 392810 1357900 2361376
630	518 332070 382124 1464160 2312511
631	518 319606 389856 1446996 2374378
632	444 313648 415976 1460708 2353232
633	518 301420 402688 1432080 2302300
634	518 383846 436842 1512082 2396709
635	560 304702 410228 1448098 2304728
636	444 310078 367380 1453586 2349999
637	592 301230 385282 1478496 2319580
638	444 332002 419720 1459960 2396121
639	518 316328 375966 1432061 2315740
640	444 371808 440894 1485838 2353708
641	444 307316 454444 1481626 2288584
642	444 258354 394806 1441870 2358270
643	518 367966 391844 1489176 2395889
644	444 361798 388458 1405534 2278924
645	518 303694 357250 1491558 2320408
646	444 372742 422554 1427054 2320915
647	518 362792 388380 1433246 2344627
648	518 341688 387456 1487100 2355794
649	444 330082 376224 1460076 2327956
650	518 306670 411400 1437702 2349077
651	592 319482 373170 1500602 2367531
652	518 317856 393052 1487676 2300774
653	444 320956 386212 1424172 2305276
654	518 322290 419662 1474058 2373071
655	518 362376 387046 1500468 2342619
656	518 380236 428516 1396526 2322910
657	518 320912 371102 1451708 2284473
658	444 317940 382174 1547239 2373007
659	592 320138 412906 1436337 2280369
660	560 355504 451950 1473854 2302934
661	518 256280 422028 1438384 2361967
662	518 250618 385906 1488322 2333922
663	444 384542 442304 1417020 2323744
664	518 325350 376342 1489286 2292828
665	592 372142 426874 1417100 2312145
666	444 320610 386472 1506007 2336394
667	370 326818 372344 1486718 2372056
668	518 310038 396924 1489034 2331535
669	518 304956 389964 1426276 2291995
670	518 238312 381404 1482014 2328333
671	444 321006 439584 1436278 2292304
672	518 360950 387876 1472988 2367172
673	370 366782 388842 1489206 2377591
674	518 304652 400570 1392492 2235815
675	444 368734 422036 1394740 2233839
676	518 319840 390938 1450077 2332656
677	592 302712 374750 1450916 2339423
678	518 311500 373714 1465704 2281717
679	444 373060 375664 1492868 2342548
680	518 341792 391724 1515584 2362820
681	444 359778 387544 1490092 2308930
682	518 364754 387046 1428902 2344715
683	518 320654 375378 1482626 2345257
684	518 371712 398642 1494090 2362704
685	592 366360 384486 1484054 2314626
686	560 321142 379252 1423226 2322408
687	444 306666 393834 1426158 2317262
688	518 302556 424828 1482060 2295781
689	518 321580 366876 1491788 2322951
690	370 322550 388098 1465372 2330338
691	518 375758 441242 1495818 2303406
692	518 295208 442606 1482056 2373947
693	444 304080 389732 1429349 2297641
694	444 371892 455212 1492964 2333058
695	518 256564 371916 1478338 2388734
696	518 318246 385844 1500624 2322909
697	444 366210 387558 1485529 2342237
698	518 366274 475250 1496797 2362160
699	518 316176 383344 1493302 2263845
700	444 334562 384050 1438724 2406251
701	444 368044 389294 1532551 2343266
702	444 319952 391266 1517182 2302576
703	518 355988 385910 1450696 2312230
704	592 306820 404772 1499556 2329946
705	518 349666 423648 1422936 2364497
706	444 319180 373996 1487768 2329093
707	518 314640 393454 1497250 2382339
708	444 301218 370910 1503926 2358154
709	518 370062 452994 1484848 2338499
710	444 256498 375998 1516044 2374301
711	592 352576 386984 1487463 2356577
712	444 367096 389424 1417864 2316069
713	560 305158 400804 1493561 2346744
714	444 374754 438486 1559362 2360128
715	518 302694 431384 1483228 2310481
716	518 255916 375422 1530921 2372830
717	592 320400 386196 1503094 2336471
718	444 305476 399392 1490242 2289896
719	592 381042 463784 1545967 2322057
720	518 320668 384332 1504931 2407171
721	444 330470 414470 1521144 2321848
722	518 353704 398434 1500466 2362156
723	518 321034 378200 1501989 2313914
724	518 312258 387438 1487373 2309297
725	518 306008 389734 1481090 2366770
726	518 362676 385906 1508979 2360382
727	518 255668 483636 1487426 2311071
728	518 331140 459704 1438608 2348632
729	370 321056 379812 1493362 2328184
730	518 321526 443568 1522740 2337273
731	518 301140 384906 1474428 2328303
732	518 366916 447714 1448061 2329008
733	592 327202 405294 1500420 2341796
734	444 372828 383304 1453116 2346398
735	518 330960 398012 1519250 2404022
736	444 351416 387702 1463424 2325142
737	444 320180 395824 1411162 2325876
738	444 374878 395048 1477426 2350745
739	518 304430 424020 1492408 2384216
740	560 277436 425070 1465690 2319511
741	518 373098 385724 1510564 2354556
742	518 307806 415300 1548710 2307183
743	444 298168 379788 1465356 2326940
744	518 372854 382426 1461148 2343516
745	444 373920 389248 1498944 2340281
746	518 320960 405552 1470950 2308728
747	518 319186 375796 1517592 2380496
748	444 369346 442738 1493484 2306403
749	518 371798 388446 1442624 2330361
750	518 322608 376398 1452508 2340038
751	518 369444 384932 1500592 2310937
752	592 317730 387046 1458474 2330515
753	518 322344 443932 1483764 2299339
754	518 313520 453036 1442401 2356947
755	444 258208 367014 1476584 2339253
756	518 368556 382470 1444112 2326309
757	444 318712 376038 1523114 2343811
758	592 341640 429888 1470361 2349405
759	444 359830 397464 1421230 2301099
760	592 375224 387108 1491028 2331679
761	518 305426 385060 1480274 2330827
762	444 340994 426100 1475887 2362072
763	518 319456 398376 1528610 2336178
764	592 353254 411268 1515832 2265070
765	518 275524 456134 1510593 2337105
766	444 273566 426194 1555497 2312472
767	560 304658 386662 1411100 2331076
768	518 369446 399718 1499019 2285189
769	444 320634 404770 1500684 2370722
770	518 368672 396650 1530920 2293197
771	444 359844 388772 1450343 2347916
772	444 334122 397274 1469786 2268055
773	518 317840 377510 1536821 2320360
774	444 361696 408036 1553314 2361813
775	518 288974 454596 1478674 2289205
776	444 256052 433282 1476670 2344945
777	518 371884 416134 1497232 2296712
778	444 312200 384870 1490508 2326882
779	518 319676 379566 1493838 2310912
780	518 359208 385954 1502969 2355991
781	444 369502 412456 1510026 2360452
782	592 325350 365748 1479134 2300899
783	518 373654 389280 1424578 2286684
784	444 304952 409066 1483848 2411454
785	592 318576 366660 1470028 2296237
786	444 320890 385592 1468333 2344282
787	444 370588 385448 1476916 2353719
788	444 316860 375270 1481364 2298395
789	518 344868 405482 1466479 2353576
790	444 319068 384164 1503912 2290195
791	444 364082 430056 1481350 2334907
792	444 350202 384420 1484372 2364207
793	634 359182 388260 1454326 2312520
794	444 352650 408286 1499600 2357789
795	444 320500 373740 1485512 2307926
796	518 360726 397864 1432280 2343400
797	444 304650 387210 1475990 2307267
798	518 350222 424842 1501670 2331443
799	518 339276 387462 1427864 2309674
800	444 300406 374760 1472643 2383617
801	592 296650 388904 1504250 2351676
802	518 324726 372340 1481342 2362092
803	444 350224 393900 1484240 2328782
804	518 304198 389246 1491706 2422695
805	518 321848 407856 1482768 2297857
806	444 351512 422692 1421592 2365186
807	518 349372 441280 1435380 2283400
808	444 316592 405032 1399038 2195308
809	518 290226 378342 1387375 2153306
810	518 366996 394522 1492170 2335743
811	370 351988 438684 1552169 2344784
812	518 293610 413858 1488923 2326868
813	592 305118 385766 1539104 2324743
814	518 350814 394878 1555518 2284538
815	518 351318 385572 1490218 2353935
816	370 334710 368112 1458447 2351203
817	592 295712 383614 1486482 2328405
818	518 298812 394946 1489072 2357227
819	444 316576 403738 1506454 2298985
820	560 365238 391588 1473460 2386708
821	444 350048 379024 1465250 2339848
822	518 309000 364110 1428726 2299005
823	444 307400 458156 1473354 2351658
824	518 321312 430136 1379896 2320669
825	444 320302 369164 1543464 2370429
826	444 334850 418146 1495167 2341058
827	592 318370 386406 1453358 2292233
828	444 321420 411304 1428744 2315089
829	444 311812 386608 1470970 2327226
830	592 325218 373898 1500192 2409900
831	444 369530 433638 1468452 2307473
832	518 303894 388392 1442398 2345408
833	444 321588 424494 1477177 2350697
834	518 298412 386608 1474148 2353065
835	518 325156 396110 1500852 2305966
836	518 287100 399470 1499388 2355681
837	518 324640 417920 1500044 2373779
838	518 304170 421284 1500004 2348302
839	518 269086 391456 1469904 2340852
840	518 365698 448168 1461278 2380135
841	518 262568 399042 1437010 2319624
842	444 299128 386748 1452842 2350695
843	444 319426 422020 1475334 2357829
844	518 300394 431770 1450368 2315519
845	518 377438 428500 1407034 2346771
846	592 296784 390246 1489474 2312512
847	560 317408 384668 1488472 2330688
848	370 356352 387112 1474304 2314606
849	592 351608 412584 1403033 2363643
850	518 343148 379584 1489118 2377903
851	518 299802 388132 1482746 2341840
852	444 322472 380182 1484550 2326883
853	518 318768 368926 1518118 2338513
854	444 352920 417766 1391828 2283188
855	518 371548 431126 1451192 2333304
856	518 321256 373108 1402259 2324072
857	518 318682 455282 1502762 2341363
858	518 320556 459956 1476486 2346245
859	444 300342 410172 1476868 2384693
860	444 350392 395948 1438660 2252071
861	518 296944 371594 1477666 2363146
862	518 321274 396472 1434502 2360490
863	518 322260 395910 1479636 2284298
864	518 366454 425524 1427186 2342381
865	444 305508 369922 1513002 2279862
866	518 324314 406248 1439484 2347162
867	518 368936 403426 1452556 2312662
868	518 365178 391720 1422428 2356754
869	592 322084 374968 1491514 2305288
870	518 363142 392446 1429024 2323431
871	444 363248 409250 1490824 2339935
872	518 301422 375490 1481812 2330119
873	560 356158 404642 1489180 2348288
874	370 327840 378788 1422346 2346335
875	518 313516 390502 1488262 2270078
876	518 302536 388676 1430840 2363770
877	518 352110 389836 1480232 2348516
878	444 337024 364838 1495088 2315884
879	444 366186 441844 1483760 2331872
880	518 323736 394664 1422292 2326147
881	518 351392 381418 1431182 2333423
882	518 306240 406354 1501156 2339716
883	518 358606 418636 1460350 2336568
884	444 313500 388744 1522220 2346205
885	444 310458 375372 1401702 2324543
886	592 299724 386864 1526696 2329031
887	444 372596 455146 1395620 2283866
888	444 257902 403000 1539340 2402777
889	444 302484 450776 1486588 2328995
890	518 325408 425590 1451696 2316864
891	592 319476 376956 1490336 2289918
892	444 372180 404136 1433028 2304569
893	592 323244 391014 1500646 2325004
894	444 321402 378250 1558064 2348713
895	518 321602 387116 1473448 2324447
896	518 365886 409936 1521924 2384813
897	518 314878 374728 1457932 2368003
898	518 367456 391574 1520398 2263449
899	518 370466 402360 1427764 2330241
900	560 292156 373704 1516982 2332606
901	444 320866 377698 1400280 2361339
902	444 354284 402036 1497826 2350485
903	518 322772 403884 1475718 2345691
904	518 367620 438960 1495156 2293260
905	518 259146 389606 1491024 2378156
906	444 322658 389918 1409620 2350907
907	518 320288 434426 1497280 2320387
908	518 314808 441408 1426020 2305709
909	444 304658 392228 1487432 2345162
910	518 320708 387544 1481334 2337174
911	518 288416 385724 1514137 2314294
912	518 297778 416634 1482300 2266278
913	370 373478 470322 1456728 2368157
914	444 255940 431814 1433110 2342366
915	444 299424 416150 1486518 2299055
916	444 366392 386278 1440894 2333063
917	518 325210 387112 1499958 2326714
918	518 320060 411342 1502492 2348044
919	444 344144 385910 1492896 2334782
920	518 355018 398980 1487259 2324764
921	444 326368 452330 1476176 2389035
922	444 338068 385698 1485224 2356961
923	518 308190 379702 1425726 2251063
924	592 318380 405112 1488516 2356634
925	444 297794 364410 1488494 2297762
926	444 371920 396138 1460214 2352222
927	560 359340 428076 1488700 2355146
928	518 315980 383644 1503058 2271178
929	444 357044 424476 1481107 2360507
930	592 330970 387394 1538028 2269785
931	518 322802 390882 1533847 2317246
932	518 300524 385782 1528622 2322587
933	444 380650 421802 1549906 2379812
934	518 313152 374802 1499692 2307592
935	444 322344 427404 1488098 2381676
936	444 304434 454188 1491928 2303832
937	444 289310 423230 1485768 2365505
938	592 300482 390820 1427306 2318848
939	518 375676 403004 1480414 2315284
940	518 317482 391526 1496628 2355612
941	518 327332 384618 1419434 2276328
942	444 364330 400416 1479450 2353454
943	444 321758 393512 1431538 2309541
944	444 308118 455266 1510380 2309540
945	444 323096 426620 1477842 2390384
946	518 369570 396214 1470358 2319384
947	518 292048 387112 1495015 2362624
948	518 321052 395836 1441191 2306093
949	518 362844 406378 1482262 2358550
950	518 375696 384140 1493584 2359258
951	518 299644 390852 1418106 2310360
952	518 365818 405296 1558206 2343017
953	444 318494 389350 1440706 2377451
954	486 262498 404204 1483070 2345213
955	518 318116 399730 1494288 2307839
956	444 293500 394664 1490206 2382684
957	518 382188 412448 1487210 2325041
958	592 320040 399118 1485992 2355389
959	518 374498 413158 1493694 2339487
960	518 362734 404152 1440994 2360764
961	592 322530 377868 1482740 2349956
962	518 370134 388454 1405020 2319753
963	518 318876 374968 1498990 2341753
964	444 370314 387318 1555140 2353701
965	518 327414 391142 1427388 2291244
966	518 323182 381400 1531056 2356039
967	592 373744 391028 1509460 2338076
968	444 373870 389882 1556245 2355719
969	518 320680 444948 1548450 2358713
970	518 360944 393000 1547167 2335413
971	518 304436 386534 1522218 2366884
972	518 325028 370448 1516174 2319838
973	370 252584 389920 1439052 2313671
974	592 384116 422674 1466858 2343593
975	518 372436 395732 1490240 2399829
976	444 319860 391740 1514182 2318345
977	444 307680 388766 1488491 2317329
978	518 319670 425274 1563167 2341309
979	518 373420 428716 1485336 2335531
980	444 320674 403648 1488140 2330660
981	518 370758 396518 1529169 2365397
982	444 361508 388228 1548060 2312734
983	518 340498 394276 1499818 2355935
984	518 363808 393838 1480375 2271276
985	444 311916 397200 1571669 2340054
986	518 306066 375008 1496291 2351890
987	518 374756 408338 1528587 2313580
988	518 366800 396204 1569715 2327773
989	444 365686 383140 1504225 2326017
990	518 319536 374900 1534782 2363965
991	444 270056 387018 1559454 2394874
992	444 305752 391014 1519652 2306895
993	518 322022 491870 1431620 2275304
994	518 377028 396354 1538478 2350051
995	518 348794 389478 1378878 2305253
996	444 343964 372924 1512292 2338262
997	518 277888 383264 1544127 2352681
998	444 325356 387050 1443460 2358733
999	634 303510 398254 1444506 2267059
1000	444 302360 387240 1477746 2323044
1001	518 319126 399348 1498764 2345956
1002	518 369658 399086 1489986 2295322
1003	518 361000 387942 1470268 2368822
1004	370 298648 373982 1424844 2294317
1005	518 307424 370388 1484586 2359292
1006	444 359104 408430 1496875 2279840
1007	592 304718 397418 1534296 2327961
1008	518 344454 418992 1437901 2324740
1009	444 364576 386864 1536777 2285442
1010	518 302390 369252 1532040 2302262
1011	444 368138 424648 1501566 2361392
1012	592 364338 389792 1483281 2334276
1013	444 321346 378396 1559443 2296521
1014	444 349776 387492 1541847 2314604
1015	518 328406 389540 1493910 2348795
1016	518 289704 392940 1479426 2326750
1017	518 372050 412680 1528561 2354399
1018	518 313248 422108 1419108 2330580
1019	518 308600 405610 1548780 2352677
1020	518 260204 348138 1539464 2359538
1021	518 373694 475276 1479943 2244788
1022	444 344536 389994 1481080 2302038
1023	444 297258 386174 1512874 2359834
1024	518 313144 387610 1546655 2317230
1025	444 341856 419828 1546540 2375727
1026	518 300802 383846 1478317 2330739
1027	518 298154 410300 1482858 2299485
1028	592 256284 413898 1457772 2352450
1029	518 314426 425666 1490804 2282226
1030	518 290382 390564 1500756 2323211
1031	518 313870 392740 1531023 2302961
1032	444 320832 419366 1527385 2336559
1033	518 316306 384538 1510443 2355301
1034	592 348936 398636 1500662 2380609
1035	518 305586 383466 1459829 2314844
1036	370 318458 425354 1536233 2305166
1037	444 363082 395300 1489119 2350303
1038	592 307178 384230 1487002 2313759
1039	444 322348 373108 1453598 2337286
1040	444 294508 385034 1555592 2402392
1041	592 300330 430514 1522305 2299560
1042	518 367050 469502 1492024 2301020
1043	444 303370 375172 1463035 2323984
1044	592 296604 393508 1451717 2364587
1045	560 343582 399006 1422389 2330577
1046	518 248776 387240 1489424 2334249
1047	592 320676 442814 1486793 2280493
1048	518 295964 426468 1478278 2333934
1049	444 248932 465374 1489653 2324755
1050	444 317918 421940 1475046 2310266
1051	518 322088 406504 1558711 2351044
1052	444 305326 389734 1440840 2303458
1053	518 299510 395826 1513535 2398881
1054	444 299372 404598 1487106 2331619
1055	518 305962 390564 1513637 2350488
1056	444 325876 425208 1537986 2309282
1057	518 373560 436512 1546287 2302267
1058	518 314476 424406 1544317 2238901
1059	444 297290 371144 1538836 2341048
1060	444 323178 384258 1551403 2327688
1061	518 302142 391146 1509700 2329212
1062	518 274678 371558 1500628 2348957
1063	444 373186 417952 1489774 2310982
1064	518 305594 411242 1488019 2361864
1065	518 342014 392480 1505418 2276892
1066	444 344352 396200 1498294 2349533
1067	518 320934 420516 1428568 2287837
1068	444 341508 435074 1423750 2298143
1069	518 293492 372326 1468662 2294977
1070	518 327566 442540 1474378 2329003
1071	518 320820 370668 1548073 2270373
1072	444 351660 412896 1509519 2299456
1073	518 342836 380058 1537197 2344460
1074	444 319812 390864 1527722 2308414
1075	518 317596 394730 1541922 2317299
1076	444 362070 428676 1556341 2406286
1077	444 254294 375828 1450976 2318851
1078	444 325804 369982 1459605 2301595
1079	592 266470 384762 1502825 2301947
1080	444 250138 379106 1493950 2331276
1081	518 367524 451818 1421930 2312862
1082	518 304406 392356 1415691 2381895
1083	518 318858 430516 1363654 2334982
1084	370 404758 444674 1452069 2345570
1085	592 437810 469226 1463651 2108748
1086	518 340908 444254 1478834 2038196
1087	444 369496 467762 1568880 2172100
1088	518 371054 499058 1696489 2339580
1089	444 386746 490276 1668422 2342943
1090	592 360156 451504 1707123 2399271
1091	486 375762 453048 1760390 2674102
1092	518 405890 479846 1753963 2746256
1093	518 396902 444022 1739468 2789521
1094	444 350468 462508 1739880 2649967
1095	518 372926 440738 1766635 2695731
1096	518 423292 454122 1731284 2711662
1097	592 371802 494260 1788985 2665914
1098	518 371578 502634 1815842 2645188
1099	518 376972 447784 1712922 2722460
1100	518 321852 453734 1803544 2681383
1101	444 363570 457900 1785211 2724386
1102	444 353180 420902 1836871 2684736
1103	518 371334 444344 1796781 2702282
1104	518 377480 440862 1747090 2644410
1105	518 298732 468274 1708620 2745093
1106	444 318188 427480 1723674 2763361
1107	518 375526 456426 1680060 2611748
1108	592 384700 494862 1651422 2646956
1109	444 353376 499266 1612361 2597213
1110	518 350816 453146 1641532 2474765
1111	518 340014 425126 1667984 2400622
1112	444 319882 448224 1798197 2453773
1113	444 312818 444962 1801185 2727393
1114	444 366652 478140 1553662 2541154
1115	444 430976 455556 1625583 2731938
1116	444 421054 449270 1689118 2694143
1117	592 340412 451430 1709017 2684508
1118	592 378376 461038 1777161 2354309
1119	518 373422 498012 1742370 2565852
1120	592 317210 474322 1796298 2362113
1121	444 306504 387112 1772026 2720511
1122	518 370022 427176 1692770 2685181
1123	444 250178 376160 1671788 2726418
1124	518 371668 390826 1735798 2648294
1125	444 314146 394466 1595784 2574737
1126	518 306878 386596 1677651 2737629
1127	444 301548 429790 1570026 2722568
1128	518 320580 423790 1459610 2399200
1129	592 313588 397608 1375631 2465154
1130	518 305020 381422 1458111 2363976
1131	444 320452 437664 1482416 2329893
1132	518 301662 421166 1479676 2005205
1133	518 305242 454444 1576376 2181898
1134	444 235326 378660 1517998 2349187
1135	444 373932 419246 1520151 2322942
1136	518 305716 389412 1516518 2331957
1137	486 312926 375530 1528240 2312935
1138	518 367606 385662 1531240 2296006
1139	518 372304 412638 1550149 2361543
1140	518 299412 394602 1537872 2248531
1141	518 319818 421896 1556641 2317734
1142	444 320006 393256 1552842 2343891
1143	518 315128 385126 1481466 2335610
1144	444 301804 400672 1440215 2333623
1145	444 372824 426460 1518323 2363251
1146	592 382452 439714 1553334 2359754
1147	518 327328 409128 1541101 2275162
1148	592 300466 378756 1570600 2318916
1149	518 309528 385038 1585793 2402971
1150	444 370490 378910 1550867 2301295
1151	518 367478 405866 1565343 2367313
1152	444 321016 368806 1519533 2350252
1153	444 371374 388330 1560194 2364981
1154	518 364786 388516 1571323 2372074
1155	444 321138 383736 1534727 2275433
1156	444 316648 386984 1567157 2362228
1157	444 364368 409384 1560200 2290394
1158	518 320238 402204 1539089 2328057
1159	518 303426 364284 1529718 2348515
1160	518 374120 397926 1552606 2366627
1161	518 337704 444528 1567840 2280061
1162	444 302860 448154 1548451 2304898
1163	518 306818 397074 1523995 2309604
1164	444 309672 393056 1547064 2331425
1165	518 342398 381058 1510706 2350288
1166	518 306800 398446 1540416 2297855
1167	518 351418 414418 1542127 2314285
1168	518 321898 426584 1570961 2345068
1169	444 307412 387174 1553984 2275402
1170	592 346298 425264 1549564 2328203
1171	444 321580 424610 1581456 2360214
1172	518 314140 388070 1565161 2317075
1173	444 376568 387706 1475438 2322575
1174	444 319622 375006 1463982 2311091
1175	444 368188 396138 1423362 2321979
1176	444 370048 435752 1492416 2318186
1177	518 321058 374364 1560792 2324515
1178	518 376084 389928 1569230 2335850
1179	444 367594 410650 1586422 2289599
1180	444 313110 426148 1586208 2300360
1181	518 305326 396456 1564748 2366080
1182	444 318112 406228 1561522 2364021
1183	560 293264 423122 1556482 2374091
1184	518 319288 386736 1538580 2345848
1185	518 347024 455212 1500536 2362685
1186	444 314566 371906 1537734 2312633
1187	518 297728 364938 1580995 2331167
1188	518 371792 409454 1534441 2348840
1189	444 359408 387178 1550779 2325588
1190	444 321874 378160 1570725 2356639
1191	444 350184 388264 1550017 2406967
1192	518 317890 397372 1573373 2282682
1193	370 320826 428624 1554460 2396770
1194	592 365870 386604 1557539 2335504
1195	444 363524 454948 1559254 2342559
1196	518 249288 372834 1543228 2377507
1197	444 340850 395224 1479455 2328545
1198	518 366026 395560 1489422 2275553
1199	518 301846 388838 1454653 2359136
1200	444 250040 453734 1540598 2357625
1201	518 342172 462170 1479156 2276115
1202	444 321634 420278 1566126 2418321
1203	518 326708 430458 1578014 2319168
1204	518 318280 385216 1558511 2338695
1205	444 372412 398380 1523925 2350269
1206	444 349944 401126 1546203 2336331
1207	518 319808 377352 1508127 2365617
1208	444 324028 387008 1574709 2343414
1209	444 304638 392294 1552102 2285425
1210	444 373734 422720 1577537 2361457
1211	518 320968 375024 1581968 2328692
1212	592 368672 388516 1532536 2351079
1213	444 371418 387428 1541340 2381524
1214	518 292638 377204 1501758 2328021
1215	444 372324 399078 1559248 2358062
1216	444 319148 380516 1515172 2325925
1217	518 306468 391946 1568172 2271692
1218	370 374734 395580 1566795 2358473
1219	518 375518 444654 1539732 2311095
1220	518 349174 386616 1539371 2296622
1221	518 306884 386980 1555229 2355703
1222	444 250750 402244 1524958 2316738
1223	518 316918 387664 1540541 2331872
1224	518 358334 421314 1498948 2317048
1225	444 348950 397922 1554333 2334466
1226	444 297980 400460 1482250 2370977
1227	518 354680 424752 1494001 2320254
1228	518 299464 393260 1494724 2395338
1229	560 387050 423030 1470284 2286844
1230	518 305064 366704 1448252 2352653
1231	518 367672 396206 1500882 2340092
1232	518 354214 413472 1505580 2316988
1233	444 301182 376462 1535735 2331776
1234	444 285142 389328 1466252 2350179
1235	518 381910 435872 1501086 2361654
1236	518 305850 423076 1505802 2367499
1237	444 290672 393082 1509722 2379160
1238	518 312190 402904 1554904 2340619
1239	518 320444 420726 1510753 2359455
1240	518 343820 398058 1497842 2321257
1241	444 323754 382760 1513263 2302213
1242	518 321034 399654 1482072 2379645
1243	518 291318 354014 1436903 2267191
1244	518 250350 396166 1490344 2334166
1245	444 403200 424922 1495122 2350134
1246	518 319378 423726 1485808 2323045
1247	518 309332 394544 1471918 2345489
1248	444 292446 387210 1453058 2312153
1249	444 301744 392590 1523160 2331649
1250	592 316096 412100 1446965 2265469
1251	518 368936 374284 1464607 2312788
1252	370 298264 402666 1560881 2276542
1253	518 297414 404138 1454452 2328907
1254	592 323694 376232 1509010 2327505
1255	518 364642 429912 1456206 2383094
1256	518 317686 396376 1487352 2299242
1257	444 320794 393698 1482118 2326256
1258	444 352554 394360 1477887 2339389
1259	444 361574 376434 1496062 2252743
1260	518 340618 384904 1481680 2344371
1261	518 303300 393648 1500781 2245153
1262	444 356592 403954 1495323 2275639
1263	444 280528 433770 1548549 2391705
1264	518 322698 451694 1491318 2318123
1265	518 321026 376670 1481140 2344917
1266	518 320422 432656 1435173 2301251
1267	518 310374 410412 1480276 2364410
1268	444 318606 389804 1495006 2360994
1269	592 321274 404122 1520283 2332847
1270	444 357468 398750 1534869 2323786
1271	518 306788 371604 1515548 2339681
1272	518 359006 450446 1506160 2317546
1273	444 316736 367858 1556697 2295797
1274	518 321446 386498 1486920 2383476
1275	486 334680 384954 1484942 2343633
1276	444 363062 412670 1496242 2342872
1277	518 303188 388454 1539001 2418227
1278	518 363296 407264 1523378 2311359
1279	518 314962 386192 1544861 2322783
1280	444 298668 426588 1570886 2344947
1281	444 370052 422522 1532489 2342291
1282	592 292548 374186 1501703 2341751
1283	444 247514 380880 1484132 2323812
1284	592 369200 426592 1496706 2338071
1285	444 361228 400226 1536276 2352502
1286	518 303550 384692 1493588 2334926
1287	444 303932 391964 1497202 2330844
1288	518 365838 463718 1374682 2334193
1289	444 311782 382628 1518980 2387702
1290	518 319820 408578 1430508 2291166
1291	518 313696 358854 1540016 2288307
1292	518 314198 419980 1489561 2374374
1293	518 312030 447024 1514602 2292357
1294	444 304554 467752 1534131 2353222
1295	444 372302 390696 1509839 2298390
1296	444 329852 388140 1459434 2353488
1297	518 319214 418490 1486350 2260476
1298	444 312442 439988 1510318 2337451
1299	518 302104 385700 1521132 2320343
1300	634 318316 381622 1537145 2368347
1301	592 344914 388008 1485828 2300990
1302	518 327712 383712 1463224 2309672
1303	444 311294 386108 1497588 2333466
1304	444 305692 398818 1488088 2358383
1305	518 320672 394760 1471754 2296629
1306	444 365450 391394 1492335 2391920
1307	444 320634 375754 1529864 2278933
1308	444 332684 398120 1562236 2331241
1309	518 368880 382632 1483718 2330593
1310	444 320068 374156 1409104 2359421
1311	518 370810 474148 1510556 2305175
1312	444 307814 390122 1499656 2347817
1313	444 318722 375522 1502822 2298619
1314	518 356388 449894 1513573 2333080
1315	518 313114 371552 1583985 2382152
1316	444 356636 396068 1561690 2303368
1317	518 372578 448972 1477126 2372681
1318	518 306966 405172 1534742 2341557
1319	444 321404 376236 1502570 2319822
1320	444 316824 449514 1513118 2386334
1321	518 300298 418846 1557884 2347895
1322	518 314508 441736 1491130 2356835
1323	518 304468 392762 1495216 2386865
1324	412 363102 385382 1488772 2367241
1325	518 322596 399974 1525922 2313099
1326	444 311240 386982 1506356 2333457
1327	518 354688 389668 1476689 2327428
1328	444 307564 375290 1548490 2329754
1329	518 364010 392038 1539170 2361631
1330	444 300464 425818 1532765 2315314
1331	444 317290 421266 1519636 2325690
1332	518 251528 377682 1564657 2310361
1333	444 366368 423834 1539844 2340908
1334	518 369830 406936 1419766 2316892
1335	444 322232 362650 1472036 2312879
1336	444 358400 397052 1512722 2323173
1337	518 367876 411246 1500453 2314077
1338	518 355314 390490 1506493 2308852
1339	444 319226 377490 1479827 2334381
1340	518 316956 394606 1473555 2369828
1341	444 350552 412390 1499558 2312842
1342	592 364150 387430 1494864 2340986
1343	444 304596 372622 1525912 2330842
1344	370 365264 385910 1563424 2334482
1345	444 368388 441710 1484232 2391120
1346	518 325460 371634 1507831 2314789
1347	444 322166 401502 1557921 2357322
1348	444 317926 376674 1529619 2354925
1349	560 354840 406064 1499422 2344226
1350	518 320890 385102 1486072 2286225
1351	444 321264 388070 1458686 2350570
1352	444 369462 397026 1531790 2330903
1353	444 318780 394776 1567118 2335303
1354	518 370004 395886 1464028 2284973
1355	444 371552 440700 1504070 2287750
1356	444 335376 385452 1504543 2325128
1357	444 254090 371036 1489204 2336551
1358	444 365280 464114 1561461 2363431
1359	518 308826 410408 1557094 2378473
1360	518 256804 383388 1523948 2272653
1361	592 366548 386966 1484842 2355967
1362	518 324394 453800 1564695 2351436
1363	518 322848 425722 1541117 2359549
1364	518 312370 391624 1540477 2331585
1365	518 351702 385370 1556174 2311416
1366	518 366192 444066 1527817 2355179
1367	444 321828 416582 1535117 2289633
1368	518 315784 384116 1584783 2318275
1369	518 306304 394174 1547747 2286898
1370	444 361760 386662 1545139 2320271
1371	444 321880 383810 1553082 2335542
1372	592 335644 395954 1548923 2345564
1373	560 303254 385126 1535591 2349957
1374	444 311874 424622 1551255 2321712
1375	518 319436 486960 1546821 2326545
1376	518 327614 392744 1557973 2288329
1377	518 367074 401176 1580666 2315831
1378	518 307204 369936 1532644 2354250
1379	444 367648 395370 1532764 2305532
1380	518 319264 409702 1551966 2352473
1381	444 320064 363794 1502236 2304781
1382	518 366264 385844 1502118 2335740
1383	518 372604 389726 1501550 2346923
1384	518 325882 377474 1464864 2300230
1385	518 364116 387226 1506687 2287998
1386	444 361248 387112 1491548 2364001
1387	444 321048 423442 1494043 2363936
1388	518 304788 388330 1559773 2331465
1389	518 367572 410660 1502556 2295894
1390	518 340304 386798 1466667 2325595
1391	444 332614 396410 1536941 2363855
1392	518 312866 373872 1526589 2279876
1393	518 301862 389230 1545524 2319956
1394	444 373210 422132 1574047 2321471
1395	518 298506 445004 1543869 2339594
1396	518 296884 381680 1565885 2364338
1397	444 300736 387360 1540655 2316802
1398	560 330838 452912 1538353 2364501
1399	444 255222 376480 1564491 2290066
1400	518 362424 460166 1522395 2359129
1401	518 244066 388706 1538590 2310051
1402	518 360692 427336 1593998 2355382
1403	444 301772 374688 1513751 2328281
1404	518 332258 422892 1489986 2340849
1405	444 327468 389800 1487738 2392597
1406	518 320072 374044 1499816 2330581
1407	444 371300 389978 1436071 2261751
1408	518 359442 388818 1486565 2342629
1409	444 332366 390712 1531797 2348137
1410	444 319622 435668 1556749 2367883
1411	592 344572 462318 1543968 2297310
1412	518 306352 370000 1492906 2289322
1413	444 320774 420952 1487928 2359391
1414	518 360468 385778 1485080 2334719
1415	518 363030 435174 1461902 2352673
1416	444 340954 375356 1491136 2336610
1417	444 340346 463522 1525312 2294790
1418	592 305632 395560 1421852 2344389
1419	444 319074 403208 1509008 2317665
1420	444 321262 445190 1413048 2335437
1421	518 315490 387112 1548904 2370107
1422	592 304660 389540 1426378 2310585
1423	560 318460 369350 1491926 2346581
1424	518 303538 388116 1496458 2376593
1425	444 353914 417236 1480509 2351358
1426	444 363118 455786 1489910 2283814
1427	518 297772 410506 1445284 2333434
1428	518 314944 426686 1515665 2252497
1429	444 299374 431602 1535651 2347696
1430	518 303218 478380 1533588 2319920
1431	444 293042 451562 1553140 2365355
1432	518 314556 425890 1514905 2364117
1433	518 323036 398554 1509540 2282068
1434	518 308876 423236 1460592 2325539
1435	518 297462 456368 1538138 2312214
1436	518 322348 380524 1513428 2348362
1437	444 318526 410600 1508066 2368369
1438	518 324206 397148 1450491 2259454
1439	444 352882 392030 1504101 2411778
1440	518 299088 377520 1543811 2277608
1441	444 372162 420558 1478998 2331232
1442	444 319560 388582 1490978 2348608
1443	518 258088 414858 1549142 2311580
1444	518 313956 424940 1418064 2354106
1445	518 303178 406348 1446210 2354717
1446	518 345228 422640 1416430 2327449
1447	486 312502 419678 1475520 2294740
1448	444 287358 397030 1551315 2357880
1449	518 356216 380836 1519482 2338545
1450	518 368428 429708 1415872 2318166
1451	518 300610 394624 1508156 2344214
1452	444 299544 396124 1457654 2331145
1453	444 366306 384936 1413776 2343575
1454	518 350936 424710 1526453 2330291
1455	592 254520 400902 1505747 2327142
1456	518 296880 394606 1502712 2326470
1457	518 355418 393062 1415284 2353883
1458	444 326786 388326 1491960 2353086
1459	518 306446 393534 1438896 2350525
1460	444 321306 379196 1474190 2284616
1461	592 300084 425822 1423212 2363097
1462	518 344162 408044 1486444 2310521
1463	592 314238 384924 1426794 2330891
1464	444 323500 423536 1486528 2273582
1465	518 312784 458924 1421238 2321568
1466	444 304964 380904 1520226 2290021
1467	518 313784 374124 1512120 2347196
1468	518 376968 399084 1528703 2307133
1469	518 318636 414554 1538590 2316026
1470	444 326304 386228 1498713 2350701
1471	518 358622 377654 1522054 2351983
1472	486 307066 381022 1559446 2320729
1473	518 370182 420198 1496227 2311546
1474	444 318304 369060 1495287 2319083
1475	518 330624 413756 1420488 2306715
1476	592 316786 386918 1495158 2371036
1477	444 249952 388454 1480112 2292662
1478	444 381894 421638 1470514 2346806
1479	518 362670 384086 1481356 2351411
1480	518 320602 371212 1486771 2253964
1481	518 368110 455486 1511668 2334240
1482	518 314424 387240 1505308 2341988
1483	444 319886 387172 1395992 2361546
1484	518 326196 386546 1492850 2332522
1485	444 352426 431172 1494556 2335279
1486	518 323168 375298 1479721 2285254
1487	444 349476 387500 1474314 2326639
1488	518 351260 405140 1561008 2349782
1489	444 338078 372394 1523918 2320892
1490	592 312074 394478 1450280 2346128
1491	444 321828 423616 1523132 2340899
1492	518 307402 445216 1506709 2327821
1493	518 298872 394536 1441018 2351233
1494	444 353464 381046 1535179 2347353
1495	518 316786 378570 1424844 2351069
1496	486 349858 406692 1490250 2355469
1497	518 302108 383104 1480146 2336513
1498	518 301476 387438 1514950 2327415
1499	444 364008 424496 1404628 2315574
1500	592 330242 372690 1501638 2356429
1501	518 358786 396522 1483646 2305804
1502	518 363842 414492 1423324 2335134
1503	592 322530 391338 1469264 2348887
1504	592 306464 383766 1541271 2319116
1505	518 330788 397224 1519583 2333860
1506	518 317146 383652 1495526 2328119
1507	444 321844 386842 1483820 2398646
1508	518 303084 384906 1483006 2282572
1509	518 321306 424804 1443372 2363973
1510	444 358570 384004 1474288 2314038
1511	518 315596 495272 1499010 2321304
1512	592 303190 398186 1447426 2323134
1513	444 317662 426354 1482710 2297128
1514	592 313550 423066 1427194 2306972
1515	444 302580 386546 1456659 2288473
1516	444 363288 389862 1483768 2361232
1517	518 314428 394218 1496764 2335461
1518	592 263800 391640 1415670 2303150
1519	518 361450 392232 1444738 2301041
1520	518 321540 407336 1568488 2386484
1521	486 345964 393380 1440444 2350563
1522	518 351644 378898 1437970 2284246
1523	444 369660 383788 1484586 2369412
1524	444 276854 411874 1423340 2275068
1525	444 342684 394858 1486710 2350574
1526	518 376422 428096 1417338 2340017
1527	444 270184 385126 1496776 2318468
1528	518 318596 417940 1501108 2345313
1529	518 304776 492298 1551429 2303105
1530	518 291130 387404 1505318 2319456
1531	518 322914 418090 1476640 2301749
1532	444 300218 420100 1543916 2365750
1533	444 302792 385568 1520253 2305931
1534	592 314990 396960 1451138 2310944
1535	518 317982 431386 1468454 2319167
1536	444 321142 419508 1486784 2406872
1537	444 322530 390800 1498151 2328238
1538	518 309942 389838 1525026 2332637
1539	518 318732 363952 1504105 2371943
1540	444 362322 402100 1534662 2316745
1541	518 355046 391244 1526587 2320902
1542	518 361954 390000 1526248 2365218
1543	370 301402 360264 1523116 2345025
1544	518 372372 415726 1451383 2307510
1545	444 321452 393570 1472600 2351255
1546	560 364164 384880 1468714 2315840
1547	444 372454 405788 1503571 2265518
1548	444 295660 374284 1527272 2310773
1549	518 316522 424810 1462006 2368520
1550	518 318858 395824 1434434 2331883
1551	518 315768 437818 1473708 2327501
1552	518 318076 449596 1501864 2364129
1553	518 318222 423650 1490257 2370172
1554	444 318244 430124 1443392 2309553
1555	518 366220 406316 1509934 2310744
1556	518 292440 370200 1471973 2210198
1557	518 298834 419962 1556121 2315141
1558	518 320526 384548 1506477 2350126
1559	518 300418 382212 1486774 2338862
1560	444 319774 384352 1435614 2298112
1561	518 366946 395048 1489542 2423439
1562	444 322526 382946 1496728 2339371
1563	518 305156 386736 1480272 2343838
1564	518 320410 424294 1482178 2300715
1565	444 363582 463916 1434637 2301421
1566	518 279704 381348 1415580 2322468
1567	518 319924 385344 1486472 2318297
1568	370 365092 394982 1546669 2294422
1569	518 367468 408714 1536559 2394159
1570	518 303512 368662 1549893 2311122
1571	518 341916 426962 1571108 2315800
1572	444 371072 413158 1533563 2313950
1573	444 320688 386838 1496502 2402674
1574	518 317542 363260 1487634 2309772
1575	560 366864 402246 1563304 2357580
1576	444 371558 395478 1506822 2338416
1577	518 359292 385226 1518272 2354946
1578	518 320180 383162 1515353 2311441
1579	518 363054 385382 1523820 2353001
1580	444 257114 382288 1487770 2324363
1581	518 302688 390798 1491736 2384705
1582	444 306400 494376 1450442 2291839
1583	518 369788 386984 1532613 2283050
1584	444 321588 376530 1428238 2329835
1585	518 320452 405846 1465641 2282522
1586	518 360414 397158 1484875 2304065
1587	518 320156 444076 1472446 2320899
1588	518 318192 440684 1449393 2187671
1589	444 336470 447842 1525512 2314646
1590	444 302988 450538 1500891 2341332
1591	444 307006 422084 1482428 2278737
1592	518 320568 380096 1487824 2296583
1593	444 301098 396840 1457932 2353663
1594	444 303748 394186 1501837 2373827
1595	518 315434 432874 1536762 2353361
1596	444 318812 446672 1515508 2357917
1597	444 306154 384998 1559620 2369039
1598	518 322258 444460 1530771 2281244
1599	444 340698 386980 1527500 2389595
1600	518 365752 379176 1534186 2320011
1601	444 340122 393864 1419182 2311946
1602	444 317844 394610 1494836 2314725
1603	444 301202 422168 1499931 2350714
1604	518 302278 399558 1527803 2268117
1605	560 339824 383626 1516352 2314734
1606	518 370088 387686 1479125 2342027
1607	444 358414 389096 1504156 2392657
1608	518 274948 370362 1484964 2310658
1609	518 341292 464094 1539663 2367999
1610	444 321328 372238 1474430 2305184
1611	518 355072 386918 1434757 2281708
1612	518 343952 395136 1517943 2352260
1613	518 315208 377054 1490962 2327396
1614	518 304402 430124 1504120 2318083
1615	518 285100 442134 1503456 2365558
1616	444 299742 376128 1445160 2318210
1617	518 365562 386608 1492167 2318624
1618	444 326666 389734 1503144 2323991
1619	370 321508 411620 1552479 2342889
1620	518 310814 429336 1559345 2346280
1621	518 249738 455406 1553233 2289043
1622	444 320654 438514 1575399 2356457
1623	518 321280 375032 1487150 2283768
1624	444 362360 375364 1468607 2368450
1625	518 358678 405676 1493818 2343900
1626	518 320770 407076 1520958 2322009
1627	444 312888 385856 1534642 2406759
1628	518 371476 430416 1514944 2288740
1629	444 289962 392340 1463032 2353538
1630	518 307986 368522 1461628 2289964
1631	444 358542 459638 1516494 2333322
1632	518 319648 437746 1476280 2338260
1633	444 306218 372438 1484564 2360455
1634	560 374378 425460 1498164 2389262
1635	518 352606 392166 1511456 2308025
1636	444 366754 387306 1431950 2332161
1637	518 320386 369846 1475966 2348609
1638	518 318592 392496 1419002 2332273
1639	518 366792 430634 1542282 2386126
1640	518 319160 394082 1422270 2312947
1641	444 363726 393462 1489026 2378686
1642	518 354434 445588 1420600 2321863
1643	444 321614 374732 1499486 2273811
1644	518 317994 385574 1483092 2367663
1645	518 302388 395304 1494352 2309044
1646	444 317916 392772 1418668 2363430
1647	592 352070 445030 1475768 2318223
1648	444 362412 383626 1436466 2343056
1649	444 328864 374464 1483244 2339970
1650	518 297632 450476 1481718 2340744
1651	518 283228 419930 1487740 2379503
1652	518 319002 370576 1429978 2292205
1653	444 362480 394884 1438358 2387005
1654	444 306062 404450 1471798 2309067
1655	444 367500 412884 1476614 2316687
1656	518 303792 463412 1435926 2372851
1657	518 316208 421650 1492142 2307479
1658	444 298952 399532 1480302 2301260
1659	518 316766 377676 1430440 2393076
1660	444 301554 414834 1433271 2314302
1661	518 313922 404642 1483840 2358888
1662	444 298468 394764 1491808 2269582
1663	444 374198 423654 1418420 2388954
1664	634 323438 405632 1492932 2278008
1665	444 305698 456876 1442578 2334374
1666	518 295924 373038 1501830 2307391
1667	592 321504 477864 1534794 2357991
1668	444 366678 397550 1539380 2296882
1669	444 304690 405864 1399905 2350410
1670	592 373648 422262 1506934 2302519
1671	444 292328 414244 1476844 2353053
1672	518 302370 433428 1408560 2362366
1673	444 314166 421960 1491784 2318144
1674	444 314766 386148 1458830 2356380
1675	518 255618 372002 1470836 2333318
1676	518 373340 427996 1491812 2350081
1677	518 305686 384164 1441206 2364129
1678	518 361566 424304 1431804 2313094
1679	444 318804 407208 1471112 2338086
1680	518 361944 394810 1481878 2340721
1681	518 353214 390202 1496404 2303637
1682	518 341918 387930 1505920 2362330
1683	592 304980 387510 1458386 2355433
1684	444 366372 395436 1485092 2368545
1685	592 354796 406104 1505536 2383758
1686	444 320898 375410 1464590 2311052
1687	518 368278 390068 1443248 2326388
1688	518 289692 383008 1496374 2366282
1689	444 365948 411944 1502574 2299386
1690	518 306392 385340 1479340 2385763
1691	444 331026 437952 1430750 2303974
1692	592 299608 419086 1519870 2343494
1693	560 296186 394130 1453916 2273312
1694	518 355808 386662 1478254 2368045
1695	444 320510 365294 1378454 2273082
1696	444 372906 447984 1496876 2325814
1697	518 313816 423822 1489778 2369332
1698	370 302744 450236 1478626 2380978
1699	444 325090 388900 1491020 2362868
1700	518 297688 381130 1473604 2363189
1701	444 316834 422938 1438148 2329677
1702	518 373830 421894 1423772 2292337
1703	518 257642 426970 1487758 2329710
1704	518 315100 458080 1486596 2403643
1705	444 283504 441710 1432028 2276415
1706	592 373682 469080 1482250 2383166
1707	518 366942 455402 1422182 2384441
1708	444 378384 457486 1480220 2339124
1709	518 410204 460662 1637125 2286208
1710	444 387924 439792 1607290 2343543
1711	518 372786 452268 1725467 2045667
1712	518 354628 421024 1672847 2617297
1713	518 383688 445236 1706146 2600383
1714	518 387380 462822 1670864 2709851
1715	518 368506 389684 1745504 2751754
1716	444 386326 447462 1734764 2696789
1717	518 349168 434526 1634186 2595964
1718	518 374040 446062 1687662 2695494
1719	518 376068 448576 1611160 2706943
1720	518 322650 423456 1684154 2625995
1721	518 361578 449634 1684718 2694297
1722	444 306812 561944 1599622 2307291
1723	486 400106 486210 1635970 2570547
1724	518 405994 479682 1577414 2562163
1725	518 370522 453380 1530758 2428966
1726	518 376252 451562 1673615 2758498
1727	444 376558 447082 1738980 2644214
1728	518 404420 490708 1559876 2555866
1729	518 319724 405410 1614116 2466928
1730	444 374384 463410 1690410 2698770
1731	518 368384 443942 1729920 2767841
1732	444 352080 435254 1624112 2663969
1733	444 373476 450554 1752842 2739809
1734	518 354674 450538 1739286 2753543
1735	518 373744 491732 1609882 2479300
1736	370 314498 489938 1635724 2595290
1737	444 377782 450026 1558911 2681093
1738	518 368998 452714 1607214 2572663
1739	444 322348 440746 1735070 2775889
1740	518 357582 449656 1484340 2303218
1741	444 386278 477224 1490112 2449419
1742	518 369826 448504 1724215 2678896
1743	518 305116 476502 1676184 2704594
1744	592 365874 474076 1565210 2361875
1745	444 262302 441684 1564014 2606781
1746	518 303002 417726 1587439 2749075
1747	592 330144 437300 1500928 2403350
1748	444 258060 325140 1749194 2711919
1749	518 297666 379544 1473390 2365143
1750	592 250718 374630 1638007 2627695
1751	518 302344 367392 1418961 2653168
1752	560 319160 386724 1375119 2688481
1753	518 303804 400780 1368972 2401500
1754	518 304914 387558 1378161 2154530
1755	518 363322 389844 1304078 2032095
1756	444 319622 403626 1296765 2058774
1757	592 355496 404966 1345764 2064355
1758	444 352848 425128 1322823 2017341
1759	666 282904 386984 1369283 2048773
1760	518 372082 388070 1467902 2272918
1761	444 372762 396606 1430836 2343554
1762	444 364934 398788 1457352 2318213
1763	444 277484 375006 1451270 2363175
1764	518 355506 396200 1508174 2289830
1765	518 301462 383206 1502552 2342518
1766	444 317670 397720 1470706 2368720
1767	444 348986 394408 1444048 2313300
1768	518 368908 441136 1396408 2273638
1769	518 321568 391996 1488472 2344179
1770	518 334620 384436 1518276 2316009
1771	444 363676 392558 1452578 2356200
1772	518 369218 388392 1447048 2344657
1773	518 317526 377504 1500668 2372256
1774	444 378448 429028 1468386 2272912
1775	444 296616 374616 1422922 2242466
1776	444 294008 388020 1501418 2331566
1777	518 367356 399556 1486798 2325580
1778	444 367994 394086 1499634 2317290
1779	444 374372 387050 1406162 2345340
1780	518 369472 386106 1475714 2367613
1781	518 300676 379880 1493152 2329768
1782	486 369776 440824 1490884 2341915
1783	518 374190 455082 1425600 2347082
1784	444 298288 482728 1567327 2321261
1785	592 283482 493566 1483630 2337424
1786	444 302672 469464 1422968 2343691
1787	518 383440 494420 1522427 2348487
1788	444 372608 451690 1631172 2325710
1789	518 386034 448936 1583562 2308661
1790	518 421632 476080 1445642 2306884
1791	518 432218 455596 1704268 2670756
1792	518 383454 446218 1752895 2650510
1793	444 413016 450790 1647557 2718350
1794	518 444568 454184 1724528 2312233
1795	518 322652 418124 1752870 2728653
1796	444 363524 495146 1757436 2738738
1797	518 304476 455464 1717373 2684747
1798	518 385558 500918 1747006 2778725
1799	370 376632 512540 1760470 2679863
1800	518 367630 455434 1711841 2737638
1801	518 323186 444762 1694344 2727909
1802	518 368088 393028 1748460 2706755
1803	518 370380 452842 1558282 2568660
1804	444 305516 418874 1724384 2713765
1805	518 367048 453354 1651817 2721806
1806	518 434640 498542 1564840 2787500
1807	518 342398 428094 1554802 2697757
1808	444 367464 453676 1518797 2426384
1809	518 358846 450998 1481920 2375898
1810	444 421696 460472 1585196 2321514
1811	486 327642 453102 1617996 2597479
1812	444 321848 413296 1672118 2663655
1813	518 370562 494198 1722329 2394939
1814	518 368452 387302 1764258 2766973
1815	518 321150 391310 1624858 2586872
1816	444 366292 391892 1659292 2716299
1817	518 244440 372870 1559589 2762782
1818	444 314928 371616 1553079 2741797
1819	370 310758 412456 1537249 2700534
1820	444 303540 370026 1492288 2314133
1821	444 308504 372612 1487614 2372430
1822	592 285394 319900 1434602 2321290
1823	444 315198 335480 1369353 2316920
1824	444 303050 385440 1372641 2371842
1825	518 314430 387240 1357821 2239444
1826	518 255552 351156 1301524 2058313
1827	518 319678 407114 1298192 2035817
1828	518 327664 388706 1308080 2099634
1829	444 368848 454402 1345574 2046488
1830	592 247284 388442 1403535 2053629
1831	444 330894 373714 1399495 2022735
1832	518 319582 378666 1420709 2039269
1833	592 249114 328202 1431340 2271044
1834	444 254932 372152 1492214 2382640
1835	518 295314 393308 1430888 2313860
1836	592 295746 321754 1352512 2263463
1837	518 312830 384990 1390872 2335294
1838	518 302534 473256 1346660 2167233
1839	444 319122 395436 1239223 1988779
1840	518 349732 389756 1303192 4292909456
1841	486 295522 353932 1298238 2064486
1842	444 313684 390740 1314499 2054004
1843	592 307750 457950 1406349 2013450
1844	518 322390 415096 1335241 2076605
1845	518 319280 373188 1317296 2006927
1846	592 303784 394416 1425076 2287456
1847	444 386208 450732 1508006 2327950
1848	444 316680 385434 1441774 2369227
1849	518 255854 443040 1490824 2334621
1850	444 368470 402300 1430322 2379593
1851	444 327026 382306 1530452 2334910
1852	592 303680 387046 1483968 2383955
1853	444 319482 417604 1523888 2334601
1854	518 309942 382310 1431894 2311383
1855	444 288334 378294 1557338 2273421
1856	444 372570 405284 1488504 2361387
1857	518 349226 385828 1448698 2334700
1858	518 279808 387330 1437328 2306384
1859	444 362660 412552 1530816 2334917
1860	518 305038 412658 1453022 2321694
1861	518 321068 423288 1510005 2327671
1862	444 328542 372950 1427780 2278780
1863	518 366322 383524 1486466 2341621
1864	444 314688 446446 1486922 2313316
1865	444 306090 391662 1419212 2368653
1866	518 367198 391866 1492632 2306453
1867	444 375592 432530 1474340 2299756
1868	592 289034 384778 1488898 2349706
1869	444 333666 378106 1411700 2327288
1870	518 374822 394920 1488034 2335088
1871	560 300804 438928 1494702 2280285
1872	518 318218 384538 1443616 2299795
1873	518 348374 424716 1545102 2349325
1874	444 317984 432012 1504941 2324067
1875	592 318312 391782 1393888 2383334
1876	444 321374 492464 1517812 2332597
1877	444 299696 385306 1387134 2249228
1878	518 372324 437738 1497014 2302118
1879	518 326370 387046 1499334 2339511
1880	518 299498 401188 1506412 2372742
1881	592 298894 404470 1408486 2292281
1882	370 313566 371254 1464142 2340512
1883	518 377814 467892 1433968 2314376
1884	518 254078 388358 1540257 2279714
1885	518 306860 403364 1448428 2364554
1886	518 362334 422872 1510332 2281414
1887	518 322232 386790 1459932 2326695
1888	444 326792 386922 1401191 2308777
1889	518 361562 389908 1501026 2305661
1890	592 307130 405156 1490582 2329562
1891	444 369054 394990 1482134 2355384
1892	518 358786 426416 1497640 2317976
1893	518 322442 454098 1456640 2302604
1894	444 375876 409944 1447090 2336274
1895	518 372208 391972 1488018 2360894
1896	592 306370 375696 1515774 2333940
1897	444 355908 392364 1396174 2331177
1898	444 317228 373584 1491762 2357284
1899	486 306686 387208 1491548 2352821
1900	444 320634 439878 1496458 2360668
1901	518 374654 396584 1507592 2345431
1902	518 364046 381736 1529909 2324836
1903	444 319692 383706 1547689 2351605
1904	444 369186 396112 1494362 2326405
1905	518 363454 386022 1484161 2302008
1906	444 301904 383458 1520914 2357159
1907	592 331170 405466 1518438 2314631
1908	370 366006 392356 1483156 2292753
1909	518 258146 427484 1487658 2294114
1910	518 315694 494286 1513594 2340618
1911	518 322736 389222 1481311 2298983
1912	444 371402 387094 1473044 2306549
1913	518 307470 398334 1445738 2340037
1914	518 339190 424880 1477285 2388468
1915	444 375378 388766 1565181 2309776
1916	518 300126 391136 1525914 2313525
1917	444 317036 404302 1507916 2360056
1918	592 366968 390180 1467506 2322372
1919	370 305752 394820 1491098 2330129
1920	444 317012 432762 1417292 2297021
1921	518 278324 386674 1564602 2325462
1922	518 354480 477362 1493600 2289304
1923	518 296736 444710 1448504 2322102
1924	518 304022 385766 1454570 2391239
1925	518 372668 410792 1501692 2288337
1926	518 366572 374630 1416106 2342855
1927	444 359994 406122 1527172 2378472
1928	634 237100 379346 1464492 2329906
1929	518 309644 404712 1403326 2320953
1930	518 306520 456558 1496302 2300755
1931	444 363740 373088 1537619 2300213
1932	518 339564 400742 1488160 2349104
1933	444 329186 396196 1533699 2352022
1934	592 374660 397212 1488390 2271067
1935	444 309760 385894 1429042 2393337
1936	444 319242 390304 1493150 2263546
1937	444 305584 403046 1505850 2334463
1938	444 301680 424750 1501932 2313483
1939	518 320728 435866 1480204 2367714
1940	518 315390 407720 1466793 2309281
1941	444 342182 446800 1502145 2349076
1942	518 292054 444098 1481876 2312435
1943	444 302926 404660 1412733 2337187
1944	518 323416 385502 1497730 2355324
1945	444 372766 420518 1487788 2338933
1946	518 317684 429418 1507432 2351942
1947	518 317772 397876 1538779 2360594
1948	518 327712 387372 1498364 2305297
1949	444 370648 391290 1500547 2369988
1950	518 320498 394904 1415457 2276754
1951	444 365340 385220 1494268 2331017
1952	518 307720 387232 1483690 2313179
1953	444 381294 444878 1510622 2333110
1954	666 248834 399630 1504686 2329747
1955	444 322352 488434 1492804 2382079
1956	444 320186 454184 1477870 2352108
1957	412 305766 388590 1410722 2299907
1958	518 320516 392992 1482716 2308538
1959	518 329904 378974 1494844 2365611
1960	518 326668 416430 1567126 2333366
1961	518 356890 427628 1458110 2372501
1962	518 319130 464100 1455728 2288878
1963	592 304500 439762 1469428 2381002
1964	444 304344 492658 1564056 2361407
1965	592 368122 388198 1516794 2349313
1966	592 320836 388644 1429124 2275758
1967	518 357222 386546 1523122 2380858
1968	444 368852 409826 1505412 2325156
1969	592 305260 388260 1422086 2353886
1970	518 320856 442718 1561310 2302905
1971	444 362786 441984 1477600 2373120
1972	592 363884 434358 1479930 2380303
1973	370 365096 405854 1557954 2330480
1974	518 347894 386930 1530308 2372057
1975	518 255044 427048 1433974 2303528
1976	518 316980 387148 1437834 2327392
1977	518 378782 393958 1552758 2297509
1978	444 369408 387026 1479700 2389777
1979	518 375468 440484 1455120 2323309
1980	518 327972 391008 1527804 2332302
1981	518 362288 401250 1496290 2324608
1982	518 298330 387434 1524222 2347268
1983	444 319056 386304 1476482 2364019
1984	444 372134 446664 1486316 2313407
1985	518 316168 446366 1552059 2328336
1986	560 302990 388982 1449701 2320032
1987	592 257064 371226 1514063 2373840
1988	518 316916 387488 1493638 2300326
1989	518 372342 403474 1525322 2410882
1990	444 366108 433940 1444218 2295321
1991	444 319986 442760 1536266 2372721
1992	444 304756 388202 1518762 2304261
1993	444 373316 440216 1529514 2324968
1994	518 330648 387240 1473176 2337743
1995	444 319732 397394 1503775 2279976
1996	592 365194 390056 1514050 2328442
1997	444 320922 388832 1530200 2358373
1998	444 304782 428356 1563794 2315425
1999	518 322790 421672 1562032 2362798
2000	592 300618 384994 1539767 2350145
2001	444 319240 384986 1535555 2325936
2002	518 347438 386980 1506258 2369026
2003	518 367786 426462 1539287 2308899
2004	444 320952 364030 1495661 2288220
2005	444 366490 405028 1554173 2356164
2006	444 347328 392368 1422516 2322106
2007	444 362798 394624 1480110 2356681
2008	518 320224 373836 1506430 2316439
2009	370 351012 436064 1484012 2350489
2010	518 282428 389864 1492486 2327887
2011	592 320072 425206 1490806 2383580
2012	444 344824 386058 1498700 2338608
2013	518 371844 423434 1441506 2305895
2014	518 340742 391980 1424274 2339900
2015	560 318882 387744 1467652 2287136
2016	518 323244 389346 1474488 2340224
2017	444 304280 390882 1515211 2373790
2018	444 362098 380342 1425834 2295985
2019	518 327344 418402 1471138 2393511
2020	518 358228 391138 1454896 2297895
2021	518 323372 379832 1475886 2362208
2022	518 369000 386670 1473498 2378551
2023	518 319084 388430 1480772 2329629
2024	592 364752 389860 1507576 2263993
2025	518 320758 376128 1436334 2390188
2026	518 364848 411296 1470412 2371050
2027	444 362166 445868 1480622 2366144
2028	444 265094 384932 1490316 2294205
2029	592 320080 386986 1427832 2351044
2030	444 372924 394614 1488170 2326791
2031	518 357592 396390 1546390 2356371
2032	518 315728 392150 1415708 2370745
2033	444 320386 415978 1505320 2363181
2034	518 344622 397352 1526746 2400340
2035	444 313014 389042 1446614 2299382
2036	592 304506 385894 1486028 2343496
2037	370 255450 386720 1429808 2301329
2038	518 350214 406134 1483220 2373694
2039	518 357844 422046 1484412 2332271
2040	518 317040 432912 1429832 2328863
2041	444 241280 368808 1553226 2362674
2042	518 372168 394750 1425076 2266876
2043	486 364348 407490 1564098 2325110
2044	518 351468 394612 1421520 2378960
2045	444 364896 383996 1509586 2281722
2046	518 321430 383768 1462496 2365801
2047	444 301964 398826 1423567 2342742
2048	518 366618 424266 1489846 2331009
2049	518 311434 377862 1498012 2338531
2050	518 306246 386340 1484392 2293352
2051	444 363304 394110 1419336 2355442
2052	518 353980 386724 1502448 2364835
2053	518 330396 397100 1473578 2331643
2054	518 319556 378466 1437878 2306252
2055	518 366318 396204 1530900 2326615
2056	518 310558 384420 1512202 2353780
2057	518 362284 387108 1510306 2296373
2058	518 364176 432688 1458008 2316911
2059	444 276412 377634 1421408 2339645
2060	518 325998 403426 1481838 2336354
2061	444 359390 423596 1477306 2298715
2062	518 272086 387046 1421404 2344817
2063	444 372342 463338 1496120 2366691
2064	518 309394 367674 1432724 2295463
2065	444 373664 390462 1488240 2305693
2066	518 304192 390502 1481986 2363553
2067	370 368988 422004 1427068 2306884
2068	518 322700 410370 1563594 2314001
2069	518 316202 430772 1424244 2310255
2070	444 271382 411176 1495824 2333782
2071	518 371998 395002 1474230 2350262
2072	634 319962 389540 1496870 2306079
2073	518 321062 431528 1504848 2320174
2074	444 364560 402328 1450918 2332244
2075	592 307352 392612 1486028 2356140
2076	444 367248 407810 1512350 2312761
2077	518 311048 390090 1494868 2354174
2078	518 364040 425422 1462323 2252909
2079	518 319056 398038 1515356 2377111
2080	444 251478 374974 1477878 2352669
2081	518 367828 423394 1496418 2300500
2082	518 321726 437414 1511830 2294397
2083	518 318902 419452 1395488 2349441
2084	444 316048 397744 1484942 2328158
2085	592 307174 384358 1485946 2349765
2086	592 371516 425784 1430514 2351117
2087	518 362068 386750 1559178 2261300
2088	518 318610 387934 1502464 2354530
2089	444 328896 391722 1392586 2261413
2090	444 317790 389800 1436214 2358538
2091	518 248396 454948 1552969 2296274
2092	518 325214 423086 1520388 2339998
2093	518 320502 403028 1434924 2382121
2094	444 365872 397030 1522489 2316601
2095	518 350054 410400 1502064 2287177
2096	592 285492 372688 1440470 2304076
2097	444 275578 407336 1554657 2305605
2098	518 353216 391818 1484723 2309666
2099	518 359646 453610 1545817 2287237
2100	592 256144 393968 1551399 2351615
2101	486 261368 388572 1433085 2289386
2102	518 371730 391076 1458336 2330927
2103	444 319542 432874 1510120 2338607
2104	518 373840 386674 1498634 2276198
2105	518 376708 418460 1487180 2329216
2106	518 321468 378988 1465886 2336461
2107	592 300118 393382 1453020 2337596
2108	518 304512 389862 1403488 2298950
2109	592 322658 389018 1487480 2331537
2110	444 362172 391514 1491123 2300503
2111	444 372422 393892 1534485 2338468
2112	518 373314 400504 1425900 2321613
2113	518 320390 371954 1494501 2295823
2114	444 322994 398190 1493725 2325018
2115	518 366258 421606 1453924 2303534
2116	592 291136 374354 1508383 2338263
2117	444 305524 440136 1485608 2285794
2118	518 294254 425560 1502970 2269981
2119	518 317288 390456 1502082 2347421
2120	518 320394 385108 1489338 2369945
2121	518 334628 383652 1436849 2311975
2122	444 315160 391266 1508588 2343187
2123	444 248078 375724 1461200 2314325
2124	444 340732 381926 1416568 2344976
2125	518 384556 453866 1494398 2333730
2126	444 296822 379298 1420646 2307420
2127	592 248250 376954 1418974 2182290
2128	518 363758 466052 1488216 2359399
2129	518 320230 388888 1385009 2204660
2130	560 248954 423360 1484170 2313904
2131	518 321618 428562 1425514 2345857
2132	518 363208 421796 1417546 2160478
2133	518 373736 408960 1513582 2308995
2134	518 319874 404432 1411516 2357850
2135	518 316890 385976 1471184 2345253
2136	592 310172 372758 1493348 2279594
2137	444 327808 500264 1424556 2350069
2138	518 298604 387922 1478142 2317226
2139	592 300508 385918 1487724 2341959
2140	444 368372 392690 1498398 2333669
2141	592 323810 383526 1494148 2352308
2142	370 308586 407968 1481445 2317171
2143	518 305198 447176 1464892 2284395
2144	444 311452 427128 1442770 2256822
2145	518 318914 449460 1485934 2353523
2146	518 275762 377306 1485932 2302365
2147	518 305202 392764 1460048 2303369
2148	444 327646 439052 1458799 2339984
2149	444 374880 446120 1434736 2250497
2150	444 320872 373096 1557791 2278043
2151	592 364174 395304 1458032 2345440
2152	518 374726 444712 1541650 2427978
2153	518 368178 386868 1464276 2271083
2154	444 315268 403492 1493856 2347425
2155	518 297894 394076 1481356 2379779
2156	444 323426 445068 1508428 2300610
2157	518 315332 400748 1469698 2319405
2158	444 319758 368946 1507910 2360678
2159	486 367780 461744 1555370 2351871
2160	592 317600 398694 1446074 2325394
2161	518 319742 379080 1373356 2297085
2162	518 368696 415082 1556407 2322528
2163	592 352884 396432 1528060 2311636
2164	444 371520 391848 1504562 2386987
2165	444 319962 421350 1436906 2318071
2166	518 310454 386612 1455896 2262873
2167	518 322880 441440 1444412 2362017
2168	444 295404 442104 1544030 2298704
2169	592 305296 388868 1459930 2311945
2170	518 321198 394480 1447362 2343060
2171	518 367230 390114 1562706 2342046
2172	444 366190 389226 1444978 2335138
2173	592 271908 373732 1463130 2373598
2174	444 311184 393998 1555728 2317611
2175	444 251800 430548 1480964 2302141
2176	518 251122 390564 1538384 2330609
2177	518 310304 387918 1509742 2301082
2178	592 320634 381580 1436386 2315003
2179	518 310900 447032 1351606 2295430
2180	444 315016 449814 1452053 2317409
2181	592 250278 398332 1469130 2138656
2182	592 255320 440216 1493427 2061571
2183	444 323018 460034 1442618 2007649
2184	444 304510 397514 1496834 2261342
2185	518 373070 386984 1454250 2309863
2186	444 374102 390708 1435716 2352757
2187	518 319998 393906 1450018 2312732
2188	560 373736 440100 1544750 2292695
2189	444 369306 431132 1439126 2350321
2190	518 316788 347084 1434633 2262608
2191	444 367140 385778 1563897 2357777
2192	592 357580 483480 1481048 2324030
2193	518 305552 456170 1428517 2324793
2194	444 305096 394630 1555620 2385157
2195	518 321578 375028 1508558 2310394
2196	444 304926 393450 1510514 2353516
2197	518 316518 392720 1539665 2349085
2198	444 324972 397996 1556801 2323575
2199	444 359642 407612 1516725 2321704
2200	444 375144 434912 1553689 2350240
2201	518 318116 430766 1497790 2316324
2202	444 283424 428162 1533925 2365474
2203	444 315650 387650 1546249 2335726
2204	518 331680 389102 1541729 2334992
2205	518 301634 383140 1460378 2303561
2206	444 353406 450836 1543775 2311130
2207	518 295202 405540 1455610 2331314
2208	518 319688 386934 1463890 2377356
2209	518 377620 452520 1543245 2317775
2210	592 317022 387112 1481848 2321580
2211	444 314850 476382 1518428 2328966
2212	518 304412 394782 1471018 2349756
2213	444 348982 401894 1468286 2372162
2214	444 367828 386048 1475415 2276552
2215	560 320774 389742 1496724 2364726
2216	444 369836 396382 1546373 2380744
2217	518 369958 383078 1541780 2394198
2218	518 296502 377324 1545122 2324522
2219	518 305186 425792 1428220 2332602
2220	444 360704 389606 1484588 2364856
2221	518 365488 390946 1494432 2315871
2222	444 303044 389470 1560433 2370476
2223	518 384336 424234 1461840 2362314
2224	444 319198 391166 1609003 2283019
2225	444 349676 387954 1545090 2376265
2226	518 320498 393904 1513828 2305035
2227	444 351100 397162 1535096 2373157
2228	444 332124 379964 1555613 2348090
2229	518 353422 388094 1536781 2414882
2230	518 332258 374538 1486164 2384039
2231	444 298362 394884 1476606 2299383
2232	592 320564 422704 1516847 2314345
2233	444 320700 379994 1567320 2351765
2234	518 287598 398310 1495963 2365893
2235	444 252272 355348 1517962 2306827
2236	518 305820 461774 1413880 2323041
2237	518 246662 386042 1478274 2375108
2238	370 355764 423434 1454198 2313655
2239	518 312300 391852 1369686 2337322
2240	592 319180 403850 1493536 2329013
2241	518 308208 387042 1498757 2111551
2242	560 296390 410392 1545728 2054689
2243	518 372816 406312 1509529 2147619
2244	444 314272 418274 1529561 2260194
2245	518 298898 383452 1548228 2339977
2246	518 363124 425846 1533769 2381176
2247	518 363166 405862 1536731 2341142
2248	518 313372 381824 1501133 2317483
2249	592 350824 421442 1461700 2350046
2250	518 370492 392558 1569546 2294872
2251	518 354544 397356 1506614 2306621
2252	444 322790 389896 1518990 2346630
2253	518 319172 373800 1540996 2337371
2254	444 298782 394866 1504799 2361582
2255	518 316520 448576 1530199 2283418
2256	444 376840 395518 1540341 2359153
2257	444 313854 419744 1565643 2333291
2258	518 295726 396570 1495054 2351622
2259	444 356268 387364 1486698 2313188
2260	444 359116 448142 1513241 2390677
2261	518 326560 385906 1450720 2310341
2262	444 303562 387104 1439984 2352957
2263	518 304542 410650 1501672 2287868
2264	518 373554 421390 1502324 2328119
2265	518 328930 443376 1493096 2320758
2266	518 306874 390246 1561311 2343710
2267	444 320662 372774 1546878 2343451
2268	444 361086 463536 1567033 2298931
2269	560 319776 395012 1555589 2357492
2270	518 306688 400912 1525123 2314851
2271	444 367380 423782 1551146 2329531
2272	444 319068 392940 1527948 2385347
2273	518 323542 392616 1520882 2321912
2274	518 368414 388074 1508474 2302338
2275	444 373426 438258 1498700 2384603
2276	518 330660 373632 1528282 2282460
2277	444 341300 394276 1545241 2357046
2278	518 366456 404004 1551860 2351973
2279	518 298974 376364 1529844 2303601
2280	518 316822 389466 1549139 2384987
2281	444 352800 386792 1504504 2346644
2282	592 334884 373530 1543976 2286465
2283	444 280454 382268 1560419 2341123
2284	444 372858 408290 1543374 2305885
2285	518 319200 437688 1539779 2333246
2286	666 312640 445216 1550270 2377527
2287	444 304628 387938 1462845 2301762
2288	592 369926 400482 1503050 2319479
2289	444 322724 372964 1557304 2306759
2290	444 314642 387546 1546115 2391566
2291	518 315618 459984 1532311 2292919
2292	444 311388 371374 1576610 2314258
2293	518 367696 461208 1571594 2364571
2294	592 371436 387240 1548001 2336806
2295	444 319704 428286 1537043 2331003
2296	560 276704 377190 1544701 2351264
2297	518 363302 398124 1518769 2349554
2298	518 319198 394176 1553732 2280949
2299	518 299928 386146 1567276 2330175
2300	518 315138 385154 1485226 2266632
2301	444 304058 386560 1503012 2354089
2302	518 341346 443972 1535154 2367672
2303	518 366544 385828 1526292 2281485
2304	518 321328 400102 1475288 2326321
2305	518 365022 396390 1487084 2342822
2306	444 363734 386596 1486918 2286912
2307	518 320500 387566 1564343 2347675
2308	518 368018 379300 1559556 2356934
2309	518 340388 384088 1536133 2287923
2310	444 351092 396712 1520177 2332246
2311	444 308832 383550 1535709 2322029
2312	518 320590 389804 1531254 2375882
2313	444 301020 425680 1567841 2347060
2314	444 321876 415936 1556298 2310237
2315	444 253414 363110 1475686 2337658
2316	518 337082 422254 1440968 2328861
2317	518 375778 413388 1498670 2355555
2318	444 320928 377296 1552016 2368226
2319	518 366466 386434 1463083 2098842
2320	444 367606 404546 1550764 2133341
2321	518 332770 383198 1505082 2361371
2322	444 334666 383138 1571701 2335806
2323	560 316666 369534 1539665 2325057
2324	518 374372 398120 1563884 2357535
2325	444 372796 390474 1493030 2344579
2326	518 320994 396636 1494782 2301573
2327	518 304352 388740 1540698 2374748
2328	444 364874 442692 1506668 2295656
2329	518 305066 383620 1552458 2352933
2330	518 340198 423864 1577102 2306264
2331	518 316372 431696 1541119 2354155
2332	592 296638 450410 1466242 2356265
2333	444 353938 396582 1549962 2351270
2334	518 276746 372894 1566614 2331276
2335	518 366234 440846 1571726 2321770
2336	444 362572 396240 1572351 2329266
2337	444 320018 384944 1589515 2354278
2338	444 371644 385826 1574215 2327815
2339	444 320494 442784 1563007 2367268
2340	518 312742 425894 1560384 2391377
2341	444 320158 466612 1589774 2361172
2342	518 350476 396762 1577655 2296684
2343	518 383226 426424 1560987 2350503
2344	444 322098 391914 1532608 2380362
2345	518 320762 372690 1568363 2354406
2346	518 328424 394590 1547308 2334989
2347	444 304266 407782 1565224 2311530
2348	444 321524 440858 1533932 2355468
2349	444 304954 361462 1566366 2326218
2350	560 383694 391826 1561739 2305741
2351	444 325932 386076 1556404 2341613
2352	518 354340 394730 1537770 2262815
2353	592 320394 394850 1534816 2373147
2354	444 376978 392364 1549019 2322637
2355	518 311348 385382 1551384 2296863
2356	518 322848 404344 1559618 2302551
2357	518 304986 390398 1535338 2328414
2358	444 209342 441268 1560098 2353232
2359	444 200630 393640 1546556 2307373
2360	518 191316 387112 1521006 2316191
2361	518 217584 462370 1561188 2342341
2362	444 208550 459258 1540438 2293897
2363	444 204970 450026 1538055 2278052
2364	444 206966 449256 1575279 2335000
2365	518 213830 583158 1580157 2328329
2366	444 193758 516600 1510698 2295501
2367	518 193296 515136 1522566 2360758
2368	444 207074 518510 1550469 2360054
2369	444 198708 495644 1564661 2273337
2370	518 185970 554778 1559576 2299837
2371	444 199244 571686 1539578 2324258
2372	518 205242 487634 1548866 2350002
2373	518 189394 506602 1568089 2317651
2374	518 212576 511086 1545726 2377112
2375	444 219118 518078 1568493 2340758
2376	518 222996 525146 1554439 2285353
2377	444 233886 513584 1556351 2328414
2378	444 200028 506762 1548666 2353258
2379	444 213294 520086 1568808 2355454
2380	518 232838 515826 1519394 2338575
2381	444 209334 497548 1536658 2297809
2382	444 206166 513540 1558501 2334535
2383	518 196406 520178 1556285 2288208
2384	444 197718 517234 1575323 2298790
2385	444 222344 560820 1520502 2361013
2386	518 215010 522498 1579719 2305421
2387	444 3606 577588 1532642 2381433
2388	444 3672 706490 1541230 2333267
2389	444 3672 753952 1487323 2308677
2390	518 3510 744190 1508246 2328094
2391	412 3606 974044 1471588 2329976
2392	444 518 1072240 1484120 2313118
2393	444 518 1024014 1553598 2366704
2394	444 518 921195 1482460 2278884
2395	444 518 825534 1549197 2294841
2396	444 560 993394 1507598 2316279
2397	444 518 898203 1550945 2333878
2398	444 518 1238722 1575873 2301688
2399	444 592 1083143 1547893 2321134
2400	444 592 1157531 1529043 2355894
2401	370 518 1417820 1557815 2328651
2402	518 592 1287960 1541619 2319558
2403	444 592 1259596 1561779 2288537
2404	444 518 1431481 1574491 2343424
2405	444 634 1121233 1598258 2368814
2406	444 518 1479264 1535479 2302514
2407	444 518 994669 1569050 2375377
2408	444 592 1349744 1556229 2363708
2409	370 518 1417688 1541046 2322541
2410	444 518 1341667 1578057 2324645
2411	518 518 1407072 1560485 2349636
2412	444 518 1482076 1597591 2310767
2413	444 518 1313148 1575154 2384941
2414	444 560 1311129 1557624 2275896
2415	444 518 1417952 1567393 2310857
2416	444 518 1428392 1542613 2324096
2417	444 444 1190622 1495735 2390032
2418	444 518 218120 1495650 2321388
2419	444 518 1273147 1570845 2328350
2420	518 216536 1404900 1662254 2370019
2421	518 155874 1490670 1604782 2331661
2422	518 86913 1401156 1525997 2370706
2423	518 1317941 1401112 1581163 2270579
2424	444 801122 1252058 1493606 2347432
2425	518 934197 1567400 2305497 2305497
2426	229310 763006 1441076 2333143 2333143
2427	0 264 608464 1365436 1365436
2428	0 66 132 330 330
2429	0 74 132 272 272
2430	74 74 74 206 206
2431	0 0 74 74 74
2432	0 0 74 74 74
2433	0 0 74 200 200
2434	0 0 0 126 126
2435	0 0 0 84 84
2436	0 0 74 74 74
2437	0 0 74 74 74
2438	0 0 0 0 0
2439	0 0 0 0 0
2440	0 0 0 0 0
2441	0 0 0 0 0
