1	1167360 1396736 1859584 3543040 4907008
2	1146880 1253376 1761280 3309568 282296320
3	1024000 1216512 1843200 3911680 282329088
4	1011712 1757184 1892352 3948544 284958720
5	1007616 1757184 1777664 3870720 285433856
6	1019904 1757184 1781760 3870720 285888512
7	1019904 1757184 1777664 3911680 286142464
8	1110016 1757184 1777664 3870720 286146560
9	1110016 1769472 1933312 3870720 286138368
10	1110016 1769472 1961984 3870720 286257152
11	1110016 1773568 2113536 3870720 286273536
12	1085440 1773568 1994752 3870720 286162944
13	1085440 1773568 2129920 3870720 286175232
14	1085440 1781760 2174976 3870720 286412800
15	1085440 1781760 2166784 3870720 286281728
16	1085440 1781760 2043904 3870720 286404608
17	1085440 1781760 2043904 3891200 286154752
18	1085440 1781760 2043904 3891200 286404608
19	1085440 1781760 2174976 3870720 286502912
20	1085440 1781760 2306048 3870720 286507008
21	1085440 1781760 2306048 3870720 286400512
22	1085440 1781760 2306048 3891200 286248960
23	1085440 1781760 2306048 3891200 286265344
24	1085440 1781760 2306048 3883008 286392320
25	1085440 1781760 2306048 3883008 286285824
26	1085440 1798144 2310144 3883008 286543872
27	1085440 1798144 2187264 3883008 286539776
28	1085440 1798144 2150400 3883008 286679040
29	1085440 1781760 2154496 3883008 286666752
30	1085440 1781760 2166784 3883008 286662656
31	1085440 1781760 2076672 3883008 286531584
32	1085440 1781760 2076672 3883008 286523392
33	1085440 1781760 2076672 3883008 286519296
34	1085440 1781760 2076672 3883008 286294016
35	1085440 1781760 2076672 3891200 286404608
36	1085440 1781760 2076672 3883008 286285824
37	1085440 1781760 2076672 3891200 286404608
38	1085440 1781760 2347008 3883008 286523392
39	1085440 1781760 2220032 3883008 286642176
40	1085440 1781760 2093056 3883008 286498816
41	1085440 1781760 2093056 3883008 286494720
42	1085440 1781760 2093056 3883008 286511104
43	1085440 1781760 2093056 3883008 286507008
44	1085440 1781760 2093056 3891200 286498816
45	1085440 1781760 2093056 3883008 286511104
46	1085440 1781760 2093056 3883008 286519296
47	1085440 1802240 2093056 3883008 286388224
48	1085440 1802240 2109440 3883008 286396416
49	1085440 1802240 2109440 3883008 286519296
50	1085440 1810432 2109440 3883008 286380032
51	1085440 1785856 2109440 3883008 286507008
52	1085440 1785856 2109440 3883008 286408704
53	1085440 1802240 2109440 3883008 286400512
54	1085440 1785856 2109440 3883008 286380032
55	1085440 1785856 2109440 3883008 286392320
56	1085440 1785856 2109440 3883008 286494720
57	1085440 1785856 2109440 3883008 286490624
58	1085440 1785856 2109440 3883008 286367744
59	1085440 1785856 2109440 3883008 286478336
60	1085440 1785856 2240512 3883008 286466048
61	1085440 1785856 2117632 3883008 286449664
62	1085440 1785856 2117632 3883008 286216192
63	1085440 1785856 2117632 3883008 286285824
64	1085440 1785856 2117632 3883008 286523392
65	1085440 1785856 2121728 3883008 286392320
66	1085440 1785856 2121728 3903488 286392320
67	1085440 1785856 2121728 3883008 286408704
68	1085440 1785856 2121728 3883008 286408704
69	1085440 1785856 2121728 3883008 286535680
70	1085440 1785856 2121728 3883008 286519296
71	1085440 1785856 2121728 3883008 286883840
72	1085440 1785856 2121728 3883008 286486528
73	1085440 1785856 2121728 3883008 286498816
74	1085440 1785856 2121728 3883008 286523392
75	1085440 1785856 2121728 3883008 286523392
76	1085440 1785856 2121728 3883008 286539776
77	1085440 1785856 2121728 3883008 286408704
78	1085440 1785856 2121728 3883008 286425088
79	1085440 1785856 2121728 3883008 286425088
80	1085440 1785856 2121728 3883008 286539776
81	1085440 1785856 2121728 3883008 286527488
82	1085440 1785856 2121728 3883008 286515200
83	1085440 1785856 2121728 3883008 286388224
84	1085440 1785856 2121728 3883008 286388224
85	1085440 1785856 2121728 3883008 286384128
86	1085440 1785856 2121728 3883008 286408704
87	1085440 1785856 2121728 3883008 286408704
88	1085440 1785856 2121728 3883008 286519296
89	1085440 1785856 2121728 3883008 286515200
90	1085440 1785856 2121728 3883008 286392320
91	1085440 1785856 2121728 3883008 286498816
92	1085440 1785856 2125824 3883008 286289920
93	1085440 1785856 2125824 3883008 286535680
94	1085440 1785856 2125824 3883008 286404608
95	1085440 1785856 2125824 3883008 286666752
96	1085440 1785856 2125824 3883008 286662656
97	1085440 1785856 2125824 3883008 286535680
98	1085440 1785856 2125824 3883008 286371840
99	1085440 1785856 2125824 3883008 286408704
100	1085440 1785856 2125824 3883008 286511104
101	1085440 1785856 2125824 3883008 286404608
102	1085440 1785856 2125824 3883008 286511104
103	1085440 1806336 2125824 3883008 286511104
104	1085440 1785856 2125824 3883008 286384128
105	1085440 1785856 2125824 3883008 286547968
106	1085440 1785856 2125824 3883008 286408704
107	1085440 1785856 2125824 3883008 286539776
108	1085440 1785856 2125824 3883008 286396416
109	1085440 1785856 2125824 3883008 286429184
110	1085440 1785856 2125824 3883008 286560256
111	1085440 1785856 2125824 3883008 286539776
112	1085440 1806336 2125824 3985408 286494720
113	1085440 1785856 2125824 3887104 286384128
114	1085440 1785856 2125824 3887104 286420992
115	1085440 1785856 2125824 3887104 286416896
116	1085440 1785856 2125824 3887104 286347264
117	1085440 1785856 2125824 3887104 286461952
118	1085440 1785856 2125824 3887104 286466048
119	1085440 1785856 2125824 3887104 286277632
120	1085440 1785856 2125824 3887104 286416896
121	1085440 1785856 2125824 3887104 286801920
122	1085440 1785856 2256896 3887104 286670848
123	1085440 1785856 2129920 3887104 286547968
124	1085440 1785856 2129920 3887104 286420992
125	1085440 1785856 2260992 3887104 286416896
126	1085440 1785856 2134016 3887104 286408704
127	1085440 1785856 2134016 3887104 286400512
128	1085440 1785856 2134016 3887104 286539776
129	1085440 1785856 2134016 3887104 286642176
130	1085440 1785856 2134016 3887104 286531584
131	1085440 1814528 2134016 3887104 286404608
132	1085440 1814528 2134016 3891200 286404608
133	1085440 1785856 2134016 3891200 286408704
134	1085440 1785856 2134016 3891200 286527488
135	1085440 1785856 2134016 3891200 286543872
136	1085440 1785856 2134016 3891200 286543872
137	1085440 1785856 2134016 3891200 286408704
138	1085440 1785856 2134016 3891200 286449664
139	1085440 1785856 2134016 3891200 286449664
140	1085440 1785856 2134016 3891200 286498816
141	1085440 1785856 2134016 3891200 286371840
142	1085440 1785856 2134016 3891200 286609408
143	1085440 1785856 2134016 3891200 286625792
144	1085440 1785856 2134016 3891200 286609408
145	1085440 1785856 2134016 3891200 286490624
146	1085440 1785856 2134016 3891200 286621696
147	1085440 1785856 2134016 3891200 286486528
148	1085440 1785856 2134016 3891200 286461952
149	1085440 1785856 2134016 3891200 286445568
150	1085440 1785856 2134016 3891200 286490624
151	1085440 1785856 2134016 3891200 286167040
152	1085440 1785856 2134016 3891200 286695424
153	1085440 1785856 2134016 3891200 286937088
154	1085440 1785856 2138112 3891200 286683136
155	1085440 1785856 2138112 3891200 286564352
156	1085440 1785856 2142208 3891200 286691328
157	1085440 1785856 2142208 3891200 286560256
158	1085440 1785856 2142208 3891200 286429184
159	1085440 1785856 2142208 3891200 286560256
160	1085440 1785856 2142208 3891200 286441472
161	1085440 1785856 2142208 3891200 286560256
162	1085440 1785856 2142208 3891200 286547968
163	1085440 1785856 2142208 3891200 286420992
164	1085440 1785856 2142208 3891200 286535680
165	1085440 1789952 2142208 3891200 286412800
166	1085440 1789952 2142208 3891200 286523392
167	1085440 1789952 2142208 3891200 286515200
168	1085440 1789952 2142208 3891200 286633984
169	1085440 1789952 2142208 3891200 286527488
170	1085440 1789952 2142208 3915776 286621696
171	1085440 1818624 2142208 3915776 286269440
172	1085440 1818624 2142208 3891200 286523392
173	1085440 1818624 2142208 3891200 286642176
174	1085440 1818624 2142208 3891200 286642176
175	1085440 1818624 2142208 3891200 286396416
176	1085440 1818624 2211840 3891200 288595968
177	1085440 1818624 2211840 3891200 288468992
178	1085440 1818624 2142208 3891200 288710656
179	1085440 1818624 2142208 3891200 288579584
180	1085440 1818624 2142208 3891200 288436224
181	1085440 1818624 2142208 3891200 288489472
182	1085440 1818624 2142208 3891200 288600064
183	1085440 1789952 2142208 3891200 288501760
184	1085440 1789952 2142208 3891200 288489472
185	1085440 1789952 2142208 3891200 288751616
186	1085440 1789952 2142208 3891200 288747520
187	1085440 1789952 2142208 3891200 288624640
188	1085440 1789952 2142208 3891200 288575488
189	1085440 1789952 2146304 3891200 288579584
190	1085440 1789952 2146304 3891200 288698368
191	1085440 1789952 2146304 3891200 288813056
192	1085440 1789952 2146304 3891200 288563200
193	1085440 1789952 2146304 3891200 288415744
194	1085440 1789952 2146304 3891200 288505856
195	1085440 1789952 2146304 3891200 288468992
196	1085440 1789952 2146304 3891200 288448512
197	1085440 1789952 2146304 3891200 288620544
198	1085440 1789952 2146304 3891200 288493568
199	1085440 1789952 2146304 3891200 288501760
200	1085440 1789952 2146304 3891200 288477184
201	1085440 1789952 2146304 3891200 288497664
202	1085440 1789952 2146304 3891200 288497664
203	1085440 1789952 2146304 3891200 288616448
204	1085440 1789952 2146304 3891200 288866304
205	1085440 1789952 2146304 3891200 288604160
206	1085440 1789952 2146304 3891200 288501760
207	1085440 1789952 2146304 3891200 288628736
208	1085440 1789952 2146304 3891200 288653312
209	1085440 1789952 2146304 3891200 288653312
210	1085440 1789952 2146304 3891200 288391168
211	1085440 1789952 2146304 3891200 288628736
212	1085440 1789952 2146304 3891200 288595968
213	1085440 1789952 2146304 3891200 288456704
214	1085440 1789952 2146304 3891200 288522240
215	1085440 1789952 2146304 3891200 288530432
216	1085440 1789952 2146304 3891200 288518144
217	1085440 1789952 2146304 3891200 288628736
218	1085440 1789952 2146304 3891200 288706560
219	1085440 1789952 2146304 3891200 288600064
220	1085440 1789952 2146304 3891200 288477184
221	1085440 1789952 2146304 3891200 288514048
222	1085440 1789952 2150400 3891200 288514048
223	1085440 1789952 2150400 3891200 288505856
224	1085440 1789952 2150400 3891200 288612352
225	1085440 1789952 2150400 3891200 288731136
226	1085440 1789952 2150400 3891200 288514048
227	1085440 1789952 2150400 3891200 288636928
228	1085440 1789952 2150400 3891200 288624640
229	1085440 1789952 2150400 3891200 288628736
230	1085440 1789952 2150400 3891200 288501760
231	1085440 1789952 2150400 3891200 288751616
232	1085440 1789952 2150400 3891200 288616448
233	1085440 1789952 2150400 3891200 288612352
234	1085440 1789952 2150400 3891200 288477184
235	1085440 1789952 2150400 3891200 288509952
236	1085440 1789952 2150400 3891200 288489472
237	1085440 1789952 2150400 3891200 288497664
238	1085440 1789952 2150400 3891200 288600064
239	1085440 1789952 2150400 3891200 288735232
240	1085440 1789952 2150400 3891200 288612352
241	1085440 1789952 2150400 3891200 288473088
242	1085440 1789952 2150400 3891200 288477184
243	1085440 1789952 2150400 3891200 288636928
244	1085440 1789952 2150400 3891200 288382976
245	1085440 1789952 2150400 3891200 288653312
246	1085440 1789952 2150400 3891200 288456704
247	1085440 1789952 2150400 3891200 288509952
248	1085440 1789952 2150400 3891200 288616448
249	1085440 1789952 2150400 3891200 288587776
250	1085440 1789952 2150400 3891200 288661504
251	1085440 1789952 2150400 3891200 288518144
252	1085440 1789952 2158592 3891200 288641024
253	1085440 1789952 2158592 3891200 288600064
254	1085440 1789952 2158592 3891200 288587776
255	1085440 1789952 2215936 3891200 288391168
256	1085440 1789952 2162688 3891200 288641024
257	1085440 1789952 2162688 3891200 288509952
258	1085440 1789952 2162688 3891200 288632832
259	1085440 1789952 2162688 3891200 288378880
260	1085440 1789952 2162688 3891200 288473088
261	1085440 1789952 2293760 3891200 288256000
262	1085440 1789952 2310144 3891200 288739328
263	1085440 1789952 2310144 3891200 288489472
264	1085440 1789952 2183168 3891200 288735232
265	1085440 1789952 2183168 3891200 288489472
266	1085440 1789952 2183168 3891200 288477184
267	1085440 1789952 2183168 3891200 288591872
268	1085440 1789952 2183168 3891200 288608256
269	1085440 1789952 2183168 3891200 288387072
270	1085440 1789952 2183168 3891200 288628736
271	1085440 1789952 2183168 3891200 288616448
272	1085440 1789952 2183168 3891200 288391168
273	1085440 1789952 2183168 3891200 288641024
274	1085440 1789952 2183168 3891200 288514048
275	1085440 1789952 2183168 3891200 288657408
276	1085440 1789952 2183168 3891200 288587776
277	1085440 1789952 2183168 3891200 288468992
278	1085440 1789952 2183168 3891200 288509952
279	1085440 1789952 2183168 3891200 288518144
280	1085440 1822720 2183168 3891200 288763904
281	1085440 1789952 2183168 3891200 288600064
282	1085440 1789952 2183168 3891200 288735232
283	1085440 1789952 2183168 3891200 288722944
284	1085440 1789952 2183168 3891200 288739328
285	1085440 1789952 2183168 3891200 288735232
286	1085440 1789952 2183168 3891200 288731136
287	1085440 1789952 2183168 3891200 288595968
288	1085440 1789952 2183168 3891200 288387072
289	1085440 1789952 2187264 3891200 288636928
290	1085440 1789952 2187264 3891200 288636928
291	1085440 1789952 2187264 3891200 288505856
292	1085440 1789952 2187264 3891200 288522240
293	1085440 1789952 2187264 3891200 288501760
294	1085440 1789952 2187264 3891200 288624640
295	1085440 1789952 2187264 3891200 288735232
296	1085440 1789952 2187264 3891200 288632832
297	1085440 1789952 2187264 3891200 288612352
298	1085440 1789952 2187264 3915776 288854016
299	1085440 1789952 2187264 3915776 288722944
300	1085440 1789952 2187264 3891200 288595968
301	1085440 1789952 2187264 3891200 288854016
302	1085440 1789952 2187264 3891200 288858112
303	1085440 1789952 2187264 3891200 288354304
304	1085440 1789952 2187264 3891200 288641024
305	1085440 1789952 2187264 3891200 288530432
306	1085440 1789952 2187264 3891200 288526336
307	1085440 1789952 2187264 3891200 288518144
308	1085440 1789952 2187264 3891200 288768000
309	1085440 1789952 2187264 3891200 288501760
310	1085440 1789952 2187264 3891200 288616448
311	1085440 1789952 2187264 3891200 288768000
312	1085440 1789952 2187264 3891200 288505856
313	1085440 1789952 2187264 3891200 288632832
314	1085440 1789952 2187264 3891200 288616448
315	1085440 1789952 2187264 3891200 288493568
316	1085440 1789952 2187264 3891200 288612352
317	1085440 1789952 2187264 3891200 288595968
318	1085440 1789952 2187264 3891200 288378880
319	1085440 1789952 2187264 3891200 288514048
320	1085440 1789952 2187264 3891200 288628736
321	1085440 1789952 2191360 3891200 288714752
322	1085440 1789952 2191360 3891200 288321536
323	1085440 1789952 2191360 3891200 288641024
324	1085440 1789952 2220032 3891200 288641024
325	1085440 1789952 2220032 3891200 288497664
326	1085440 1789952 2191360 3891200 288518144
327	1085440 1789952 2191360 3891200 288759808
328	1085440 1789952 2191360 3891200 288755712
329	1085440 1789952 2191360 3891200 288370688
330	1085440 1789952 2191360 3891200 288649216
331	1085440 1789952 2191360 3891200 288522240
332	1085440 1789952 2191360 3891200 288522240
333	1085440 1789952 2191360 3891200 288583680
334	1085440 1789952 2191360 3919872 288362496
335	1085440 1789952 2191360 3891200 288604160
336	1085440 1789952 2191360 3891200 288542720
337	1085440 1789952 2191360 3891200 288583680
338	1085440 1789952 2191360 3891200 288694272
339	1085440 1789952 2191360 3891200 288591872
340	1085440 1789952 2191360 3891200 288468992
341	1085440 1789952 2191360 3891200 288591872
342	1085440 1789952 2191360 3891200 288583680
343	1085440 1789952 2191360 3891200 288346112
344	1085440 1789952 2191360 3891200 288624640
345	1085440 1822720 2191360 3891200 288608256
346	1085440 1789952 2191360 3891200 288747520
347	1085440 1822720 2191360 3891200 288620544
348	1085440 1822720 2191360 3891200 288497664
349	1085440 1794048 2191360 3891200 288616448
350	1085440 1794048 2191360 3891200 288358400
351	1085440 1794048 2191360 3891200 288620544
352	1085440 1794048 2322432 3891200 288403456
353	1085440 1794048 2195456 3891200 288780288
354	1085440 1794048 2195456 3891200 288468992
355	1085440 1794048 2195456 3891200 288518144
356	1085440 1794048 2195456 3891200 288600064
357	1085440 1794048 2195456 3891200 288464896
358	1085440 1794048 2224128 3891200 288509952
359	1085440 1794048 2195456 3891200 288624640
360	1085440 1794048 2195456 3891200 288501760
361	1085440 1794048 2195456 3891200 288612352
362	1085440 1794048 2195456 3891200 288620544
363	1085440 1794048 2195456 3891200 288612352
364	1085440 1794048 2359296 3891200 288755712
365	1085440 1794048 2195456 3891200 288505856
366	1085440 1794048 2195456 3891200 288624640
367	1085440 1794048 2195456 3891200 288616448
368	1085440 1794048 2195456 3899392 288739328
369	1085440 1794048 2195456 3899392 288497664
370	1085440 1794048 2195456 3891200 288620544
371	1085440 1794048 2195456 3891200 288485376
372	1085440 1794048 2195456 3891200 288514048
373	1085440 1794048 2195456 3891200 288649216
374	1085440 1794048 2195456 3891200 288620544
375	1085440 1794048 2195456 3891200 288735232
376	1085440 1794048 2195456 3891200 288481280
377	1085440 1794048 2195456 3891200 288514048
378	1085440 1794048 2195456 3891200 288514048
379	1085440 1794048 2195456 3891200 288509952
380	1085440 1794048 2195456 3891200 288493568
381	1085440 1794048 2195456 3891200 288509952
382	1085440 1794048 2195456 3891200 288624640
383	1085440 1794048 2195456 3891200 288608256
384	1085440 1794048 2199552 3891200 288477184
385	1085440 1794048 2199552 3891200 288477184
386	1085440 1794048 2199552 3891200 288501760
387	1085440 1794048 2199552 3891200 288706560
388	1085440 1794048 2199552 3891200 288456704
389	1085440 1794048 2199552 3891200 288706560
390	1085440 1794048 2199552 3891200 288722944
391	1085440 1794048 2199552 3891200 288747520
392	1085440 1794048 2199552 3891200 288497664
393	1085440 1794048 2199552 3891200 288522240
394	1085440 1794048 2199552 3891200 288583680
395	1085440 1794048 2199552 3891200 288718848
396	1085440 1794048 2199552 3891200 288575488
397	1085440 1794048 2199552 3891200 288567296
398	1085440 1794048 2199552 3891200 288702464
399	1085440 1794048 2199552 3891200 288460800
400	1085440 1794048 2199552 3891200 288575488
401	1085440 1794048 2199552 3891200 288587776
402	1085440 1794048 2199552 3891200 288710656
403	1085440 1794048 2199552 3891200 288567296
404	1085440 1794048 2199552 3891200 288481280
405	1085440 1794048 2199552 3891200 288604160
406	1085440 1794048 2199552 3891200 288624640
407	1085440 1794048 2199552 3891200 288620544
408	1085440 1794048 2199552 3891200 288497664
409	1085440 1794048 2199552 3891200 288522240
410	1085440 1794048 2199552 3891200 288522240
411	1085440 1794048 2199552 3891200 288649216
412	1085440 1794048 2199552 3891200 288616448
413	1085440 1794048 2203648 3891200 288497664
414	1085440 1794048 2203648 3891200 288751616
415	1085440 1794048 2203648 3891200 288493568
416	1085440 1794048 2203648 3891200 288518144
417	1085440 1794048 2203648 3891200 288612352
418	1085440 1794048 2203648 3891200 288612352
419	1085440 1794048 2203648 3891200 288616448
420	1085440 1794048 2203648 3907584 288481280
421	1085440 1794048 2203648 3891200 288526336
422	1085440 1794048 2203648 3891200 288522240
423	1085440 1794048 2203648 3891200 288653312
424	1085440 1794048 2203648 3891200 288514048
425	1085440 1794048 2203648 3911680 288505856
426	1085440 1794048 2203648 3891200 288645120
427	1085440 1794048 2203648 3891200 288493568
428	1085440 1794048 2203648 3891200 288509952
429	1085440 1794048 2203648 3891200 288653312
430	1085440 1794048 2203648 3891200 288624640
431	1085440 1794048 2203648 3891200 288493568
432	1085440 1794048 2203648 3891200 288489472
433	1085440 1794048 2203648 3891200 288747520
434	1085440 1794048 2203648 3891200 288501760
435	1085440 1794048 2203648 3891200 288763904
436	1085440 1794048 2203648 3891200 288878592
437	1085440 1794048 2203648 3891200 288636928
438	1085440 1794048 2203648 3891200 288481280
439	1085440 1794048 2203648 3891200 288600064
440	1085440 1794048 2203648 3919872 288468992
441	1085440 1794048 2203648 3919872 288604160
442	1085440 1794048 2203648 3891200 288473088
443	1085440 1794048 2203648 3891200 288501760
444	1085440 1794048 2207744 3891200 288489472
445	1085440 1794048 2207744 3891200 288612352
446	1085440 1794048 2207744 3891200 288501760
447	1085440 1794048 2207744 3891200 288616448
448	1085440 1794048 2207744 3891200 288616448
449	1085440 1794048 2207744 3891200 288595968
450	1085440 1794048 2207744 3891200 288583680
451	1085440 1794048 2207744 3891200 288702464
452	1085440 1794048 2207744 3891200 288714752
453	1085440 1794048 2207744 3891200 288608256
454	1085440 1794048 2207744 3891200 288604160
455	1085440 1794048 2207744 3891200 288583680
456	1085440 1794048 2207744 3891200 288591872
457	1085440 1794048 2207744 3891200 288387072
458	1085440 1794048 2207744 3891200 288649216
459	1085440 1794048 2207744 3891200 288522240
460	1085440 1794048 2207744 3891200 288620544
461	1085440 1794048 2207744 3891200 288485376
462	1085440 1794048 2207744 3891200 288522240
463	1085440 1794048 2207744 3891200 288518144
464	1085440 1794048 2207744 3891200 288628736
465	1085440 1794048 2207744 3891200 288501760
466	1085440 1794048 2207744 3891200 288751616
467	1085440 1794048 2207744 3891200 288624640
468	1085440 1794048 2207744 3891200 288624640
469	1085440 1794048 2207744 3891200 288493568
470	1085440 1794048 2207744 3891200 288616448
471	1085440 1794048 2207744 3891200 288624640
472	1085440 1794048 2207744 3891200 288493568
473	1085440 1794048 2207744 3891200 288522240
474	1085440 1794048 2207744 3891200 288649216
475	1085440 1794048 2207744 3891200 288620544
476	1085440 1794048 2207744 3891200 288608256
477	1085440 1794048 2207744 3895296 288624640
478	1085440 1794048 2211840 3891200 288387072
479	1085440 1794048 2211840 3891200 288632832
480	1085440 1794048 2211840 3891200 288595968
481	1085440 1794048 2211840 3891200 288493568
482	1085440 1794048 2211840 3891200 288526336
483	1085440 1794048 2211840 3891200 288530432
484	1085440 1794048 2211840 3891200 288518144
485	1085440 1794048 2211840 3891200 288645120
486	1085440 1794048 2211840 3891200 288522240
487	1085440 1794048 2211840 3891200 288534528
488	1085440 1794048 2211840 3891200 288714752
489	1085440 1794048 2211840 3891200 288575488
490	1085440 1794048 2211840 3891200 288604160
491	1085440 1794048 2211840 3891200 288468992
492	1085440 1794048 2211840 3903488 288509952
493	1085440 1794048 2211840 3915776 288636928
494	1085440 1794048 2211840 3891200 288747520
495	1085440 1794048 2211840 3891200 288722944
496	1085440 1794048 2211840 3891200 288706560
497	1085440 1794048 2211840 3891200 288448512
498	1085440 1794048 2211840 3891200 288530432
499	1085440 1794048 2211840 3891200 288575488
500	1085440 1794048 2211840 3891200 288452608
501	1085440 1794048 2211840 3891200 288522240
502	1085440 1794048 2211840 3891200 288649216
503	1085440 1794048 2211840 3891200 288522240
504	1085440 1794048 2211840 3891200 288636928
505	1085440 1794048 2211840 3891200 288645120
506	1085440 1794048 2211840 3891200 288645120
507	1085440 1794048 2211840 3891200 288624640
508	1085440 1794048 2211840 3891200 288583680
509	1085440 1794048 2211840 3891200 288382976
510	1085440 1794048 2215936 3891200 288755712
511	1085440 1794048 2215936 3891200 288628736
512	1085440 1794048 2215936 3891200 288751616
513	1085440 1794048 2215936 3891200 288616448
514	1085440 1794048 2215936 3891200 288514048
515	1085440 1794048 2215936 3891200 288526336
516	1085440 1794048 2215936 3891200 288784384
517	1085440 1794048 2215936 3891200 288653312
518	1085440 1794048 2215936 3891200 288522240
519	1085440 1794048 2215936 3891200 288636928
520	1085440 1794048 2215936 3891200 288657408
521	1085440 1794048 2215936 3891200 288641024
522	1085440 1794048 2215936 3891200 288768000
523	1085440 1794048 2215936 3891200 288641024
524	1085440 1794048 2215936 3891200 288632832
525	1085440 1794048 2215936 3891200 288604160
526	1085440 1794048 2215936 3891200 288735232
527	1085440 1794048 2215936 3891200 288727040
528	1085440 1794048 2215936 3891200 288710656
529	1085440 1794048 2215936 3891200 288595968
530	1085440 1794048 2215936 3891200 288743424
531	1085440 1794048 2215936 3891200 288595968
532	1085440 1794048 2215936 3923968 288620544
533	1085440 1794048 2215936 3891200 288608256
534	1085440 1794048 2215936 3891200 288591872
535	1085440 1798144 2215936 3891200 288600064
536	1085440 1798144 2215936 3891200 288600064
537	1085440 1798144 2215936 3891200 288399360
538	1085440 1798144 2215936 3891200 288522240
539	1085440 1798144 2215936 3891200 288649216
540	1085440 1798144 2215936 3891200 288776192
541	1085440 1798144 2215936 3891200 288657408
542	1085440 1798144 2215936 3895296 288649216
543	1085440 1798144 2215936 3923968 288661504
544	1085440 1798144 2220032 3895296 288747520
545	1085440 1798144 2220032 3895296 288694272
546	1085440 1798144 2220032 3895296 288604160
547	1085440 1798144 2220032 3895296 288706560
548	1085440 1798144 2220032 3895296 288501760
549	1085440 1798144 2220032 3895296 288493568
550	1085440 1798144 2220032 3895296 288493568
551	1085440 1798144 2220032 3895296 288620544
552	1085440 1798144 2220032 3895296 288624640
553	1085440 1798144 2220032 3895296 288620544
554	1085440 1798144 2220032 3895296 288608256
555	1085440 1798144 2220032 3895296 288612352
556	1085440 1798144 2220032 3895296 288755712
557	1085440 1798144 2220032 3895296 288555008
558	1085440 1798144 2220032 3895296 288526336
559	1085440 1798144 2220032 3895296 288632832
560	1085440 1798144 2351104 3895296 288661504
561	1085440 1798144 2351104 3895296 288870400
562	1085440 1798144 2351104 3895296 288784384
563	1085440 1798144 2228224 3895296 288804864
564	1085440 1798144 2228224 3895296 288681984
565	1085440 1798144 2228224 3895296 288788480
566	1085440 1798144 2228224 3895296 288542720
567	1085440 1798144 2228224 3895296 288665600
568	1085440 1798144 2228224 3895296 288763904
569	1085440 1798144 2228224 3895296 288645120
570	1085440 1798144 2228224 3895296 288727040
571	1085440 1798144 2228224 3895296 288591872
572	1085440 1798144 2228224 3895296 288616448
573	1085440 1798144 2228224 3895296 288612352
574	1085440 1798144 2228224 3895296 288575488
575	1085440 1798144 2228224 3895296 288628736
576	1085440 1798144 2228224 3895296 288583680
577	1085440 1798144 2232320 3895296 288653312
578	1085440 1798144 2232320 3895296 288616448
579	1085440 1798144 2232320 3895296 288395264
580	1085440 1798144 2232320 3895296 288641024
581	1085440 1798144 2232320 3895296 288641024
582	1085440 1798144 2232320 3895296 288768000
583	1085440 1798144 2232320 3895296 288436224
584	1085440 1798144 2232320 3895296 288649216
585	1085440 1798144 2232320 3923968 288649216
586	1085440 1798144 2232320 3923968 288632832
587	1085440 1798144 2232320 3923968 288489472
588	1085440 1798144 2232320 3923968 288505856
589	1085440 1798144 2232320 3923968 288768000
590	1085440 1798144 2232320 3923968 288514048
591	1085440 1798144 2232320 3923968 288583680
592	1085440 1798144 2232320 3923968 288882688
593	1085440 1798144 2232320 3895296 288776192
594	1085440 1798144 2232320 3895296 288501760
595	1085440 1798144 2232320 3895296 288641024
596	1085440 1798144 2232320 3895296 288501760
597	1085440 1798144 2232320 3895296 288743424
598	1085440 1798144 2232320 3895296 288649216
599	1085440 1798144 2232320 3895296 288649216
600	1085440 1798144 2232320 3895296 288649216
601	1085440 1798144 2232320 3895296 288636928
602	1085440 1798144 2232320 3895296 288620544
603	1085440 1798144 2232320 3895296 288645120
604	1085440 1798144 2232320 3923968 288776192
605	1085440 1798144 2232320 3923968 288641024
606	1085440 1835008 2232320 3923968 288751616
607	1085440 1798144 2232320 3895296 288759808
608	1085440 1798144 2232320 3895296 288628736
609	1085440 1798144 2236416 3895296 288509952
610	1085440 1798144 2236416 3895296 288518144
611	1085440 1798144 2236416 3895296 288509952
612	1085440 1798144 2236416 3895296 288530432
613	1085440 1798144 2236416 3899392 288763904
614	1085440 1798144 2236416 3899392 288768000
615	1085440 1798144 2236416 3899392 288636928
616	1085440 1798144 2236416 3899392 288628736
617	1134592 1835008 3833856 3923968 288747520
618	1134592 1835008 3833856 3923968 288755712
619	1134592 1835008 3833856 3923968 288882688
620	1134592 1835008 3866624 3923968 288731136
621	1134592 1835008 3833856 3923968 288477184
622	1134592 1839104 3866624 286425088 288645120
623	1134592 1839104 3866624 286408704 288522240
624	1134592 1839104 3661824 288444416 288522240
625	1134592 2236416 3932160 288448512 288768000
626	1134592 2236416 286662656 288350208 288727040
627	1134592 2125824 3661824 288276480 288342016
628	1134592 2125824 2236416 3661824 3661824
629	1228800 2125824 2236416 3661824 3661824
630	1359872 2252800 2347008 3661824 3661824
631	1359872 2252800 2347008 3661824 3661824
632	1359872 2252800 2347008 3616768 3616768
633	1359872 2252800 2347008 3616768 3616768
634	1359872 2252800 2347008 3616768 3616768
635	1359872 2252800 2347008 3616768 3616768
636	1359872 2252800 2347008 3616768 3616768
637	1359872 2252800 2347008 3616768 3616768
638	1359872 2252800 2347008 3616768 3616768
639	1359872 2252800 2347008 3616768 3616768
640	1359872 2252800 2347008 3616768 3616768
641	1359872 2252800 2347008 3616768 3616768
642	1359872 2252800 2347008 3616768 3616768
643	2347008 2347008 3616768 3616768 3616768
644	3616768 3616768 3616768 3616768 3616768
